time,ego_x,ego_y,yaw,cone0_x,cone0_y,cone0_min_dist,cone1_x,cone1_y,cone1_min_dist,cone2_x,cone2_y,cone2_min_dist,speed_car,broken_car_color0,broken_car_color1,broken_car_color2,min_distance_cones
0,31.93280140610262,14.915167399719676,-3.1144132204523465,-8.375491970391323,18.012946023140678,38.45032968647049,-7.304199678938895,16.573654578855127,37.417709460650514,-9.281584773333625,19.222732741973402,39.35170127772887,0.00646147936219003,0.7223996960754628,0.2712765703335647,0.013824446817253089,37.417709460650514
1,31.929190827008682,14.915215765522301,-3.1143536821439484,-8.375491970391323,18.012946023140678,38.44648935324135,-7.304199678938895,16.573654578855127,37.41393104224947,-9.281584773333625,19.222732741973402,39.34786242280047,0.11159920974035832,0.7223996960754628,0.2712765703335647,0.013824446817253089,37.41393104224947
2,31.922090072303007,14.915261644362143,-3.1144541614239216,-8.375491970391323,18.012946023140678,38.439781373373314,-7.304199678938895,16.573654578855127,37.40712383139632,-9.281584773333625,19.222732741973402,39.341146328698606,0.21571231412139594,0.7223996960754628,0.2712765703335647,0.013824446817253089,37.40712383139632
3,31.910806275037487,14.915294171396496,-3.1146995837643816,-8.375491970391323,18.012946023140678,38.42945430029777,-7.304199678938895,16.573654578855127,37.39655173249516,-9.281584773333625,19.222732741973402,39.330802669934535,0.3411787285662695,0.7223996960754628,0.2712765703335647,0.013824446817253089,37.39655173249516
4,31.895209912492316,14.915362825015471,-3.11507090663079,-8.375491970391323,18.012946023140678,38.41530578266596,-7.304199678938895,16.573654578855127,37.382032291887185,-9.281584773333625,19.222732741973402,39.316628633543125,0.47106815365887733,0.7223996960754628,0.2712765703335647,0.013824446817253089,37.382032291887185
5,31.875260028007354,14.915528626976979,-3.115558968017525,-8.375491970391323,18.012946023140678,38.39726072213452,-7.304199678938895,16.573654578855127,37.36350040676016,-9.281584773333625,19.222732741973402,39.298547737174665,0.6030765391738815,0.7223996960754628,0.2712765703335647,0.013824446817253089,37.36350040676016
6,31.850928160875036,14.91585485593824,-3.1162002997941225,-8.375491970391323,18.012946023140678,38.37543436642739,-7.304199678938895,16.573654578855127,37.34103504920684,-9.281584773333625,19.222732741973402,39.276671137901296,0.7375346381011996,0.7223996960754628,0.2712765703335647,0.013824446817253089,37.34103504920684
7,31.82222956621843,14.916380903520484,-3.1170188159687258,-8.375491970391323,18.012946023140678,38.3499364130045,-7.304199678938895,16.573654578855127,37.31472214212698,-9.281584773333625,19.222732741973402,39.25110592263936,0.8736219059188057,0.7223996960754628,0.2712765703335647,0.013824446817253089,37.31472214212698
8,31.790293876988994,14.91716217023994,-3.1180089140663494,-8.375491970391323,18.012946023140678,38.3218764518549,-7.304199678938895,16.573654578855127,37.285256113973965,-9.281584773333625,19.222732741973402,39.222960416194915,0.9803738917141388,0.7223996960754628,0.2712765703335647,0.013824446817253089,37.285256113973965
9,31.755821947902646,14.918015662994833,-3.1191493571485873,-8.375491970391323,18.012946023140678,38.291869867706346,-7.304199678938895,16.573654578855127,37.25347339135606,-9.281584773333625,19.222732741973402,39.19285705025309,1.0677453982295835,0.7223996960754628,0.2712765703335647,0.013824446817253089,37.25347339135606
10,31.718775634620272,14.918856521623285,-3.120399928067206,-8.375491970391323,18.012946023140678,38.25972106560284,-7.304199678938895,16.573654578855127,37.21937719509929,-9.281584773333625,19.222732741973402,39.16060520654658,1.1563953778325224,0.7223996960754628,0.2712765703335647,0.013824446817253089,37.21937719509929
11,31.67956367386851,14.919279076360766,-3.1217480814615133,-8.375491970391323,18.012946023140678,38.22578237515816,-7.304199678938895,16.573654578855127,37.18334035068292,-9.281584773333625,19.222732741973402,39.126570736491466,1.231031133800336,0.7223996960754628,0.2712765703335647,0.013824446817253089,37.18334035068292
12,31.63815896090888,14.91919468292598,-3.1232211526050984,-8.375491970391323,18.012946023140678,38.190132226857806,-7.304199678938895,16.573654578855127,37.145399020438774,-9.281584773333625,19.222732741973402,39.09083334912823,1.3065089934333138,0.7223996960754628,0.2712765703335647,0.013824446817253089,37.145399020438774
13,31.594760529106185,14.918632720618564,-3.124812333402462,-8.375491970391323,18.012946023140678,38.15294450766264,-7.304199678938895,16.573654578855127,37.10573761987217,-9.281584773333625,19.222732741973402,39.053566504219226,1.3752081993253351,0.7223996960754628,0.2712765703335647,0.013824446817253089,37.10573761987217
14,31.54996214488971,14.917351129499167,-3.126481170569334,-8.375491970391323,18.012946023140678,38.11465069148034,-7.304199678938895,16.573654578855127,37.06485111633646,-9.281584773333625,19.222732741973402,39.01521175983492,1.4220489917112953,0.7223996960754628,0.2712765703335647,0.013824446817253089,37.06485111633646
15,31.503359659501204,14.915428150842699,-3.128304968782195,-8.375491970391323,18.012946023140678,38.074954004477405,-7.304199678938895,16.573654578855127,37.02251970483497,-9.281584773333625,19.222732741973402,38.975662852807886,1.4800815767573052,0.7223996960754628,0.2712765703335647,0.013824446817253089,37.02251970483497
16,31.45509816080647,14.913090815664203,-3.1302261322465754,-8.375491970391323,18.012946023140678,38.03315902107682,-7.304199678938895,16.573654578855127,36.978757937357194,-9.281584773333625,19.222732741973402,38.934841579784,1.5319324825283767,0.7223996960754628,0.2712765703335647,0.013824446817253089,36.978757937357194
17,31.405039113682374,14.910474086471515,-3.132240485084972,-8.375491970391323,18.012946023140678,37.989886081690926,-7.304199678938895,16.573654578855127,36.93248982962352,-9.281584773333625,19.222732741973402,38.8925927898351,1.5869356817594602,0.7223996960754628,0.2712765703335647,0.013824446817253089,36.93248982962352
18,31.353230400806737,14.907825067629084,-3.1342683519265835,-8.375491970391323,18.012946023140678,37.94491622615352,-7.304199678938895,16.573654578855127,36.88437337283451,-9.281584773333625,19.222732741973402,38.84865452513367,1.6391150594513781,0.7223996960754628,0.2712765703335647,0.013824446817253089,36.88437337283451
19,31.29946385993833,14.905261194234257,-3.136329545867616,-8.375491970391323,18.012946023140678,37.89810933375604,-7.304199678938895,16.573654578855127,36.834367799758745,-9.281584773333625,19.222732741973402,38.80289415453666,1.6975586138725662,0.7223996960754628,0.2712765703335647,0.013824446817253089,36.834367799758745
20,31.243826421419612,14.902834981345505,-3.138350331433079,-8.375491970391323,18.012946023140678,37.849303081716634,-7.304199678938895,16.573654578855127,36.78242530777934,-9.281584773333625,19.222732741973402,38.75511267588781,1.7528387968547143,0.7223996960754628,0.2712765703335647,0.013824446817253089,36.78242530777934
21,31.186301874906686,14.901022674427509,-3.140240396350169,-8.375491970391323,18.012946023140678,37.79817772480763,-7.304199678938895,16.573654578855127,36.72836525044858,-9.281584773333625,19.222732741973402,38.704937942062024,1.8082421426645197,0.7223996960754628,0.2712765703335647,0.013824446817253089,36.72836525044858
22,31.12670398595997,14.89975311779215,3.141086048072562,-8.375491970391323,18.012946023140678,37.744447736831184,-7.304199678938895,16.573654578855127,36.67218311937658,-9.281584773333625,19.222732741973402,38.65256943181787,1.8704198288548697,0.7223996960754628,0.2712765703335647,0.013824446817253089,36.67218311937658
23,31.064943123631455,14.898969138629823,3.1392633130620498,-8.375491970391323,18.012946023140678,37.68790211690005,-7.304199678938895,16.573654578855127,36.613779715525226,-9.281584773333625,19.222732741973402,38.597898717451216,1.935989455506413,0.7223996960754628,0.2712765703335647,0.013824446817253089,36.613779715525226
24,31.00097549628922,14.89862362512898,3.137481293108709,-8.375491970391323,18.012946023140678,37.62903641701189,-7.304199678938895,16.573654578855127,36.55228997494422,-9.281584773333625,19.222732741973402,38.54086435961189,2.003369979884146,0.7223996960754628,0.2712765703335647,0.013824446817253089,36.55228997494422
25,30.934760497569613,14.89867414230386,3.1357384221475995,-8.375491970391323,18.012946023140678,37.567814452755165,-7.304199678938895,16.573654578855127,36.488358203340546,-9.281584773333625,19.222732741973402,38.48143194872941,2.0723761585987788,0.7223996960754628,0.2712765703335647,0.013824446817253089,36.488358203340546
26,30.866262494764996,14.899079703697364,3.1340214853598214,-8.375491970391323,18.012946023140678,37.50423845139845,-7.304199678938895,16.573654578855127,36.42211163989833,-9.281584773333625,19.222732741973402,38.41961742745466,2.1427900336598755,0.7223996960754628,0.2712765703335647,0.013824446817253089,36.42211163989833
27,30.795460881037826,14.899802314625122,3.1323208310190225,-8.375491970391323,18.012946023140678,37.43831558166084,-7.304199678938895,16.573654578855127,36.35354256512674,-9.281584773333625,19.222732741973402,38.35543801399738,2.2141021684486586,0.7223996960754628,0.2712765703335647,0.013824446817253089,36.35354256512674
28,30.7223458255661,14.9007424838692,3.130596450721935,-8.375491970391323,18.012946023140678,37.37015156251583,-7.304199678938895,16.573654578855127,36.28269478398463,-9.281584773333625,19.222732741973402,38.2890408834408,2.285880155417074,0.7223996960754628,0.2712765703335647,0.013824446817253089,36.28269478398463
29,30.64691311574684,14.901903947265367,3.1288476757981885,-8.375491970391323,18.012946023140678,37.29974435216711,-7.304199678938895,16.573654578855127,36.20956520873734,-9.281584773333625,19.222732741973402,38.220424648628295,2.3579864520711986,0.7223996960754628,0.2712765703335647,0.013824446817253089,36.20956520873734
30,30.570896452457234,14.90332274321791,3.1268835349889503,-8.375491970391323,18.012946023140678,37.22838033430293,-7.304199678938895,16.573654578855127,36.13614073277682,-9.281584773333625,19.222732741973402,38.15206903296473,2.376836160655719,0.7223996960754628,0.2712765703335647,0.013824446817253089,36.13614073277682
31,30.492876499991635,14.904813580122227,3.1250282115342296,-8.375491970391323,18.012946023140678,37.15469294410979,-7.304199678938895,16.573654578855127,36.06034881219213,-9.281584773333625,19.222732741973402,38.08129104741836,2.438856049816273,0.7223996960754628,0.2712765703335647,0.013824446817253089,36.06034881219213
32,30.412563857227326,14.906504361382853,3.1231549018084515,-8.375491970391323,18.012946023140678,37.078757992339405,-7.304199678938895,16.573654578855127,35.981498245100255,-9.281584773333625,19.222732741973402,38.00750679779038,2.510524334022348,0.7223996960754628,0.2712765703335647,0.013824446817253089,35.981498245100255
33,30.329798806346044,14.908356490988165,3.1212395289059076,-8.375491970391323,18.012946023140678,37.00047337481829,-7.304199678938895,16.573654578855127,35.9002321024283,-9.281584773333625,19.222732741973402,37.93118698586371,2.587265630510931,0.7223996960754628,0.2712765703335647,0.013824446817253089,35.9002321024283
34,30.244597501311034,14.910362535557661,3.1193277989107497,-8.375491970391323,18.012946023140678,36.9197482036668,-7.304199678938895,16.573654578855127,35.81653066982237,-9.281584773333625,19.222732741973402,37.85242243801857,2.6635209690842943,0.7223996960754628,0.2712765703335647,0.013824446817253089,35.81653066982237
35,30.15664747256631,14.912687991319201,3.117465719121538,-8.375491970391323,18.012946023140678,36.83615834706092,-7.304199678938895,16.573654578855127,35.73004084682599,-9.281584773333625,19.222732741973402,37.770741138255886,2.7494588718521684,0.7223996960754628,0.2712765703335647,0.013824446817253089,35.73004084682599
36,30.06604320954745,14.915222611962388,3.115638773745619,-8.375491970391323,18.012946023140678,36.74983422722974,-7.304199678938895,16.573654578855127,35.64087086493042,-9.281584773333625,19.222732741973402,37.68628883712115,2.832352108983216,0.7223996960754628,0.2712765703335647,0.013824446817253089,35.64087086493042
37,29.972799323614584,14.917962719377966,3.113843984035894,-8.375491970391323,18.012946023140678,36.659925544016644,-7.304199678938895,16.573654578855127,35.54903750992625,-9.281584773333625,19.222732741973402,37.59908999427259,2.9148660483034483,0.7223996960754628,0.2712765703335647,0.013824446817253089,35.54903750992625
38,29.8769261109549,14.920911030254503,3.1120822296618464,-8.375491970391323,18.012946023140678,36.56722335423237,-7.304199678938895,16.573654578855127,35.45455002124875,-9.281584773333625,19.222732741973402,37.50915155723591,2.997136582185798,0.7223996960754628,0.2712765703335647,0.013824446817253089,35.45455002124875
39,29.778436209349984,14.924069124997558,3.1103561191802225,-8.375491970391323,18.012946023140678,36.4718394555662,-7.304199678938895,16.573654578855127,35.35667289073439,-9.281584773333625,19.222732741973402,37.41580952861281,3.0790788026321203,0.7223996960754628,0.2712765703335647,0.013824446817253089,35.35667289073439
40,29.67734189919205,14.9274385268067,3.1086677159801384,-8.375491970391323,18.012946023140678,36.373781968703916,-7.304199678938895,16.573654578855127,35.25598672563825,-9.281584773333625,19.222732741973402,37.319485672248135,3.160695669432776,0.7223996960754628,0.2712765703335647,0.013824446817253089,35.25598672563825
41,29.573651417378052,14.931022366869438,3.1070170666700876,-8.375491970391323,18.012946023140678,36.27305860802951,-7.304199678938895,16.573654578855127,35.15269291080789,-9.281584773333625,19.222732741973402,37.2204566717185,3.2421083558080968,0.7223996960754628,0.2712765703335647,0.013824446817253089,35.15269291080789
42,29.46736911737705,14.934825319852251,3.1054081438456316,-8.375491970391323,18.012946023140678,36.16966594430268,-7.304199678938895,16.573654578855127,35.04679418650108,-9.281584773333625,19.222732741973402,37.118714989018386,3.3234264559454205,0.7223996960754628,0.2712765703335647,0.013824446817253089,35.04679418650108
43,29.358495239653255,14.938852787566157,3.1038433711593667,-8.375491970391323,18.012946023140678,36.06359923233338,-7.304199678938895,16.573654578855127,34.938289561079,-9.281584773333625,19.222732741973402,37.01425335813782,3.4047695317026334,0.7223996960754628,0.2712765703335647,0.013824446817253089,34.938289561079
44,29.249747314938745,14.94260980862151,3.1022163358261428,-8.375491970391323,18.012946023140678,35.95778666614878,-7.304199678938895,16.573654578855127,34.829943189431006,-9.281584773333625,19.222732741973402,36.91011077218112,3.4038147102275262,0.7223996960754628,0.2712765703335647,0.013824446817253089,34.829943189431006
45,29.143430041988132,14.946948513441402,3.100803992948472,-8.375491970391323,18.012946023140678,35.85339504141854,-7.304199678938895,16.573654578855127,34.72394694793297,-9.281584773333625,19.222732741973402,36.80776373765848,3.3346526694286585,0.7223996960754628,0.2712765703335647,0.013824446817253089,34.72394694793297
46,29.039119821173784,14.951590557852388,3.0994525497978658,-8.375491970391323,18.012946023140678,35.75074853179835,-7.304199678938895,16.573654578855127,34.61993123208114,-9.281584773333625,19.222732741973402,36.70723993221038,3.276436386202551,0.7223996960754628,0.2712765703335647,0.013824446817253089,34.61993123208114
47,28.935593437279223,14.956311408094418,3.09813773104928,-8.375491970391323,18.012946023140678,35.648836665326385,-7.304199678938895,16.573654578855127,34.51668863941961,-9.281584773333625,19.222732741973402,36.60730792566855,3.2533821698972933,0.7223996960754628,0.2712765703335647,0.013824446817253089,34.51668863941961
48,28.829989393668892,14.961203572670533,3.096813831911037,-8.375491970391323,18.012946023140678,35.5448565220368,-7.304199678938895,16.573654578855127,34.41089406133037,-9.281584773333625,19.222732741973402,36.50468813767986,3.3166158928315594,0.7223996960754628,0.2712765703335647,0.013824446817253089,34.41089406133037
49,28.721149174884975,14.966524133327995,3.0955072346636463,-8.375491970391323,18.012946023140678,35.437604236760684,-7.304199678938895,16.573654578855127,34.30160576805251,-9.281584773333625,19.222732741973402,36.3987774213412,3.4137472744846984,0.7223996960754628,0.2712765703335647,0.013824446817253089,34.30160576805251
50,28.609237257803194,14.972134881091224,3.0943024145926854,-8.375491970391323,18.012946023140678,35.32713911654405,-7.304199678938895,16.573654578855127,34.189262514596976,-9.281584773333625,19.222732741973402,36.28954880015538,3.5055671556946497,0.7223996960754628,0.2712765703335647,0.013824446817253089,34.189262514596976
51,28.494241357826695,14.977977047658133,3.093191928953438,-8.375491970391323,18.012946023140678,35.213460788105635,-7.304199678938895,16.573654578855127,34.07385261284247,-9.281584773333625,19.222732741973402,36.177009755055764,3.598439714135372,0.7223996960754628,0.2712765703335647,0.013824446817253089,34.07385261284247
52,28.3761199233743,14.984022525978832,3.092159570999995,-8.375491970391323,18.012946023140678,35.09654990401428,-7.304199678938895,16.573654578855127,33.9553316049088,-9.281584773333625,19.222732741973402,36.0611576880788,3.6928361893862673,0.7223996960754628,0.2712765703335647,0.013824446817253089,33.9553316049088
53,28.25480952583099,14.990267990353706,3.0911913250955103,-8.375491970391323,18.012946023140678,34.976361370971475,-7.304199678938895,16.573654578855127,33.83363258783578,-9.281584773333625,19.222732741973402,35.94196191909324,3.7889913184912327,0.7223996960754628,0.2712765703335647,0.013824446817253089,33.83363258783578
54,28.130233591242302,14.996721155610075,3.0902766412372844,-8.375491970391323,18.012946023140678,34.85283198630326,-7.304199678938895,16.573654578855127,33.70867589896196,-9.281584773333625,19.222732741973402,35.81937006126835,3.887028650935492,0.7223996960754628,0.2712765703335647,0.013824446817253089,33.70867589896196
55,28.00231028503696,15.003394679228462,3.089412027822949,-8.375491970391323,18.012946023140678,34.72588378769366,-7.304199678938895,16.573654578855127,33.5803780919858,-9.281584773333625,19.222732741973402,35.69330770247731,3.9870155756667636,0.7223996960754628,0.2712765703335647,0.013824446817253089,33.5803780919858
56,27.872011833926603,15.010012492678973,3.088597144486789,-8.375491970391323,18.012946023140678,34.59650091496361,-7.304199678938895,16.573654578855127,33.449723878688204,-9.281584773333625,19.222732741973402,35.5647601888517,4.0555236822736145,0.7223996960754628,0.2712765703335647,0.013824446817253089,33.449723878688204
57,27.73994619680751,15.016664692965517,3.0877810165727366,-8.375491970391323,18.012946023140678,34.465220932631865,-7.304199678938895,16.573654578855127,33.317303963152774,-9.281584773333625,19.222732741973402,35.43445013388982,4.105340977017864,0.7223996960754628,0.2712765703335647,0.013824446817253089,33.317303963152774
58,27.607485317095176,15.022693259040958,3.086727022631597,-8.375491970391323,18.012946023140678,34.33346973545204,-7.304199678938895,16.573654578855127,33.184468376139264,-9.281584773333625,19.222732741973402,35.30433864572744,4.115183461682262,0.7223996960754628,0.2712765703335647,0.013824446817253089,33.184468376139264
59,27.474583609477826,15.02867438648448,3.0856675251570613,-8.375491970391323,18.012946023140678,34.20128774172135,-7.304199678938895,16.573654578855127,33.05119570197854,-9.281584773333625,19.222732741973402,35.17380421496072,4.128208345558273,0.7223996960754628,0.2712765703335647,0.013824446817253089,33.05119570197854
60,27.3412542859432,15.034714597961477,3.0846409862812325,-8.375491970391323,18.012946023140678,34.06865117693494,-7.304199678938895,16.573654578855127,32.91750230852842,-9.281584773333625,19.222732741973402,35.042763890368384,4.141933601491905,0.7223996960754628,0.2712765703335647,0.013824446817253089,32.91750230852842
61,27.207620112075247,15.040797489233947,3.0836386651834884,-8.375491970391323,18.012946023140678,33.9356903443876,-7.304199678938895,16.573654578855127,32.783509526523915,-9.281584773333625,19.222732741973402,34.910913699609566,4.153014797963807,0.7223996960754628,0.2712765703335647,0.013824446817253089,32.783509526523915
62,27.073736471198828,15.046956267960306,3.0826716243247083,-8.375491970391323,18.012946023140678,33.802449560257756,-7.304199678938895,16.573654578855127,32.64913566533423,-9.281584773333625,19.222732741973402,34.77867404684759,4.163448899833864,0.7223996960754628,0.2712765703335647,0.013824446817253089,32.64913566533423
63,26.93961885502149,15.053236109723201,3.08175413339355,-8.375491970391323,18.012946023140678,33.66892996361753,-7.304199678938895,16.573654578855127,32.51419767742283,-9.281584773333625,19.222732741973402,34.64610433802238,4.174266221391034,0.7223996960754628,0.2712765703335647,0.013824446817253089,32.51419767742283
64,26.805266812452683,15.059682834341261,3.0809010483082173,-8.375491970391323,18.012946023140678,33.53511619064573,-7.304199678938895,16.573654578855127,32.37906515623564,-9.281584773333625,19.222732741973402,34.5131737887417,4.185714748742948,0.7223996960754628,0.2712765703335647,0.013824446817253089,32.37906515623564
65,26.670670441841274,15.06633806694883,3.0801253178557366,-8.375491970391323,18.012946023140678,33.40098515704179,-7.304199678938895,16.573654578855127,32.24373498703729,-9.281584773333625,19.222732741973402,34.37984586869027,4.197828523309023,0.7223996960754628,0.2712765703335647,0.013824446817253089,32.24373498703729
66,26.535825381029113,15.073236004064078,3.0794365889159288,-8.375491970391323,18.012946023140678,33.26652236657774,-7.304199678938895,16.573654578855127,32.10820753011097,-9.281584773333625,19.222732741973402,34.24609605106401,4.21019393851866,0.7223996960754628,0.2712765703335647,0.013824446817253089,32.10820753011097
67,26.400780587686377,15.080368428844187,3.078816122316082,-8.375491970391323,18.012946023140678,33.13179191559036,-7.304199678938895,16.573654578855127,31.97251767633397,-9.281584773333625,19.222732741973402,34.112007694824456,4.221493907078961,0.7223996960754628,0.2712765703335647,0.013824446817253089,31.97251767633397
68,26.265426898235994,15.087838159253671,3.0783033901233465,-8.375491970391323,18.012946023140678,32.99664661040274,-7.304199678938895,16.573654578855127,31.836579260257256,-9.281584773333625,19.222732741973402,33.97739272164952,4.235609874253808,0.7223996960754628,0.2712765703335647,0.013824446817253089,31.836579260257256
69,26.129745580709322,15.095638510346602,3.0778906651125313,-8.375491970391323,18.012946023140678,32.86107408876242,-7.304199678938895,16.573654578855127,31.700367901707402,-9.281584773333625,19.222732741973402,33.84224672778334,4.249677763971037,0.7223996960754628,0.2712765703335647,0.013824446817253089,31.700367901707402
70,25.993772296387565,15.103742087816453,3.077561142880994,-8.375491970391323,18.012946023140678,32.72512493308508,-7.304199678938895,16.573654578855127,31.56390810158234,-9.281584773333625,19.222732741973402,33.70663763822234,4.261941339351015,0.7223996960754628,0.2712765703335647,0.013824446817253089,31.56390810158234
71,25.85761353230663,15.112093850915535,3.077282403386215,-8.375491970391323,18.012946023140678,32.588934770948214,-7.304199678938895,16.573654578855127,31.427285175970834,-9.281584773333625,19.222732741973402,33.57073454377963,4.270261634712921,0.7223996960754628,0.2712765703335647,0.013824446817253089,31.427285175970834
72,25.721333584991697,15.120666431951719,3.077033632113693,-8.375491970391323,18.012946023140678,32.45258616075106,-7.304199678938895,16.573654578855127,31.29054933357334,-9.281584773333625,19.222732741973402,33.43464145699893,4.276017923211104,0.7223996960754628,0.2712765703335647,0.013824446817253089,31.29054933357334
73,25.584970791425214,15.129438301985264,3.0767994374017866,-8.375491970391323,18.012946023140678,32.316131066985946,-7.304199678938895,16.573654578855127,31.15372862399346,-9.281584773333625,19.222732741973402,33.29842621106925,4.280034678782392,0.7223996960754628,0.2712765703335647,0.013824446817253089,31.15372862399346
74,25.44855327997002,15.13838779730937,3.0765650749791966,-8.375491970391323,18.012946023140678,32.17961078146893,-7.304199678938895,16.573654578855127,31.016841437824198,-9.281584773333625,19.222732741973402,33.16214530375,4.282669818596859,0.7223996960754628,0.2712765703335647,0.013824446817253089,31.016841437824198
75,25.312105023291025,15.14749197549182,3.076316439478129,-8.375491970391323,18.012946023140678,32.043062038421205,-7.304199678938895,16.573654578855127,30.87990261310727,-9.281584773333625,19.222732741973402,33.025850024026695,4.284108039828895,0.7223996960754628,0.2712765703335647,0.013824446817253089,30.87990261310727
76,25.17564812476616,15.156729046002132,3.076040019433443,-8.375491970391323,18.012946023140678,31.90651918523529,-7.304199678938895,16.573654578855127,30.742925521294545,-9.281584773333625,19.222732741973402,32.88958865997887,4.284475976198,0.7223996960754628,0.2712765703335647,0.013824446817253089,30.742925521294545
77,25.039203149526337,15.166077840919744,3.0757271291952817,-8.375491970391323,18.012946023140678,31.770011126295316,-7.304199678938895,16.573654578855127,30.605925616930637,-9.281584773333625,19.222732741973402,32.75339909849909,4.283888298925736,0.7223996960754628,0.2712765703335647,0.013824446817253089,30.605925616930637
78,24.90278896258005,15.175517948954399,3.0753705290121234,-8.375491970391323,18.012946023140678,31.633563880156316,-7.304199678938895,16.573654578855127,30.46891772141056,-9.281584773333625,19.222732741973402,32.61731485353506,4.282462011151478,0.7223996960754628,0.2712765703335647,0.013824446817253089,30.46891772141056
79,24.766464563419888,15.18500166604059,3.0749777862760337,-8.375491970391323,18.012946023140678,31.49723321368623,-7.304199678938895,16.573654578855127,30.331969654402748,-9.281584773333625,19.222732741973402,32.48138407310072,4.278616831935507,0.7223996960754628,0.2712765703335647,0.013824446817253089,30.331969654402748
80,24.630220708130686,15.19450999572565,3.0745302566205672,-8.375491970391323,18.012946023140678,31.361026272243187,-7.304199678938895,16.573654578855127,30.195059575794417,-9.281584773333625,19.222732741973402,32.345633113121806,4.275016415771061,0.7223996960754628,0.2712765703335647,0.013824446817253089,30.195059575794417
81,24.494060486588047,15.204037602040673,3.0740211224108327,-8.375491970391323,18.012946023140678,31.224952155331255,-7.304199678938895,16.573654578855127,30.058185967727706,-9.281584773333625,19.222732741973402,32.21007808521767,4.271317521336184,0.7223996960754628,0.2712765703335647,0.013824446817253089,30.058185967727706
82,24.35798957737782,15.213581109583423,3.0734519274199275,-8.375491970391323,18.012946023140678,31.0890156739492,-7.304199678938895,16.573654578855127,29.921356058387502,-9.281584773333625,19.222732741973402,32.074722218441174,4.26745191763786,0.7223996960754628,0.2712765703335647,0.013824446817253089,29.921356058387502
83,24.222010436028384,15.223139847846655,3.0728265127766403,-8.375491970391323,18.012946023140678,30.953216400551725,-7.304199678938895,16.573654578855127,29.7845754082433,-9.281584773333625,19.222732741973402,31.93956113522253,4.263553615750909,0.7223996960754628,0.2712765703335647,0.013824446817253089,29.7845754082433
84,24.086122295686586,15.232715254954403,3.0721508129860955,-8.375491970391323,18.012946023140678,30.81720483644028,-7.304199678938895,16.573654578855127,29.64784778236487,-9.281584773333625,19.222732741973402,31.80458325008821,4.2597478851403725,0.7223996960754628,0.2712765703335647,0.013824446817253089,29.64784778236487
85,23.950321666856265,15.242311895004656,3.0714313274229657,-8.375491970391323,18.012946023140678,30.68126305415993,-7.304199678938895,16.573654578855127,29.511174427730005,-9.281584773333625,19.222732741973402,31.66977300400412,4.256142087177239,0.7223996960754628,0.2712765703335647,0.013824446817253089,29.511174427730005
86,23.81460254415518,15.251935117586314,3.0706771749825497,-8.375491970391323,18.012946023140678,30.545410845508542,-7.304199678938895,16.573654578855127,29.374555950244435,-9.281584773333625,19.222732741973402,31.53510742043595,4.25282619379911,0.7223996960754628,0.2712765703335647,0.013824446817253089,29.374555950244435
87,23.67895721346529,15.261591644255892,3.069895211710457,-8.375491970391323,18.012946023140678,30.409638266704928,-7.304199678938895,16.573654578855127,29.23798944247729,-9.281584773333625,19.222732741973402,31.400565866571313,4.249864919409006,0.7223996960754628,0.2712765703335647,0.013824446817253089,29.23798944247729
88,23.54337679226523,15.271289830110408,3.0690925832500526,-8.375491970391323,18.012946023140678,30.27393397098733,-7.304199678938895,16.573654578855127,29.101470903820868,-9.281584773333625,19.222732741973402,31.26593310477746,4.247303048114907,0.7223996960754628,0.2712765703335647,0.013824446817253089,29.101470903820868
89,23.407851562935576,15.281037878813795,3.0682778128921964,-8.375491970391323,18.012946023140678,30.138285372213897,-7.304199678938895,16.573654578855127,28.96499648812546,-9.281584773333625,19.222732741973402,31.1311247796636,4.245167628883852,0.7223996960754628,0.2712765703335647,0.013824446817253089,28.96499648812546
90,23.272371725824733,15.290845217372913,3.0674582474406833,-8.375491970391323,18.012946023140678,30.002679987919496,-7.304199678938895,16.573654578855127,28.82856127231326,-9.281584773333625,19.222732741973402,30.996364377952368,4.24346452126,0.7223996960754628,0.2712765703335647,0.013824446817253089,28.82856127231326
91,23.136927473881837,15.300720315686032,3.0666437559049826,-8.375491970391323,18.012946023140678,29.867104654525228,-7.304199678938895,16.573654578855127,28.69216219768575,-9.281584773333625,19.222732741973402,30.86162856673872,4.242188467590834,0.7223996960754628,0.2712765703335647,0.013824446817253089,28.69216219768575
92,23.001509478644337,15.310669975644721,3.065841571058245,-8.375491970391323,18.012946023140678,29.731547498044698,-7.304199678938895,16.573654578855127,28.55579480279525,-9.281584773333625,19.222732741973402,30.726898016956806,4.241316814809836,0.7223996960754628,0.2712765703335647,0.013824446817253089,28.55579480279525
93,22.866109424408165,15.320701638206016,3.065056255203254,-8.375491970391323,18.012946023140678,29.595998319142097,-7.304199678938895,16.573654578855127,28.419453600882356,-9.281584773333625,19.222732741973402,30.592157815616552,4.240814367052475,0.7223996960754628,0.2712765703335647,0.013824446817253089,28.419453600882356
94,22.73071966061358,15.330820033316343,3.0642944831209733,-8.375491970391323,18.012946023140678,29.460447166295285,-7.304199678938895,16.573654578855127,28.283135463617526,-9.281584773333625,19.222732741973402,30.457391136243846,4.240644957861784,0.7223996960754628,0.2712765703335647,0.013824446817253089,28.283135463617526
95,22.595333820743146,15.34102953322343,3.063557974000974,-8.375491970391323,18.012946023140678,29.324886775801833,-7.304199678938895,16.573654578855127,28.146834924265615,-9.281584773333625,19.222732741973402,30.32258893252501,4.240759708289297,0.7223996960754628,0.2712765703335647,0.013824446817253089,28.146834924265615
96,22.459946629399283,15.351333889934226,3.0628495317993014,-8.375491970391323,18.012946023140678,29.189310703264468,-7.304199678938895,16.573654578855127,28.01054842860684,-9.281584773333625,19.222732741973402,30.187741864841783,4.241112488189654,0.7223996960754628,0.2712765703335647,0.013824446817253089,28.01054842860684
97,22.32455381600688,15.361735492716573,3.062172892565044,-8.375491970391323,18.012946023140678,29.053713332323387,-7.304199678938895,16.573654578855127,27.8742741796965,-9.281584773333625,19.222732741973402,30.052840468608675,4.241657304061996,0.7223996960754628,0.2712765703335647,0.013824446817253089,27.8742741796965
98,22.189152161633405,15.372235736527898,3.0615312832630828,-8.375491970391323,18.012946023140678,28.918090305351093,-7.304199678938895,16.573654578855127,27.73801111205962,-9.281584773333625,19.222732741973402,29.91787706439087,4.242347763799782,0.7223996960754628,0.2712765703335647,0.013824446817253089,27.73801111205962
99,22.053739252702023,15.382833216395921,3.0609270327770624,-8.375491970391323,18.012946023140678,28.78243853403308,-7.304199678938895,16.573654578855127,27.60175848720393,-9.281584773333625,19.222732741973402,29.782846174412782,4.243140315857008,0.7223996960754628,0.2712765703335647,0.013824446817253089,27.60175848720393
100,21.91831380512902,15.393527058207946,3.0603586936196043,-8.375491970391323,18.012946023140678,28.646757112258026,-7.304199678938895,16.573654578855127,27.46551393014555,-9.281584773333625,19.222732741973402,29.64774838043329,4.243991288606597,0.7223996960754628,0.2712765703335647,0.013824446817253089,27.46551393014555
101,21.78287497819929,15.404312909628532,3.059826376795531,-8.375491970391323,18.012946023140678,28.511045399845035,-7.304199678938895,16.573654578855127,27.329276870357027,-9.281584773333625,19.222732741973402,29.512582941293367,4.244867060636969,0.7223996960754628,0.2712765703335647,0.013824446817253089,27.329276870357027
102,21.647423031215748,15.415188908530755,3.0593248873071146,-8.375491970391323,18.012946023140678,28.375305225135346,-7.304199678938895,16.573654578855127,27.19304386258081,-9.281584773333625,19.222732741973402,29.377357025590236,4.245732176375366,0.7223996960754628,0.2712765703335647,0.013824446817253089,27.19304386258081
103,21.511958403636044,15.426150861956824,3.0588558609533263,-8.375491970391323,18.012946023140678,28.239536789818928,-7.304199678938895,16.573654578855127,27.056816725200935,-9.281584773333625,19.222732741973402,29.24206916705192,4.246565810823469,0.7223996960754628,0.2712765703335647,0.013824446817253089,27.056816725200935
104,21.37648212595041,15.437194995772236,3.0584175167066054,-8.375491970391323,18.012946023140678,28.103741860054022,-7.304199678938895,16.573654578855127,26.92059538612644,-9.281584773333625,19.222732741973402,29.106722972026535,4.247344940800169,0.7223996960754628,0.2712765703335647,0.013824446817253089,26.92059538612644
105,21.240995408554138,15.448316007057619,3.058009484140478,-8.375491970391323,18.012946023140678,27.967922091399153,-7.304199678938895,16.573654578855127,26.784381072453346,-9.281584773333625,19.222732741973402,28.971320492971078,4.248054563071207,0.7223996960754628,0.2712765703335647,0.013824446817253089,26.784381072453346
106,21.105499720305428,15.459507906535222,3.0576278766012224,-8.375491970391323,18.012946023140678,27.83208049787754,-7.304199678938895,16.573654578855127,26.648172802197656,-9.281584773333625,19.222732741973402,28.835868754668155,4.248681541087811,0.7223996960754628,0.2712765703335647,0.013824446817253089,26.648172802197656
107,20.969996780068453,15.470765408807052,3.0572671388041828,-8.375491970391323,18.012946023140678,27.69622080027559,-7.304199678938895,16.573654578855127,26.511968620846023,-9.281584773333625,19.222732741973402,28.700377199560183,4.249217896669332,0.7223996960754628,0.2712765703335647,0.013824446817253089,26.511968620846023
108,20.83448842477247,15.482084245434345,3.056923887729516,-8.375491970391323,18.012946023140678,27.560346130073405,-7.304199678938895,16.573654578855127,26.375768196450117,-9.281584773333625,19.222732741973402,28.564852445898584,4.249661348564766,0.7223996960754628,0.2712765703335647,0.013824446817253089,26.375768196450117
109,20.69897646930485,15.49346056130714,3.05659777477031,-8.375491970391323,18.012946023140678,27.424458669259423,-7.304199678938895,16.573654578855127,26.23957332321904,-9.281584773333625,19.222732741973402,28.42929704473884,4.250013262869583,0.7223996960754628,0.2712765703335647,0.013824446817253089,26.23957332321904
110,20.56346253320543,15.504889169783379,3.056288600935077,-8.375491970391323,18.012946023140678,27.288560463387952,-7.304199678938895,16.573654578855127,26.103385793204826,-9.281584773333625,19.222732741973402,28.293713262205912,4.250276673174949,0.7223996960754628,0.2712765703335647,0.013824446817253089,26.103385793204826
111,20.42794831542301,15.516366430147688,3.055993226188332,-8.375491970391323,18.012946023140678,27.15265231956878,-7.304199678938895,16.573654578855127,25.967205287067696,-9.281584773333625,19.222732741973402,28.158107224155405,4.250455337292891,0.7223996960754628,0.2712765703335647,0.013824446817253089,25.967205287067696
112,20.292435257303207,15.52788819836788,3.0557116716194552,-8.375491970391323,18.012946023140678,27.01658721381585,-7.304199678938895,16.573654578855127,25.83103351593947,-9.281584773333625,19.222732741973402,28.022480651629923,4.250557463211007,0.7223996960754628,0.2712765703335647,0.013824446817253089,25.83103351593947
113,20.15692460899296,15.539449989685686,3.0554416988390694,-8.375491970391323,18.012946023140678,26.8805237595543,-7.304199678938895,16.573654578855127,25.694870416933124,-9.281584773333625,19.222732741973402,27.886838103202095,4.250590593155085,0.7223996960754628,0.2712765703335647,0.013824446817253089,25.694870416933124
114,20.021417603559986,15.551049240453695,3.0551800327724776,-8.375491970391323,18.012946023140678,26.744462595119458,-7.304199678938895,16.573654578855127,25.55871505852135,-9.281584773333625,19.222732741973402,27.75118534991847,4.250563444099887,0.7223996960754628,0.2712765703335647,0.013824446817253089,25.55871505852135
115,19.885915135271972,15.562682719266515,3.0549268896035318,-8.375491970391323,18.012946023140678,26.608404958449693,-7.304199678938895,16.573654578855127,25.422568695575336,-9.281584773333625,19.222732741973402,27.615523245278947,4.250486932653543,0.7223996960754628,0.2712765703335647,0.013824446817253089,25.422568695575336
116,19.750418016904376,15.57434848218985,3.0546806883002997,-8.375491970391323,18.012946023140678,26.47235143856022,-7.304199678938895,16.573654578855127,25.286431146802276,-9.281584773333625,19.222732741973402,27.47985484823166,4.25037014724233,0.7223996960754628,0.2712765703335647,0.013824446817253089,25.286431146802276
117,19.614926793951426,15.586044435758101,3.054442093676764,-8.375491970391323,18.012946023140678,26.336302931795373,-7.304199678938895,16.573654578855127,25.150303565671106,-9.281584773333625,19.222732741973402,27.344179979322014,4.250223357062848,0.7223996960754628,0.2712765703335647,0.013824446817253089,25.150303565671106
118,19.47944184097592,15.59776883468146,3.0542110331331713,-8.375491970391323,18.012946023140678,26.200259948405535,-7.304199678938895,16.573654578855127,25.014186389943387,-9.281584773333625,19.222732741973402,27.208499240916794,4.250055390357969,0.7223996960754628,0.2712765703335647,0.013824446817253089,25.014186389943387
119,19.343963329981005,15.60951990368231,3.053987495403979,-8.375491970391323,18.012946023140678,26.064222815627495,-7.304199678938895,16.573654578855127,24.878079900250345,-9.281584773333625,19.222732741973402,27.072812954408025,4.249874680429751,0.7223996960754628,0.2712765703335647,0.013824446817253089,24.878079900250345
120,19.208491314915175,15.62129648044671,3.053771127012397,-8.375491970391323,18.012946023140678,25.928191600918794,-7.304199678938895,16.573654578855127,24.741983979445212,-9.281584773333625,19.222732741973402,26.93712173062789,4.249688668378982,0.7223996960754628,0.2712765703335647,0.013824446817253089,24.741983979445212
121,19.073025690500007,15.633097528581395,3.053562759580878,-8.375491970391323,18.012946023140678,25.792166494066127,-7.304199678938895,16.573654578855127,24.605899179422366,-9.281584773333625,19.222732741973402,26.801424433982216,4.249504276764168,0.7223996960754628,0.2712765703335647,0.013824446817253089,24.605899179422366
122,18.937566257205606,15.644922471114626,3.053363784816744,-8.375491970391323,18.012946023140678,25.656147684458293,-7.304199678938895,16.573654578855127,24.469826321606448,-9.281584773333625,19.222732741973402,26.66571905094818,4.24932716165205,0.7223996960754628,0.2712765703335647,0.013824446817253089,24.469826321606448
123,18.80211257936218,15.656769387149799,3.0531757820924526,-8.375491970391323,18.012946023140678,25.520135299525705,-7.304199678938895,16.573654578855127,24.33376620392915,-9.281584773333625,19.222732741973402,26.530003186718908,4.24916189949438,0.7223996960754628,0.2712765703335647,0.013824446817253089,24.33376620392915
124,18.66666427367197,15.668637476826905,3.052997176370426,-8.375491970391323,18.012946023140678,25.384128636525833,-7.304199678938895,16.573654578855127,24.197717386411743,-9.281584773333625,19.222732741973402,26.394278613163955,4.249011163413878,0.7223996960754628,0.2712765703335647,0.013824446817253089,24.197717386411743
125,18.531220767109083,15.680524764060488,3.05282779662809,-8.375491970391323,18.012946023140678,25.24812726269739,-7.304199678938895,16.573654578855127,24.061679302085025,-9.281584773333625,19.222732741973402,26.258545136464743,4.248877903507831,0.7223996960754628,0.2712765703335647,0.013824446817253089,24.061679302085025
126,18.395781651213905,15.692431249572051,3.0526651330768577,-8.375491970391323,18.012946023140678,25.112130148211733,-7.304199678938895,16.573654578855127,23.92564978568026,-9.281584773333625,19.222732741973402,26.122805325450937,4.248763167051867,0.7223996960754628,0.2712765703335647,0.013824446817253089,23.92564978568026
127,18.260346365549587,15.70435591123565,3.0525106360477707,-8.375491970391323,18.012946023140678,24.97613718175759,-7.304199678938895,16.573654578855127,23.789629365371088,-9.281584773333625,19.222732741973402,25.986975259922744,4.248668612448284,0.7223996960754628,0.2712765703335647,0.013824446817253089,23.789629365371088
128,18.12491438617673,15.716297880575953,3.052362924887473,-8.375491970391323,18.012946023140678,24.840147580352976,-7.304199678938895,16.573654578855127,23.653616610073037,-9.281584773333625,19.222732741973402,25.85114156278553,4.248593578928939,0.7223996960754628,0.2712765703335647,0.013824446817253089,23.653616610073037
129,17.98948528348189,15.728257217793029,3.05222101799494,-8.375491970391323,18.012946023140678,24.704160665256175,-7.304199678938895,16.573654578855127,23.517610408524636,-9.281584773333625,19.222732741973402,25.715304564070458,4.2485375867774735,0.7223996960754628,0.2712765703335647,0.013824446817253089,23.517610408524636
130,17.854058616260758,15.740233788174198,3.05208644099429,-8.375491970391323,18.012946023140678,24.568176378143388,-7.304199678938895,16.573654578855127,23.381611405903985,-9.281584773333625,19.222732741973402,25.579462638620576,4.248499981978508,0.7223996960754628,0.2712765703335647,0.013824446817253089,23.381611405903985
131,17.718633888489563,15.75222639168175,3.05195967790426,-8.375491970391323,18.012946023140678,24.432194452895416,-7.304199678938895,16.573654578855127,23.24561952660617,-9.281584773333625,19.222732741973402,25.443615027411223,4.2484789404191,0.7223996960754628,0.2712765703335647,0.013824446817253089,23.24561952660617
132,17.58321073251426,15.764234585611444,3.051838569104719,-8.375491970391323,18.012946023140678,24.296214034056373,-7.304199678938895,16.573654578855127,23.109632930010683,-9.281584773333625,19.222732741973402,25.30776309583648,4.248472224492341,0.7223996960754628,0.2712765703335647,0.013824446817253089,23.109632930010683
133,17.447788894083264,15.776258859317426,3.0517236032398416,-8.375491970391323,18.012946023140678,24.160234937105457,-7.304199678938895,16.573654578855127,22.97365168511948,-9.281584773333625,19.222732741973402,25.17190615604053,4.248478393026223,0.7223996960754628,0.2712765703335647,0.013824446817253089,22.97365168511948
134,17.312367994485033,15.788297927155675,3.051617105918889,-8.375491970391323,18.012946023140678,24.02425747089499,-7.304199678938895,16.573654578855127,22.837677124257596,-9.281584773333625,19.222732741973402,25.036042132303848,4.248495493324447,0.7223996960754628,0.2712765703335647,0.013824446817253089,22.837677124257596
135,17.17694778338674,15.800351067611865,3.051517137147725,-8.375491970391323,18.012946023140678,23.888280978544294,-7.304199678938895,16.573654578855127,22.701707696838824,-9.281584773333625,19.222732741973402,24.900172363854278,4.24852067397703,0.7223996960754628,0.2712765703335647,0.013824446817253089,22.701707696838824
136,17.041528075801846,15.812417878998662,3.0514231932581732,-8.375491970391323,18.012946023140678,23.752305188518925,-7.304199678938895,16.573654578855127,22.565742902418886,-9.281584773333625,19.222732741973402,24.764297098436007,4.248552243380176,0.7223996960754628,0.2712765703335647,0.013824446817253089,22.565742902418886
137,16.906108661756765,15.824497229985026,3.0513352527574127,-8.375491970391323,18.012946023140678,23.61632999210747,-7.304199678938895,16.573654578855127,22.429782595869092,-9.281584773333625,19.222732741973402,24.62841625375191,4.248588274325485,0.7223996960754628,0.2712765703335647,0.013824446817253089,22.429782595869092
138,16.77068946544772,15.83658890751898,3.051251806144407,-8.375491970391323,18.012946023140678,23.480354964575454,-7.304199678938895,16.573654578855127,22.29382567649423,-9.281584773333625,19.222732741973402,24.49253095695205,4.248626793156743,0.7223996960754628,0.2712765703335647,0.013824446817253089,22.29382567649423
139,16.6352703960539,15.848692238124213,3.051173353382118,-8.375491970391323,18.012946023140678,23.34438019968723,-7.304199678938895,16.573654578855127,22.157872455437825,-9.281584773333625,19.222732741973402,24.356640790942016,4.24866645337135,0.7223996960754628,0.2712765703335647,0.013824446817253089,22.157872455437825
140,16.49985144096559,15.860806980398397,3.051099727353196,-8.375491970391323,18.012946023140678,23.208405665528364,-7.304199678938895,16.573654578855127,22.02192283224161,-9.281584773333625,19.222732741973402,24.220745896771092,4.248705707505635,0.7223996960754628,0.2712765703335647,0.013824446817253089,22.02192283224161
141,16.3644326058685,15.87293283377443,3.051032161484789,-8.375491970391323,18.012946023140678,23.07243169465536,-7.304199678938895,16.573654578855127,21.88597770071764,-9.281584773333625,19.222732741973402,24.084845341581058,4.2487435008550145,0.7223996960754628,0.2712765703335647,0.013824446817253089,21.88597770071764
142,16.229013846495448,15.885068669400933,3.050971698127145,-8.375491970391323,18.012946023140678,22.936458602888646,-7.304199678938895,16.573654578855127,21.75003781894096,-9.281584773333625,19.222732741973402,23.948938375135953,4.248778714117239,0.7223996960754628,0.2712765703335647,0.013824446817253089,21.75003781894096
143,16.09359515622704,15.897213508796185,3.050917408375097,-8.375491970391323,18.012946023140678,22.800486250390538,-7.304199678938895,16.573654578855127,21.61410260547629,-9.281584773333625,19.222732741973402,23.813025815904968,4.248810438101493,0.7223996960754628,0.2712765703335647,0.013824446817253089,21.61410260547629
144,15.958176541092778,15.909366429299947,3.0508686902440765,-8.375491970391323,18.012946023140678,22.664514584474077,-7.304199678938895,16.573654578855127,21.47817171616166,-9.281584773333625,19.222732741973402,23.677108233508125,4.2488383108060885,0.7223996960754628,0.2712765703335647,0.013824446817253089,21.47817171616166
145,15.822758002238693,15.921526385461746,3.05082491359038,-8.375491970391323,18.012946023140678,22.5285435529269,-7.304199678938895,16.573654578855127,21.342244790488095,-9.281584773333625,19.222732741973402,23.541186227404648,4.248862030822972,0.7223996960754628,0.2712765703335647,0.013824446817253089,21.342244790488095
146,15.687339547755133,15.933692363896187,3.0507847538513806,-8.375491970391323,18.012946023140678,22.392572939025765,-7.304199678938895,16.573654578855127,21.20632099349113,-9.281584773333625,19.222732741973402,23.405260945605143,4.248881426983956,0.7223996960754628,0.2712765703335647,0.013824446817253089,21.20632099349113
147,15.551921237645647,15.945863940598723,3.050746907496146,-8.375491970391323,18.012946023140678,22.25660252644804,-7.304199678938895,16.573654578855127,21.070399524581333,-9.281584773333625,19.222732741973402,23.26933351270852,4.248896612765938,0.7223996960754628,0.2712765703335647,0.013824446817253089,21.070399524581333
148,15.416503075069226,15.95804012758167,3.0507107943159792,-8.375491970391323,18.012946023140678,22.120632272358577,-7.304199678938895,16.573654578855127,20.934480060943482,-9.281584773333625,19.222732741973402,23.133404485922387,4.248907733880557,0.7223996960754628,0.2712765703335647,0.013824446817253089,20.934480060943482
149,15.281085186303876,15.970221315188184,3.050674925798079,-8.375491970391323,18.012946023140678,21.984661903377706,-7.304199678938895,16.573654578855127,20.798561697409692,-9.281584773333625,19.222732741973402,22.997475119618322,4.248915064708146,0.7223996960754628,0.2712765703335647,0.013824446817253089,20.798561697409692
150,15.14566760976711,15.98240707439644,3.0506407768802792,-8.375491970391323,18.012946023140678,21.84869185736196,-7.304199678938895,16.573654578855127,20.66264553590074,-9.281584773333625,19.222732741973402,22.86154433914886,4.2489190502966485,0.7223996960754628,0.2712765703335647,0.013824446817253089,20.66264553590074
151,15.01025036903184,15.994596822669479,3.0506075676729507,-8.375491970391323,18.012946023140678,21.712722024519195,-7.304199678938895,16.573654578855127,20.52673111512797,-9.281584773333625,19.222732741973402,22.725612838348916,4.248919781458524,0.7223996960754628,0.2712765703335647,0.013824446817253089,20.52673111512797
152,14.87483355021834,16.006790794681706,3.050574256311807,-8.375491970391323,18.012946023140678,21.57675221502035,-7.304199678938895,16.573654578855127,20.390817810955994,-9.281584773333625,19.222732741973402,22.589681496928485,4.248917841095491,0.7223996960754628,0.2712765703335647,0.013824446817253089,20.390817810955994
153,14.739417245790523,16.018989460487596,3.0505423686149196,-8.375491970391323,18.012946023140678,21.44078284643229,-7.304199678938895,16.573654578855127,20.254906763019612,-9.281584773333625,19.222732741973402,22.45374916459578,4.248913875928299,0.7223996960754628,0.2712765703335647,0.013824446817253089,20.254906763019612
154,14.604001428396378,16.031192047806705,3.0505136777192137,-8.375491970391323,18.012946023140678,21.304814396955834,-7.304199678938895,16.573654578855127,20.118999229466457,-9.281584773333625,19.222732741973402,22.31781450263422,4.248908085542905,0.7223996960754628,0.2712765703335647,0.013824446817253089,20.118999229466457
155,14.468586150929406,16.04339871861655,3.0504874648092306,-8.375491970391323,18.012946023140678,21.1688467293109,-7.304199678938895,16.573654578855127,19.983094779408052,-9.281584773333625,19.222732741973402,22.18187811209326,4.248900827382018,0.7223996960754628,0.2712765703335647,0.013824446817253089,19.983094779408052
156,14.333171380203812,16.05560887021986,3.050465104334993,-8.375491970391323,18.012946023140678,21.032880203025393,-7.304199678938895,16.573654578855127,19.847194379100355,-9.281584773333625,19.222732741973402,22.045938944615294,4.248892684499394,0.7223996960754628,0.2712765703335647,0.013824446817253089,19.847194379100355
157,14.197757007318971,16.067821126325693,3.050445404199566,-8.375491970391323,18.012946023140678,20.89691455343971,-7.304199678938895,16.573654578855127,19.711297197112174,-9.281584773333625,19.222732741973402,21.909997965712275,4.248883794265738,0.7223996960754628,0.2712765703335647,0.013824446817253089,19.711297197112174
158,14.062343077638815,16.08003593431334,3.050425685877424,-8.375491970391323,18.012946023140678,20.760949132056812,-7.304199678938895,16.573654578855127,19.57540143683803,-9.281584773333625,19.222732741973402,21.774057275929447,4.248874787388982,0.7223996960754628,0.2712765703335647,0.013824446817253089,19.57540143683803
159,13.926929582698104,16.092253305382524,3.050407722530689,-8.375491970391323,18.012946023140678,20.62498436093309,-7.304199678938895,16.573654578855127,19.439508330859574,-9.281584773333625,19.222732741973402,21.638115477868805,4.2488661950207245,0.7223996960754628,0.2712765703335647,0.013824446817253089,19.439508330859574
160,13.791516469795194,16.104472734428466,3.050392102885237,-8.375491970391323,18.012946023140678,20.489020380273402,-7.304199678938895,16.573654578855127,19.303618281491197,-9.281584773333625,19.222732741973402,21.502172110387985,4.248857903026806,0.7223996960754628,0.2712765703335647,0.013824446817253089,19.303618281491197
161,13.656103744125954,16.116694389636073,3.050378396363925,-8.375491970391323,18.012946023140678,20.35305707509001,-7.304199678938895,16.573654578855127,19.16773101321824,-9.281584773333625,19.222732741973402,21.36622750094203,4.248850137667231,0.7223996960754628,0.2712765703335647,0.013824446817253089,19.16773101321824
162,13.520691285379911,16.12891713054365,3.0503670030997276,-8.375491970391323,18.012946023140678,20.21709453414986,-7.304199678938895,16.573654578855127,19.031846766313485,-9.281584773333625,19.222732741973402,21.230281333188728,4.248843011504839,0.7223996960754628,0.2712765703335647,0.013824446817253089,19.031846766313485
163,13.385279058573406,16.14114077513805,3.0503551093345043,-8.375491970391323,18.012946023140678,20.081132056511006,-7.304199678938895,16.573654578855127,18.895963615433168,-9.281584773333625,19.222732741973402,21.094335796097084,4.248836644068279,0.7223996960754628,0.2712765703335647,0.013824446817253089,18.895963615433168
164,13.249867110578602,16.153366131504864,3.050342684606055,-8.375491970391323,18.012946023140678,19.94516960378226,-7.304199678938895,16.573654578855127,18.760081571929017,-9.281584773333625,19.222732741973402,20.958390880282554,4.248831470974308,0.7223996960754628,0.2712765703335647,0.013824446817253089,18.760081571929017
165,13.114455363173319,16.165592603324615,3.050331663450055,-8.375491970391323,18.012946023140678,19.80920762748285,-7.304199678938895,16.573654578855127,18.62420194086899,-9.281584773333625,19.222732741973402,20.82244505520031,4.24882727794838,0.7223996960754628,0.2712765703335647,0.013824446817253089,18.62420194086899
166,12.979043807871932,16.177820291030415,3.0503206819847093,-8.375491970391323,18.012946023140678,19.673245778226903,-7.304199678938895,16.573654578855127,18.48832380549012,-9.281584773333625,19.222732741973402,20.686499371952564,4.24882387382042,0.7223996960754628,0.2712765703335647,0.013824446817253089,18.48832380549012
167,12.84363239508272,16.19004889385714,3.0503095715250153,-8.375491970391323,18.012946023140678,19.53728399547483,-7.304199678938895,16.573654578855127,18.35244704788111,-9.281584773333625,19.222732741973402,20.550553945400285,4.248821381037585,0.7223996960754628,0.2712765703335647,0.013824446817253089,18.35244704788111
168,12.708221175168783,16.20227918953561,3.050297981274283,-8.375491970391323,18.012946023140678,19.40132216917574,-7.304199678938895,16.573654578855127,18.216571470087302,-9.281584773333625,19.222732741973402,20.414609023399354,4.248819833994906,0.7223996960754628,0.2712765703335647,0.013824446817253089,18.216571470087302
169,12.572810082418606,16.2145106642205,3.050287642048818,-8.375491970391323,18.012946023140678,19.265360706342182,-7.304199678938895,16.573654578855127,18.08069824558285,-9.281584773333625,19.222732741973402,20.278663240101597,4.248819063228422,0.7223996960754628,0.2712765703335647,0.013824446817253089,18.08069824558285
170,12.437399112435184,16.226743405845816,3.050277373974055,-8.375491970391323,18.012946023140678,19.129399307427427,-7.304199678938895,16.573654578855127,17.944826594373975,-9.281584773333625,19.222732741973402,20.142717507543534,4.248818843596034,0.7223996960754628,0.2712765703335647,0.013824446817253089,17.944826594373975
171,12.301988238434863,16.238977284993542,3.050267162577859,-8.375491970391323,18.012946023140678,18.993437955658795,-7.304199678938895,16.573654578855127,17.808956521165236,-9.281584773333625,19.222732741973402,20.00677182553181,4.2488192389749,0.7223996960754628,0.2712765703335647,0.013824446817253089,17.808956521165236
172,12.166577491090028,16.251212770754197,3.0502570114363268,-8.375491970391323,18.012946023140678,18.857476637703293,-7.304199678938895,16.573654578855127,17.673088070464047,-9.281584773333625,19.222732741973402,19.870826176337463,4.248820188541479,0.7223996960754628,0.2712765703335647,0.013824446817253089,17.673088070464047
173,12.031166834093199,16.26344956504998,3.0502481116254296,-8.375491970391323,18.012946023140678,18.721515637942204,-7.304199678938895,16.573654578855127,17.53722206667203,-9.281584773333625,19.222732741973402,19.73487962487047,4.248821515711686,0.7223996960754628,0.2712765703335647,0.013824446817253089,17.53722206667203
174,11.895756280845362,16.275687860335513,3.0502401661563145,-8.375491970391323,18.012946023140678,18.58555487965413,-7.304199678938895,16.573654578855127,17.401358347968124,-9.281584773333625,19.222732741973402,19.598932399718077,4.248823060917755,0.7223996960754628,0.2712765703335647,0.013824446817253089,17.401358347968124
175,11.760345783147633,16.287927173235193,3.050233710468103,-8.375491970391323,18.012946023140678,18.449594493827643,-7.304199678938895,16.573654578855127,17.26549729119595,-9.281584773333625,19.222732741973402,19.462984086087456,4.248824752994035,0.7223996960754628,0.2712765703335647,0.013824446817253089,17.26549729119595
176,11.624935337634467,16.300167486422616,3.0502278527925375,-8.375491970391323,18.012946023140678,18.31363426231681,-7.304199678938895,16.573654578855127,17.129638327785983,-9.281584773333625,19.222732741973402,19.327035382248162,4.248826512093828,0.7223996960754628,0.2712765703335647,0.013824446817253089,17.129638327785983
177,11.489524958296256,16.312408980454794,3.0502230395114163,-8.375491970391323,18.012946023140678,18.177674291726763,-7.304199678938895,16.573654578855127,16.993781804994562,-9.281584773333625,19.222732741973402,19.191085937657746,4.2488283950289905,0.7223996960754628,0.2712765703335647,0.013824446817253089,16.993781804994562
178,11.354114591583832,16.32465105396775,3.050219894018547,-8.375491970391323,18.012946023140678,18.041714741163318,-7.304199678938895,16.573654578855127,16.85792816147399,-9.281584773333625,19.222732741973402,19.05513527621537,4.248830183474304,0.7223996960754628,0.2712765703335647,0.013824446817253089,16.85792816147399
179,11.218704257672476,16.336893894915857,3.0502174616514757,-8.375491970391323,18.012946023140678,17.90575538052284,-7.304199678938895,16.573654578855127,16.72207680422499,-9.281584773333625,19.222732741973402,18.919184147903646,4.248831859170621,0.7223996960754628,0.2712765703335647,0.013824446817253089,16.72207680422499
180,11.083293922022497,16.349137105197208,3.050216425376616,-8.375491970391323,18.012946023140678,17.76979638282173,-7.304199678938895,16.573654578855127,16.586228222881562,-9.281584773333625,19.222732741973402,18.783232028714608,4.248833432412322,0.7223996960754628,0.2712765703335647,0.013824446817253089,16.586228222881562
181,10.947883569871253,16.361380476502738,3.0502161021112175,-8.375491970391323,18.012946023140678,17.633837588247854,-7.304199678938895,16.573654578855127,16.450381996165646,-9.281584773333625,19.222732741973402,18.647279462126658,4.248834799047872,0.7223996960754628,0.2712765703335647,0.013824446817253089,16.450381996165646
182,10.812473238072137,16.373624379889673,3.050216640405193,-8.375491970391323,18.012946023140678,17.49787903518293,-7.304199678938895,16.573654578855127,16.314538289290887,-9.281584773333625,19.222732741973402,18.511326334346776,4.248836078895952,0.7223996960754628,0.2712765703335647,0.013824446817253089,16.314538289290887
183,10.67706281736128,16.385867559272587,3.050218630367973,-8.375491970391323,18.012946023140678,17.361920884015827,-7.304199678938895,16.573654578855127,16.178697498130067,-9.281584773333625,19.222732741973402,18.37537220813246,4.248837033242396,0.7223996960754628,0.2712765703335647,0.013824446817253089,16.178697498130067
184,10.541652373776756,16.398110697177046,3.050219361743454,-8.375491970391323,18.012946023140678,17.225962471461596,-7.304199678938895,16.573654578855127,16.042857881754887,-9.281584773333625,19.222732741973402,18.239419198249756,4.248837827214079,0.7223996960754628,0.2712765703335647,0.013824446817253089,16.042857881754887
185,10.40624187476762,16.41035343791031,3.050220252599036,-8.375491970391323,18.012946023140678,17.090004148869976,-7.304199678938895,16.573654578855127,15.90702043127648,-9.281584773333625,19.222732741973402,18.10346620536752,4.24883858234373,0.7223996960754628,0.2712765703335647,0.013824446817253089,15.90702043127648
186,10.270831359902374,16.422596159678267,3.0502207403663912,-8.375491970391323,18.012946023140678,16.95404578226821,-7.304199678938895,16.573654578855127,15.77118484456203,-9.281584773333625,19.222732741973402,17.967513672547593,4.248839148830852,0.7223996960754628,0.2712765703335647,0.013824446817253089,15.77118484456203
187,10.135420755672014,16.434838012613127,3.0502209660064787,-8.375491970391323,18.012946023140678,16.818087418007288,-7.304199678938895,16.573654578855127,15.635351238859315,-9.281584773333625,19.222732741973402,17.831561507452083,4.2488394594961925,0.7223996960754628,0.2712765703335647,0.013824446817253089,15.635351238859315
188,10.000010183627685,16.447080301275975,3.0502192469541347,-8.375491970391323,18.012946023140678,16.682128637610386,-7.304199678938895,16.573654578855127,15.49951860678308,-9.281584773333625,19.222732741973402,17.695611012512483,4.24883974096979,0.7223996960754628,0.2712765703335647,0.013824446817253089,15.49951860678308
189,9.864599585642496,16.459322372923094,3.0502183161987717,-8.375491970391323,18.012946023140678,16.546170119806014,-7.304199678938895,16.573654578855127,15.363688812252347,-9.281584773333625,19.222732741973402,17.559660069657312,4.248839940086164,0.7223996960754628,0.2712765703335647,0.013824446817253089,15.363688812252347
190,9.729189008094624,16.471564659441793,3.050216780301043,-8.375491970391323,18.012946023140678,16.41021152793787,-7.304199678938895,16.573654578855127,15.227861011566072,-9.281584773333625,19.222732741973402,17.423709770833266,4.248839889701349,0.7223996960754628,0.2712765703335647,0.013824446817253089,15.227861011566072
191,9.593778442230784,16.483807045522365,3.0502154874656133,-8.375491970391323,18.012946023140678,16.274253074854446,-7.304199678938895,16.573654578855127,15.092035833167149,-9.281584773333625,19.222732741973402,17.287759462136517,4.248839773967427,0.7223996960754628,0.2712765703335647,0.013824446817253089,15.092035833167149
192,9.458367929943849,16.49604995558463,3.0502146309902938,-8.375491970391323,18.012946023140678,16.138294810041536,-7.304199678938895,16.573654578855127,14.956213495316813,-9.281584773333625,19.222732741973402,17.15180899523293,4.2488395880210135,0.7223996960754628,0.2712765703335647,0.013824446817253089,14.956213495316813
193,9.322957409420997,16.50829267826015,3.050215082595317,-8.375491970391323,18.012946023140678,16.002336958717944,-7.304199678938895,16.573654578855127,14.820394616851212,-9.281584773333625,19.222732741973402,17.01585770774652,4.248839243546948,0.7223996960754628,0.2712765703335647,0.013824446817253089,14.820394616851212
194,9.187546880266892,16.520535188129152,3.0502150429327473,-8.375491970391323,18.012946023140678,15.866379082462869,-7.304199678938895,16.573654578855127,14.684578070477304,-9.281584773333625,19.222732741973402,16.879907008027516,4.248838785279703,0.7223996960754628,0.2712765703335647,0.013824446817253089,14.684578070477304
195,9.052136375071187,16.53277787674402,3.0502145516822967,-8.375491970391323,18.012946023140678,15.730421186880102,-7.304199678938895,16.573654578855127,14.548763973548711,-9.281584773333625,19.222732741973402,16.743956861549158,4.24883846928698,0.7223996960754628,0.2712765703335647,0.013824446817253089,14.548763973548711
196,8.916725837032928,16.545020129349588,3.0502141366676234,-8.375491970391323,18.012946023140678,15.594463408302689,-7.304199678938895,16.573654578855127,14.412952724299684,-9.281584773333625,19.222732741973402,16.608006869291277,4.2488381177315935,0.7223996960754628,0.2712765703335647,0.013824446817253089,14.412952724299684
197,8.781315367776633,16.557263061354735,3.050212809947003,-8.375491970391323,18.012946023140678,15.458505496382196,-7.304199678938895,16.573654578855127,14.277143802004995,-9.281584773333625,19.222732741973402,16.472057790368385,4.248837858440485,0.7223996960754628,0.2712765703335647,0.013824446817253089,14.277143802004995
198,8.645904919515242,16.569506152108392,3.050213281609696,-8.375491970391323,18.012946023140678,15.322548125833295,-7.304199678938895,16.573654578855127,14.1413390606599,-9.281584773333625,19.222732741973402,16.336107527980367,4.248837627256148,0.7223996960754628,0.2712765703335647,0.013824446817253089,14.1413390606599
199,8.510494506631636,16.581749507803735,3.0502148095270636,-8.375491970391323,18.012946023140678,15.186591120376645,-7.304199678938895,16.573654578855127,14.005538102006723,-9.281584773333625,19.222732741973402,16.200156668770504,4.248837246981277,0.7223996960754628,0.2712765703335647,0.013824446817253089,14.005538102006723
200,8.375084075572433,16.593992539186956,3.0502176088802417,-8.375491970391323,18.012946023140678,15.050634541236754,-7.304199678938895,16.573654578855127,13.869741126175102,-9.281584773333625,19.222732741973402,16.064205059609428,4.248836829521826,0.7223996960754628,0.2712765703335647,0.013824446817253089,13.869741126175102
201,8.239673634127614,16.60623534775627,3.050220575655743,-8.375491970391323,18.012946023140678,14.91467811645491,-7.304199678938895,16.573654578855127,13.733947498659376,-9.281584773333625,19.222732741973402,15.928253562223144,4.248836460876682,0.7223996960754628,0.2712765703335647,0.013824446817253089,13.733947498659376
202,8.104263132320941,16.61847742280237,3.050223726044522,-8.375491970391323,18.012946023140678,14.778721853902628,-7.304199678938895,16.573654578855127,13.59815729678403,-9.281584773333625,19.222732741973402,15.792302173699769,4.2488361661144385,0.7223996960754628,0.2712765703335647,0.013824446817253089,13.59815729678403
203,7.968852594595152,16.63071906675457,3.0502258477306,-8.375491970391323,18.012946023140678,14.642765450906746,-7.304199678938895,16.573654578855127,13.462369835397615,-9.281584773333625,19.222732741973402,15.656351834810636,4.248835980652845,0.7223996960754628,0.2712765703335647,0.013824446817253089,13.462369835397615
204,7.833442025140575,16.642960364995176,3.0502275526108322,-8.375491970391323,18.012946023140678,14.506809057376467,-7.304199678938895,16.573654578855127,13.326585624294607,-9.281584773333625,19.222732741973402,15.520402071523009,4.248835943098288,0.7223996960754628,0.2712765703335647,0.013824446817253089,13.326585624294607
205,7.698031409257695,16.655201160945175,3.0502287760294124,-8.375491970391323,18.012946023140678,14.370852661246365,-7.304199678938895,16.573654578855127,13.190804722415697,-9.281584773333625,19.222732741973402,15.384452942194834,4.2488359027175955,0.7223996960754628,0.2712765703335647,0.013824446817253089,13.190804722415697
206,7.562620790527665,16.66744194256614,3.050229150274327,-8.375491970391323,18.012946023140678,14.234896169227495,-7.304199678938895,16.573654578855127,13.055027028737806,-9.281584773333625,19.222732741973402,15.248504730999784,4.248835938287851,0.7223996960754628,0.2712765703335647,0.013824446817253089,13.055027028737806
207,7.427210122330011,16.67968220708579,3.050229329526995,-8.375491970391323,18.012946023140678,14.098939750359854,-7.304199678938895,16.573654578855127,12.919253064177516,-9.281584773333625,19.222732741973402,15.112556943315925,4.248835966274521,0.7223996960754628,0.2712765703335647,0.013824446817253089,12.919253064177516
208,7.291799461494691,16.691922580657515,3.0502280889124433,-8.375491970391323,18.012946023140678,13.962983098033936,-7.304199678938895,16.573654578855127,12.78348218683964,-9.281584773333625,19.222732741973402,14.976610527060053,4.248836037648306,0.7223996960754628,0.2712765703335647,0.013824446817253089,12.78348218683964
209,7.156388812773456,16.70416313716565,3.0502268107373047,-8.375491970391323,18.012946023140678,13.827026556040325,-7.304199678938895,16.573654578855127,12.647715433190704,-9.281584773333625,19.222732741973402,14.840664414055295,4.248836217264702,0.7223996960754628,0.2712765703335647,0.013824446817253089,12.647715433190704
210,7.0209781799575985,16.71640389585423,3.050225716763457,-8.375491970391323,18.012946023140678,13.691070185059832,-7.304199678938895,16.573654578855127,12.511953085886114,-9.281584773333625,19.222732741973402,14.704718441882616,4.248836336578134,0.7223996960754628,0.2712765703335647,0.013824446817253089,12.511953085886114
211,6.885567591607667,16.728645155721978,3.0502251447657924,-8.375491970391323,18.012946023140678,13.55511407159873,-7.304199678938895,16.573654578855127,12.376195522943062,-9.281584773333625,19.222732741973402,14.568772353865427,4.24883646029033,0.7223996960754628,0.2712765703335647,0.013824446817253089,12.376195522943062
212,6.750156964221858,16.740885985787294,3.0502253936162207,-8.375491970391323,18.012946023140678,13.419158304427611,-7.304199678938895,16.573654578855127,12.24044303274365,-9.281584773333625,19.222732741973402,14.432825942429423,4.248836455021156,0.7223996960754628,0.2712765703335647,0.013824446817253089,12.24044303274365
213,6.614746320842794,16.753126649431316,3.0502239663973922,-8.375491970391323,18.012946023140678,13.283202262531097,-7.304199678938895,16.573654578855127,12.104694163550498,-9.281584773333625,19.222732741973402,14.296881145295654,4.248836446915876,0.7223996960754628,0.2712765703335647,0.013824446817253089,12.104694163550498
214,6.4793357446889654,16.765368116986053,3.0502218918625332,-8.375491970391323,18.012946023140678,13.147246191474249,-7.304199678938895,16.573654578855127,11.968949797090016,-9.281584773333625,19.222732741973402,14.160937154045074,4.248836734121562,0.7223996960754628,0.2712765703335647,0.013824446817253089,11.968949797090016
215,6.343925208766908,16.77761007057674,3.0502218833181622,-8.375491970391323,18.012946023140678,13.01129077757247,-7.304199678938895,16.573654578855127,11.833211838069223,-9.281584773333625,19.222732741973402,14.02499188487693,4.248836981557644,0.7223996960754628,0.2712765703335647,0.013824446817253089,11.833211838069223
216,6.208514706474739,16.789852362254493,3.0502236583655065,-8.375491970391323,18.012946023140678,12.875335964390638,-7.304199678938895,16.573654578855127,11.697480272124045,-9.281584773333625,19.222732741973402,13.8890455765972,4.24883699007484,0.7223996960754628,0.2712765703335647,0.013824446817253089,11.697480272124045
217,6.073104181758828,16.80209435379333,3.050226914164207,-8.375491970391323,18.012946023140678,12.739381690651738,-7.304199678938895,16.573654578855127,11.561755046455824,-9.281584773333625,19.222732741973402,13.75309848704669,4.24883687417832,0.7223996960754628,0.2712765703335647,0.013824446817253089,11.561755046455824
218,5.937693635711461,16.81433607156044,3.0502304481379445,-8.375491970391323,18.012946023140678,12.603427660116314,-7.304199678938895,16.573654578855127,11.42603557663953,-9.281584773333625,19.222732741973402,13.617151555901865,4.248836784700481,0.7223996960754628,0.2712765703335647,0.013824446817253089,11.42603557663953
219,5.802283093458392,16.8265778201932,3.050235011235419,-8.375491970391323,18.012946023140678,12.467474060857672,-7.304199678938895,16.573654578855127,11.2903225592072,-9.281584773333625,19.222732741973402,13.481204206981788,4.248836841808737,0.7223996960754628,0.2712765703335647,0.013824446817253089,11.2903225592072
220,5.666872435461398,16.83881826983795,3.0502410020200417,-8.375491970391323,18.012946023140678,12.33152101460881,-7.304199678938895,16.573654578855127,11.154616374800245,-9.281584773333625,19.222732741973402,13.345256168306266,4.24883672087742,0.7223996960754628,0.2712765703335647,0.013824446817253089,11.154616374800245
221,5.531461694130659,16.85105779696637,3.0502450850931164,-8.375491970391323,18.012946023140678,12.195567686132472,-7.304199678938895,16.573654578855127,11.018915133034694,-9.281584773333625,19.222732741973402,13.209310020261285,4.24883661318409,0.7223996960754628,0.2712765703335647,0.013824446817253089,11.018915133034694
222,5.396050832294641,16.863296070695768,3.0502473025066763,-8.375491970391323,18.012946023140678,12.059614087846663,-7.304199678938895,16.573654578855127,10.883219070814908,-9.281584773333625,19.222732741973402,13.073365740123212,4.248836694846285,0.7223996960754628,0.2712765703335647,0.013824446817253089,10.883219070814908
223,5.260639962930837,16.875534364083787,3.0502470091479514,-8.375491970391323,18.012946023140678,11.923660046639334,-7.304199678938895,16.573654578855127,10.74752810756408,-9.281584773333625,19.222732741973402,12.937423812855275,4.248836970910588,0.7223996960754628,0.2712765703335647,0.013824446817253089,10.74752810756408
224,5.125229043813276,16.88777221109784,3.05024663037209,-8.375491970391323,18.012946023140678,11.787706183077772,-7.304199678938895,16.573654578855127,10.611844016032288,-9.281584773333625,19.222732741973402,12.801482388067258,4.248837233096916,0.7223996960754628,0.2712765703335647,0.013824446817253089,10.611844016032288
225,4.989818112845066,16.90000997523112,3.050244739845975,-8.375491970391323,18.012946023140678,11.651752145973855,-7.304199678938895,16.573654578855127,10.476166194449197,-9.281584773333625,19.222732741973402,12.665542577574817,4.248837327496553,0.7223996960754628,0.2712765703335647,0.013824446817253089,10.476166194449197
226,4.854407234045083,16.9122483619444,3.050242274906629,-8.375491970391323,18.012946023140678,11.515798169846958,-7.304199678938895,16.573654578855127,10.340495571819176,-9.281584773333625,19.222732741973402,12.529603660113803,4.2488375258470255,0.7223996960754628,0.2712765703335647,0.013824446817253089,10.340495571819176
227,4.718996355299025,16.924486769362574,3.0502406892482394,-8.375491970391323,18.012946023140678,11.379844638083007,-7.304199678938895,16.573654578855127,10.204833327582953,-9.281584773333625,19.222732741973402,12.393664544230115,4.248837600240958,0.7223996960754628,0.2712765703335647,0.013824446817253089,10.204833327582953
228,4.583585523733456,16.936725678320126,3.0502387471505226,-8.375491970391323,18.012946023140678,11.243891245187923,-7.304199678938895,16.573654578855127,10.069179036033164,-9.281584773333625,19.222732741973402,12.257726192451557,4.248837588186826,0.7223996960754628,0.2712765703335647,0.013824446817253089,10.069179036033164
229,4.44817469646778,16.948964628411925,3.05023733612112,-8.375491970391323,18.012946023140678,11.107938228011385,-7.304199678938895,16.573654578855127,9.9335335553313,-9.281584773333625,19.222732741973402,12.121787945571027,4.248837582494903,0.7223996960754628,0.2712765703335647,0.013824446817253089,9.9335335553313
230,4.312763884587807,16.96120373623116,3.050235312747515,-8.375491970391323,18.012946023140678,10.971985305651916,-7.304199678938895,16.573654578855127,9.797896531079425,-9.281584773333625,19.222732741973402,11.985850698973357,4.24883754135194,0.7223996960754628,0.2712765703335647,0.013824446817253089,9.797896531079425
231,4.17735312996106,16.97344348359556,3.050233182398115,-8.375491970391323,18.012946023140678,10.836032607236389,-7.304199678938895,16.573654578855127,9.662268685268067,-9.281584773333625,19.222732741973402,11.849914070911378,4.248837627508046,0.7223996960754628,0.2712765703335647,0.013824446817253089,9.662268685268067
232,4.041942414101253,16.985683655274144,3.0502323159364564,-8.375491970391323,18.012946023140678,10.70008049366164,-7.304199678938895,16.573654578855127,9.526651248084717,-9.281584773333625,19.222732741973402,11.713977032279068,4.248837683112005,0.7223996960754628,0.2712765703335647,0.013824446817253089,9.526651248084717
233,3.9065316699803905,16.997923482245156,3.050231761858174,-8.375491970391323,18.012946023140678,10.564128747050098,-7.304199678938895,16.573654578855127,9.39104398795565,-9.281584773333625,19.222732741973402,11.57804035224107,4.248837533281374,0.7223996960754628,0.2712765703335647,0.013824446817253089,9.39104398795565
234,3.771120986301682,17.01016396009307,3.050230022321217,-8.375491970391323,18.012946023140678,10.428176983703574,-7.304199678938895,16.573654578855127,9.255446492153855,-9.281584773333625,19.222732741973402,11.442105180459722,4.24883752014112,0.7223996960754628,0.2712765703335647,0.013824446817253089,9.255446492153855
235,3.6357103262200967,17.022404710998792,3.0502295680067704,-8.375491970391323,18.012946023140678,10.292225844905978,-7.304199678938895,16.573654578855127,9.11986072090996,-9.281584773333625,19.222732741973402,11.306169647482202,4.248837603137503,0.7223996960754628,0.2712765703335647,0.013824446817253089,9.11986072090996
236,3.5002997055959515,17.03464586337122,3.0502299655541085,-8.375491970391323,18.012946023140678,10.156275235915915,-7.304199678938895,16.573654578855127,8.98428691045976,-9.281584773333625,19.222732741973402,11.170234111511936,4.2488375519296735,0.7223996960754628,0.2712765703335647,0.013824446817253089,8.98428691045976
237,3.3648890602629313,17.046886700126475,3.050231275914686,-8.375491970391323,18.012946023140678,10.020325196155321,-7.304199678938895,16.573654578855127,8.848725563210161,-9.281584773333625,19.222732741973402,11.034298566320608,4.248837397872843,0.7223996960754628,0.2712765703335647,0.013824446817253089,8.848725563210161
238,3.229478385578774,17.059127182327057,3.0502315974999146,-8.375491970391323,18.012946023140678,9.884375253880405,-7.304199678938895,16.573654578855127,8.713176069653173,-9.281584773333625,19.222732741973402,10.898364494048625,4.248837230402643,0.7223996960754628,0.2712765703335647,0.013824446817253089,8.713176069653173
239,3.094067668013839,17.071367214807513,3.050230275471424,-8.375491970391323,18.012946023140678,9.748425251547426,-7.304199678938895,16.573654578855127,8.577638618010132,-9.281584773333625,19.222732741973402,10.76243241838287,4.2488371897044654,0.7223996960754628,0.2712765703335647,0.013824446817253089,8.577638618010132
240,2.9586569984293623,17.083607829756104,3.0502272949381704,-8.375491970391323,18.012946023140678,9.612475181892703,-7.304199678938895,16.573654578855127,8.442113920336562,-9.281584773333625,19.222732741973402,10.626502352318298,4.248837348756219,0.7223996960754628,0.2712765703335647,0.013824446817253089,8.442113920336562
241,2.8232463622361816,17.095848860493764,3.050225099944138,-8.375491970391323,18.012946023140678,9.476525688520203,-7.304199678938895,16.573654578855127,8.306604115960894,-9.281584773333625,19.222732741973402,10.490572459277258,4.248837517705769,0.7223996960754628,0.2712765703335647,0.013824446817253089,8.306604115960894
242,2.687835753670008,17.10809018175313,3.0502232922514625,-8.375491970391323,18.012946023140678,9.340576693906822,-7.304199678938895,16.573654578855127,8.17110967367842,-9.281584773333625,19.222732741973402,10.35464308337875,4.248837477142795,0.7223996960754628,0.2712765703335647,0.013824446817253089,8.17110967367842
243,2.5526111872016597,17.12026371055186,3.0501649074595254,-8.375491970391323,18.012946023140678,9.204805689706939,-7.304199678938895,16.573654578855127,8.035783798492096,-9.281584773333625,19.222732741973402,10.21895019644446,4.2429791170475495,0.7223996960754628,0.2712765703335647,0.013824446817253089,8.035783798492096
244,2.4173929751450838,17.13243246379792,3.0499353241402196,-8.375491970391323,18.012946023140678,9.068997892320414,-7.304199678938895,16.573654578855127,7.900379711222774,-9.281584773333625,19.222732741973402,10.083395620804916,4.242738182015231,0.7223996960754628,0.2712765703335647,0.013824446817253089,7.900379711222774
245,2.2821391440250327,17.14462641978201,3.0495564584573596,-8.375491970391323,18.012946023140678,8.933114092286793,-7.304199678938895,16.573654578855127,7.7648708075069575,-9.281584773333625,19.222732741973402,9.9479175475152,4.24387224076903,0.7223996960754628,0.2712765703335647,0.013824446817253089,7.7648708075069575
246,2.1468537597231245,17.156866739923615,3.0490592437095203,-8.375491970391323,18.012946023140678,8.797164199144657,-7.304199678938895,16.573654578855127,7.629282002419191,-9.281584773333625,19.222732741973402,9.812494120797917,4.244955112795642,0.7223996960754628,0.2712765703335647,0.013824446817253089,7.629282002419191
247,2.0115522338472505,17.16916942431328,3.0484641598626565,-8.375491970391323,18.012946023140678,8.661167295773692,-7.304199678938895,16.573654578855127,7.493643428538441,-9.281584773333625,19.222732741973402,9.677123354265893,4.245623706305976,0.7223996960754628,0.2712765703335647,0.013824446817253089,7.493643428538441
248,1.8762499081928892,17.181547450290573,3.047782179458541,-8.375491970391323,18.012946023140678,8.525140293400963,-7.304199678938895,16.573654578855127,7.35797969220548,-9.281584773333625,19.222732741973402,9.541810808414175,4.245869182938321,0.7223996960754628,0.2712765703335647,0.013824446817253089,7.35797969220548
249,1.7409591904914827,17.194012327126607,3.047017952865413,-8.375491970391323,18.012946023140678,8.389095748247726,-7.304199678938895,16.573654578855127,7.222309006166941,-9.281584773333625,19.222732741973402,9.406564144283816,4.245775134566461,0.7223996960754628,0.2712765703335647,0.013824446817253089,7.222309006166941
250,1.6056895503860606,17.206575069086178,3.0461722282303523,-8.375491970391323,18.012946023140678,8.253042392361209,-7.304199678938895,16.573654578855127,7.0866447105189,-9.281584773333625,19.222732741973402,9.271391175180149,4.24542876980057,0.7223996960754628,0.2712765703335647,0.013824446817253089,7.0866447105189
251,1.4704482573954007,17.2192467397782,3.0452433768900984,-8.375491970391323,18.012946023140678,8.11698621859307,-7.304199678938895,16.573654578855127,6.95099699492255,-9.281584773333625,19.222732741973402,9.136299388135848,4.244897020293512,0.7223996960754628,0.2712765703335647,0.013824446817253089,6.95099699492255
252,1.3352411413673961,17.232038728483925,3.0442282967475562,-8.375491970391323,18.012946023140678,7.980931457099358,-7.304199678938895,16.573654578855127,6.815374272372828,-9.281584773333625,19.222732741973402,9.001295993441632,4.2442250133751775,0.7223996960754628,0.2712765703335647,0.013824446817253089,6.815374272372828
253,1.200073183236756,17.244962874844525,3.0431229301403064,-8.375491970391323,18.012946023140678,7.84488130154046,-7.304199678938895,16.573654578855127,6.6797841585225814,-9.281584773333625,19.222732741973402,8.86638811814682,4.243440737775318,0.7223996960754628,0.2712765703335647,0.013824446817253089,6.6797841585225814
254,1.064948925772413,17.258031517465287,3.0419225536045085,-8.375491970391323,18.012946023140678,7.708838408088611,-7.304199678938895,16.573654578855127,6.544234143808381,-9.281584773333625,19.222732741973402,8.731583005311492,4.242560253862154,0.7223996960754628,0.2712765703335647,0.013824446817253089,6.544234143808381
255,0.9298727441363065,17.271257513053644,3.0406219372302066,-8.375491970391323,18.012946023140678,7.572805227818831,-7.304199678938895,16.573654578855127,6.408732059388566,-9.281584773333625,19.222732741973402,8.596888179369543,4.241591840893016,0.7223996960754628,0.2712765703335647,0.013824446817253089,6.408732059388566
256,0.7948490200987259,17.284654252928163,3.0392154324674197,-8.375491970391323,18.012946023140678,7.436784229073555,-7.304199678938895,16.573654578855127,6.2732864184642,-9.281584773333625,19.222732741973402,8.46231157373533,4.240538902040287,0.7223996960754628,0.2712765703335647,0.013824446817253089,6.2732864184642
257,0.6598822546487494,17.29823569017227,3.0376970228975444,-8.375491970391323,18.012946023140678,7.300778052470663,-7.304199678938895,16.573654578855127,6.137906690923415,-9.281584773333625,19.222732741973402,8.327861627788277,4.239401864761714,0.7223996960754628,0.2712765703335647,0.013824446817253089,6.137906690923415
258,0.5249771432094678,17.312016381605652,3.036060357423,-8.375491970391323,18.012946023140678,7.164789627862103,-7.304199678938895,16.573654578855127,6.002603549932094,-9.281584773333625,19.222732741973402,8.19354736241534,4.238179369768559,0.7223996960754628,0.2712765703335647,0.013824446817253089,6.002603549932094
259,0.39013862915864606,17.326011543078607,3.034298776161892,-8.375491970391323,18.012946023140678,7.028822272399007,-7.304199678938895,16.573654578855127,5.867389115460095,-9.281584773333625,19.222732741973402,8.059378442495742,4.236868989855897,0.7223996960754628,0.2712765703335647,0.013824446817253089,5.867389115460095
260,0.2553719453367935,17.340237113600725,3.0324053339394954,-8.375491970391323,18.012946023140678,6.892879781911326,-7.304199678938895,16.573654578855127,5.732277210965522,-9.281584773333625,19.222732741973402,7.925365233240045,4.235467651449032,0.7223996960754628,0.2712765703335647,0.013824446817253089,5.732277210965522
261,0.12068264926668726,17.35470982281131,3.030372823287997,-8.375491970391323,18.012946023140678,6.75696652335341,-7.304199678938895,16.573654578855127,5.597283644319632,-9.281584773333625,19.222732741973402,7.791518855821426,4.2339718745765715,0.7223996960754628,0.2712765703335647,0.013824446817253089,5.597283644319632
262,-0.013923344666338267,17.369447256635496,3.0281937974033255,-8.375491970391323,18.012946023140678,6.621087533359404,-7.304199678938895,16.573654578855127,5.462426521439122,-9.281584773333625,19.222732741973402,7.657851246436828,4.232377905751164,0.7223996960754628,0.2712765703335647,0.013824446817253089,5.462426521439122
263,-0.14843973430773083,17.38446791706695,3.025860592954781,-8.375491970391323,18.012946023140678,6.485248626406738,-7.304199678938895,16.573654578855127,5.327726600163965,-9.281584773333625,19.222732741973402,7.524375221843809,4.230681790485595,0.7223996960754628,0.2712765703335647,0.013824446817253089,5.327726600163965
264,-0.28285979918999504,17.39979127340187,3.0233653525848867,-8.375491970391323,18.012946023140678,6.3494565152862945,-7.304199678938895,16.573654578855127,5.193207692093617,-9.281584773333625,19.222732741973402,7.391104553542502,4.2288794141852515,0.7223996960754628,0.2712765703335647,0.013824446817253089,5.193207692093617
265,-0.41717636991537344,17.41543780357967,3.020700047098681,-8.375491970391323,18.012946023140678,6.213718946246847,-7.304199678938895,16.573654578855127,5.058897120993092,-9.281584773333625,19.222732741973402,7.258054052111962,4.226966528759933,0.7223996960754628,0.2712765703335647,0.013824446817253089,5.058897120993092
266,-0.5513817972838013,17.431429025357183,3.017856497553123,-8.375491970391323,18.012946023140678,6.0780448511430425,-7.304199678938895,16.573654578855127,4.924826247780617,-9.281584773333625,19.222732741973402,7.125239662759766,4.22493877517995,0.7223996960754628,0.2712765703335647,0.013824446817253089,4.924826247780617
267,-0.6854679211226267,17.44778751776827,3.014826397625162,-8.375491970391323,18.012946023140678,5.9424445190650665,-7.304199678938895,16.573654578855127,4.791031073903801,-9.281584773333625,19.222732741973402,6.992678572886403,4.222791707807818,0.7223996960754628,0.2712765703335647,0.013824446817253089,4.791031073903801
268,-0.8194260388546268,17.46453693370084,3.01160133672327,-8.375491970391323,18.012946023140678,5.806929790206545,-7.304199678938895,16.573654578855127,4.657552937078671,-9.281584773333625,19.222732741973402,6.860389332373688,4.220520823656745,0.7223996960754628,0.2712765703335647,0.013824446817253089,4.657552937078671
269,-0.9532468738966775,17.481702004517327,3.0081728243093524,-8.375491970391323,18.012946023140678,5.6715142751095025,-7.304199678938895,16.573654578855127,4.524439315940981,-9.281584773333625,19.222732741973402,6.728391987344605,4.21812159811803,0.7223996960754628,0.2712765703335647,0.013824446817253089,4.524439315940981
270,-1.0869205440293814,17.499308537538752,3.0045323158334716,-8.375491970391323,18.012946023140678,5.536213602907291,-7.304199678938895,16.573654578855127,4.391744763215964,-9.281584773333625,19.222732741973402,6.5967082282742995,4.215589527755125,0.7223996960754628,0.2712765703335647,0.013824446817253089,4.391744763215964
271,-1.2204365299249291,17.51738340699543,3.0006712405782525,-8.375491970391323,18.012946023140678,5.398878578591881,-7.304199678938895,16.573654578855127,4.259531990647039,-9.281584773333625,19.222732741973402,6.465361553524516,4.212920180224218,0.7223996960754628,0.2712765703335647,0.013824446817253089,4.259531990647039
272,-1.3537836440674038,17.53595453879618,2.9965810315881716,-8.375491970391323,18.012946023140678,5.261023729364125,-7.304199678938895,16.573654578855127,4.127873133240166,-9.281584773333625,19.222732741973402,6.332893524061572,4.210109251086365,0.7223996960754628,0.2712765703335647,0.013824446817253089,4.127873133240166
273,-1.486950000345521,17.555050889237556,2.9922531577413727,-8.375491970391323,18.012946023140678,5.123086721249857,-7.304199678938895,16.573654578855127,3.99685122547461,-9.281584773333625,19.222732741973402,6.199428745515112,4.207152627116277,0.7223996960754628,0.2712765703335647,0.013824446817253089,3.99685122547461
274,-1.6199097061940315,17.574703823859313,2.9876808410665596,-8.375491970391323,18.012946023140678,4.985088379016165,-7.304199678938895,16.573654578855127,3.8665756322185136,-9.281584773333625,19.222732741973402,6.066157371908941,4.203654190945671,0.7223996960754628,0.2712765703335647,0.013824446817253089,3.8665756322185136
275,-1.7526394407983579,17.594944219635373,2.9828563881386545,-8.375491970391323,18.012946023140678,4.847047784519247,-7.304199678938895,16.573654578855127,3.737166425147964,-9.281584773333625,19.222732741973402,5.933106312150181,4.1997036455974435,0.7223996960754628,0.2712765703335647,0.013824446817253089,3.737166425147964
276,-1.8851197237119204,17.61580309816416,2.9777729640116695,-8.375491970391323,18.012946023140678,4.708982618464281,-7.304199678938895,16.573654578855127,3.6087558776957502,-9.281584773333625,19.222732741973402,5.800299908179223,4.19543034534235,0.7223996960754628,0.2712765703335647,0.013824446817253089,3.6087558776957502
277,-2.0173311954969613,17.637310408418184,2.972426611154322,-8.375491970391323,18.012946023140678,4.570914867152049,-7.304199678938895,16.573654578855127,3.4814946639795448,-9.281584773333625,19.222732741973402,5.66776344521105,4.190841622715551,0.7223996960754628,0.2712765703335647,0.013824446817253089,3.4814946639795448
278,-2.149255861158591,17.65949401337546,2.9668109516699612,-8.375491970391323,18.012946023140678,4.432865957897906,-7.304199678938895,16.573654578855127,3.3555525282489653,-9.281584773333625,19.222732741973402,5.535523637301262,4.1859841693893465,0.7223996960754628,0.2712765703335647,0.013824446817253089,3.3555525282489653
279,-2.280876550686852,17.682384458309123,2.960918685430694,-8.375491970391323,18.012946023140678,4.294858129979743,-7.304199678938895,16.573654578855127,3.2311237783470883,-9.281584773333625,19.222732741973402,5.40360827585213,4.180918089205979,0.7223996960754628,0.2712765703335647,0.013824446817253089,3.2311237783470883
280,-2.4121773265245112,17.70601069275083,2.954740928329249,-8.375491970391323,18.012946023140678,4.156914917823601,-7.304199678938895,16.573654578855127,3.108430633938426,-9.281584773333625,19.222732741973402,5.27204716270184,4.175690190822776,0.7223996960754628,0.2712765703335647,0.013824446817253089,3.108430633938426
281,-2.543141273140498,17.73040518720358,2.9482706734212147,-8.375491970391323,18.012946023140678,4.019065678483781,-7.304199678938895,16.573654578855127,2.987731630274085,-9.281584773333625,19.222732741973402,5.140872763477525,4.170311492436066,0.7223996960754628,0.2712765703335647,0.013824446817253089,2.987731630274085
282,-2.6737507304573436,17.75560152857428,2.9415016037419,-8.375491970391323,18.012946023140678,3.8813456393427046,-7.304199678938895,16.573654578855127,2.869326534336248,-9.281584773333625,19.222732741973402,5.010121099747546,4.164788879170577,0.7223996960754628,0.2712765703335647,0.013824446817253089,2.869326534336248
283,-2.803994423887569,17.78163600638307,2.9344290845911623,-8.375491970391323,18.012946023140678,3.743790195898684,-7.304199678938895,16.573654578855127,2.753556293283953,-9.281584773333625,19.222732741973402,4.879824534223219,4.159352375060013,0.7223996960754628,0.2712765703335647,0.013824446817253089,2.753556293283953
284,-2.9338704203207384,17.808547792672144,2.9270500808564046,-8.375491970391323,18.012946023140678,3.606432943954895,-7.304199678938895,16.573654578855127,2.6408077512201413,-9.281584773333625,19.222732741973402,4.750009264733725,4.154323848355621,0.7223996960754628,0.2712765703335647,0.013824446817253089,2.6408077512201413
285,-3.0633768143172015,17.836375642854225,2.919361239265438,-8.375491970391323,18.012946023140678,3.469315465253336,-7.304199678938895,16.573654578855127,2.531530238333655,-9.281584773333625,19.222732741973402,4.615865383553778,4.149730917233612,0.7223996960754628,0.2712765703335647,0.013824446817253089,2.531530238333655
286,-3.1925114936130226,17.86515829926762,2.9113597502775455,-8.375491970391323,18.012946023140678,3.332489794057693,-7.304199678938895,16.573654578855127,2.4262442039479795,-9.281584773333625,19.222732741973402,4.481265221271031,4.145590490987009,0.7223996960754628,0.2712765703335647,0.013824446817253089,2.4262442039479795
287,-3.321272022855447,17.89493467273326,2.9030434750786855,-8.375491970391323,18.012946023140678,3.1960206880528035,-7.304199678938895,16.573654578855127,2.325549480083022,-9.281584773333625,19.222732741973402,4.346802554194498,4.141921958143658,0.7223996960754628,0.2712765703335647,0.013824446817253089,2.325549480083022
288,-3.449655523000369,17.925744017421792,2.8944110498356155,-8.375491970391323,18.012946023140678,3.059988413611524,-7.304199678938895,16.573654578855127,2.2301322951711415,-9.281584773333625,19.222732741973402,4.21249588514613,4.138745196255247,0.7223996960754628,0.2712765703335647,0.013824446817253089,2.2301322951711415
289,-3.5776585949918704,17.95762594489994,2.8854619761665927,-8.375491970391323,18.012946023140678,2.9244921795351475,-7.304199678938895,16.573654578855127,2.1407693825780676,-9.281584773333625,19.222732741973402,4.078369087802942,4.136078704354659,0.7223996960754628,0.2712765703335647,0.013824446817253089,2.1407693825780676
290,-3.705295254221546,17.99062737943038,2.8761963559505466,-8.375491970391323,18.012946023140678,2.789635663937835,-7.304199678938895,16.573654578855127,2.0583163655834755,-9.281584773333625,19.222732741973402,3.9444330284610545,4.1345433556915445,0.7223996960754628,0.2712765703335647,0.013824446817253089,2.0583163655834755
291,-3.8325584056505786,18.02478721813785,2.866617302166374,-8.375491970391323,18.012946023140678,2.655573530319693,-7.304199678938895,16.573654578855127,1.983722881629501,-9.281584773333625,19.222732741973402,3.8107281854542125,4.133460027411263,0.7223996960754628,0.2712765703335647,0.013824446817253089,1.983722881629501
292,-3.959371691087274,18.060133761267696,2.8567258872748975,-8.375491970391323,18.012946023140678,2.522563817185242,-7.304199678938895,16.573654578855127,1.9180466969464165,-9.281584773333625,19.222732741973402,3.6773719680825883,4.130781995569823,0.7223996960754628,0.2712765703335647,0.013824446817253089,1.9180466969464165
293,-4.085672223490656,18.09668849392727,2.8465190692337847,-8.375491970391323,18.012946023140678,2.390893486342716,-7.304199678938895,16.573654578855127,1.8623496791676735,-9.281584773333625,19.222732741973402,3.5444791283823434,4.126872256082061,0.7223996960754628,0.2712765703335647,0.013824446817253089,1.8623496791676735
294,-4.211408374973153,18.134473765072222,2.8359943976240904,-8.375491970391323,18.012946023140678,2.2608933808790317,-7.304199678938895,16.573654578855127,1.8176502052827932,-9.281584773333625,19.222732741973402,3.412164806243617,4.122091233286367,0.7223996960754628,0.2712765703335647,0.013824446817253089,1.8176502052827932
295,-4.336535548487179,18.173513779616997,2.8251510409273717,-8.375491970391323,18.012946023140678,2.132957247612721,-7.304199678938895,16.573654578855127,1.784862611737855,-9.281584773333625,19.222732741973402,3.2726595684576307,4.116687182177041,0.7223996960754628,0.2712765703335647,0.013824446817253089,1.784862611737855
296,-4.46101493396288,18.213827269456466,2.8139870036347028,-8.375491970391323,18.012946023140678,2.007561154178476,-7.304199678938895,16.573654578855127,1.7647259939791038,-9.281584773333625,19.222732741973402,3.1326252730256363,4.110794755874713,0.7223996960754628,0.2712765703335647,0.013824446817253089,1.7647259939791038
297,-4.584809571129817,18.25543752695257,2.802503300075073,-8.375491970391323,18.012946023140678,1.8852918763982935,-7.304199678938895,16.573654578855127,1.7577423088539652,-9.281584773333625,19.222732741973402,2.9927501332914677,4.104541589172339,0.7223996960754628,0.2712765703335647,0.013824446817253089,1.7577423088539652
298,-4.70788416633466,18.29836958641713,2.7907028732908143,-8.375491970391323,18.012946023140678,1.7668767321408245,-7.304199678938895,16.573654578855127,1.764126105566664,-9.281584773333625,19.222732741973402,2.8531162989972167,4.098026057275987,0.7223996960754628,0.2712765703335647,0.013824446817253089,1.7577423088539652
299,-4.830204790917344,18.342648541699415,2.778589925027934,-8.375491970391323,18.012946023140678,1.653220269438277,-7.304199678938895,16.573654578855127,1.7837831109108113,-9.281584773333625,19.222732741973402,2.7138192785340034,4.091322448295841,0.7223996960754628,0.2712765703335647,0.013824446817253089,1.653220269438277
300,-4.951738514292076,18.388298925613157,2.7661696701341385,-8.375491970391323,18.012946023140678,1.5454469076839752,-7.304199678938895,16.573654578855127,1.8163226363559142,-9.281584773333625,19.222732741973402,2.574971879641736,4.084489041740206,0.7223996960754628,0.2712765703335647,0.013824446817253089,1.5454469076839752
301,-5.072455015399278,18.435336653428106,2.7534448693138076,-8.375491970391323,18.012946023140678,1.4449431469042473,-7.304199678938895,16.573654578855127,1.8610987729919812,-9.281584773333625,19.222732741973402,2.4367078055578615,4.077527041515177,0.7223996960754628,0.2712765703335647,0.013824446817253089,1.4449431469042473
302,-5.192323336732311,18.483779856993493,2.7404203956545663,-8.375491970391323,18.012946023140678,1.3533978151871247,-7.304199678938895,16.573654578855127,1.917276780545104,-9.281584773333625,19.222732741973402,2.2991906664927932,4.070476201082046,0.7223996960754628,0.2712765703335647,0.013824446817253089,1.3533978151871247
303,-5.311312243391932,18.533648734519854,2.7271032705710265,-8.375491970391323,18.012946023140678,1.272810541158229,-7.304199678938895,16.573654578855127,1.9839031246064345,-9.281584773333625,19.222732741973402,2.1626221660964764,4.0633895902416635,0.7223996960754628,0.2712765703335647,0.013824446817253089,1.272810541158229
304,-5.42939104787809,18.584963311157164,2.7135017299053446,-8.375491970391323,18.012946023140678,1.2054404858933143,-7.304199678938895,16.573654578855127,2.0599713312821124,-9.281584773333625,19.222732741973402,2.0272530434599987,4.056317104353507,0.7223996960754628,0.2712765703335647,0.013824446817253089,1.2054404858933143
305,-5.546403807363925,18.637750532780654,2.6996526849693527,-8.375491970391323,18.012946023140678,1.1537284492455755,-7.304199678938895,16.573654578855127,2.1444226103515858,-9.281584773333625,19.222732741973402,1.8935305059462415,4.045336341349177,0.7223996960754628,0.2712765703335647,0.013824446817253089,1.1537284492455755
306,-5.6623469299345786,18.692027347197655,2.6855390142070443,-8.375491970391323,18.012946023140678,1.1198578530665855,-7.304199678938895,16.573654578855127,2.2363299094670506,-9.281584773333625,19.222732741973402,1.7618198440218311,4.035393059181729,0.7223996960754628,0.2712765703335647,0.013824446817253089,1.1198578530665855
307,-5.777257933086071,18.747808796909485,2.6711531573021112,-8.375491970391323,18.012946023140678,1.1054596530274317,-7.304199678938895,16.573654578855127,2.3348293727874587,-9.281584773333625,19.222732741973402,1.6325754897714544,4.027718393020078,0.7223996960754628,0.2712765703335647,0.013824446817253089,1.1054596530274317
308,-5.891224052284466,18.80511131974919,2.656494308098652,-8.375491970391323,18.012946023140678,1.1112742714398713,-7.304199678938895,16.573654578855127,2.4391498907022346,-9.281584773333625,19.222732741973402,1.5063721558468701,4.023790496244831,0.7223996960754628,0.2712765703335647,0.013824446817253089,1.1054596530274317
309,-6.004178315843484,18.863941725814893,2.6415931890481974,-8.375491970391323,18.012946023140678,1.1370170316400185,-7.304199678938895,16.573654578855127,2.548519323834447,-9.281584773333625,19.222732741973402,1.3841695737113098,4.018797689605504,0.7223996960754628,0.2712765703335647,0.013824446817253089,1.1054596530274317
310,-6.11606406252199,18.92431120220713,2.6264674676426214,-8.375491970391323,18.012946023140678,1.1814009193791746,-7.304199678938895,16.573654578855127,2.6622762852225454,-9.281584773333625,19.222732741973402,1.2672210894233937,4.013261170265221,0.7223996960754628,0.2712765703335647,0.013824446817253089,1.1054596530274317
311,-6.226851904067878,18.986227356402633,2.611145245476403,-8.375491970391323,18.012946023140678,1.2423945720961322,-7.304199678938895,16.573654578855127,2.779822436823876,-9.281584773333625,19.222732741973402,1.1571721989779222,4.00779767768426,0.7223996960754628,0.2712765703335647,0.013824446817253089,1.1054596530274317
312,-6.3365385340208435,19.049700780287473,2.5956373143842075,-8.375491970391323,18.012946023140678,1.31767825487289,-7.304199678938895,16.573654578855127,2.900674772525356,-9.281584773333625,19.222732741973402,1.0561985944956698,4.003109247637983,0.7223996960754628,0.2712765703335647,0.013824446817253089,1.0561985944956698
313,-6.445131388697143,19.11474820776585,2.579961994990662,-8.375491970391323,18.012946023140678,1.4049363377380348,-7.304199678938895,16.573654578855127,3.02441374296768,-9.281584773333625,19.222732741973402,0.9671536718092641,3.999531183866831,0.7223996960754628,0.2712765703335647,0.013824446817253089,0.9671536718092641
314,-6.552591759136707,19.1813851226355,2.5641335892711203,-8.375491970391323,18.012946023140678,1.5020730251431638,-7.304199678938895,16.573654578855127,3.150668467295248,-9.281584773333625,19.222732741973402,0.8936698569021773,3.996034430825076,0.7223996960754628,0.2712765703335647,0.013824446817253089,0.8936698569021773
315,-6.65888778111881,19.24962084880084,2.5481670253094038,-8.375491970391323,18.012946023140678,1.6072758520118267,-7.304199678938895,16.573654578855127,3.279112153831193,-9.281584773333625,19.222732741973402,0.8398819105547642,3.9927206592624453,0.7223996960754628,0.2712765703335647,0.013824446817253089,0.8398819105547642
316,-6.76399181713872,19.319462907686482,2.532077705273941,-8.375491970391323,18.012946023140678,1.7190366219839608,-7.304199678938895,16.573654578855127,3.409459877791571,-9.281584773333625,19.222732741973402,0.8097483383644148,3.989698208736829,0.7223996960754628,0.2712765703335647,0.013824446817253089,0.8097483383644148
317,-6.8678789730176675,19.390918017684797,2.5158817358787853,-8.375491970391323,18.012946023140678,1.8361269343592799,-7.304199678938895,16.573654578855127,3.541463250313407,-9.281584773333625,19.222732741973402,0.8059366602809466,3.987053874310337,0.7223996960754628,0.2712765703335647,0.013824446817253089,0.8059366602809466
318,-6.970526457584278,19.463992061302104,2.4995959328597435,-8.375491970391323,18.012946023140678,1.957557111710334,-7.304199678938895,16.573654578855127,3.674905363357303,-9.281584773333625,19.222732741973402,0.8288078044435864,3.9848556109964974,0.7223996960754628,0.2712765703335647,0.013824446817253089,0.8059366602809466
319,-7.07000315520613,19.537330678620563,2.4841815225029387,-8.375491970391323,18.012946023140678,2.0791536721267976,-7.304199678938895,16.573654578855127,3.8061663642676393,-9.281584773333625,19.222732741973402,0.8740277211984433,3.9073563668807543,0.7223996960754628,0.2712765703335647,0.013824446817253089,0.8059366602809466
320,-7.167244593156671,19.612379469196416,2.4727433524093634,-8.375491970391323,18.012946023140678,2.196936121395973,-7.304199678938895,16.573654578855127,3.932395610738434,-9.281584773333625,19.222732741973402,0.9320998177471851,3.867793105854446,0.7223996960754628,0.2712765703335647,0.013824446817253089,0.8059366602809466
321,-7.262199828596297,19.688636021851227,2.465439489865893,-8.375491970391323,18.012946023140678,2.3100893597657413,-7.304199678938895,16.573654578855127,4.053081992711315,-9.281584773333625,19.222732741973402,0.9981825593772293,3.8225196283522194,0.7223996960754628,0.2712765703335647,0.013824446817253089,0.8059366602809466
322,-7.354709270615565,19.76475251138779,2.4625187221244538,-8.375491970391323,18.012946023140678,2.4168907756947506,-7.304199678938895,16.573654578855127,4.166757948235404,-9.281584773333625,19.222732741973402,1.0673038555931624,3.75117160643769,0.7223996960754628,0.2712765703335647,0.013824446817253089,0.8059366602809466
323,-7.445329093187702,19.84030652661857,2.4634041474075175,-8.375491970391323,18.012946023140678,2.518056773665523,-7.304199678938895,16.573654578855127,4.27423283129876,-9.281584773333625,19.222732741973402,1.1377459173130997,3.6900583033968655,0.7223996960754628,0.2712765703335647,0.013824446817253089,0.8059366602809466
324,-7.534870976555288,19.91525725489596,2.4673990676013995,-8.375491970391323,18.012946023140678,2.614919369242537,-7.304199678938895,16.573654578855127,4.376882430032948,-9.281584773333625,19.222732741973402,1.2091776242931493,3.6514654950777885,0.7223996960754628,0.2712765703335647,0.013824446817253089,0.8059366602809466
325,-7.623963242601469,19.989506674192107,2.4739972885239414,-8.375491970391323,18.012946023140678,2.708391145182941,-7.304199678938895,16.573654578855127,4.475647895004463,-9.281584773333625,19.222732741973402,1.281397440898285,3.6284537613689234,0.7223996960754628,0.2712765703335647,0.013824446817253089,0.8059366602809466
326,-7.713333866870691,20.063215336928426,2.482570871986606,-8.375491970391323,18.012946023140678,2.799841317952662,-7.304199678938895,16.573654578855127,4.571896915464304,-9.281584773333625,19.222732741973402,1.3550282058242322,3.6268567236598495,0.7223996960754628,0.2712765703335647,0.013824446817253089,0.8059366602809466
327,-7.803376328854232,20.136411559421745,2.4927896495356725,-8.375491970391323,18.012946023140678,2.889938760633368,-7.304199678938895,16.573654578855127,4.6663043798944965,-9.281584773333625,19.222732741973402,1.4302013296782599,3.6358514066905903,0.7223996960754628,0.2712765703335647,0.013824446817253089,0.8059366602809466
328,-7.894304875799886,20.20893683501032,2.5044909190588402,-8.375491970391323,18.012946023140678,2.9788648642086097,-7.304199678938895,16.573654578855127,4.759064408129329,-9.281584773333625,19.222732741973402,1.5066747907781362,3.6479874406409674,0.7223996960754628,0.2712765703335647,0.013824446817253089,0.8059366602809466
329,-7.986559108164829,20.280725959464657,2.5171850125942337,-8.375491970391323,18.012946023140678,3.0674675974764667,-7.304199678938895,16.573654578855127,4.851019134154798,-9.281584773333625,19.222732741973402,1.5849940585464783,3.6694234246877344,0.7223996960754628,0.2712765703335647,0.013824446817253089,0.8059366602809466
330,-8.080493930796177,20.35172886068522,2.5304366476260016,-8.375491970391323,18.012946023140678,3.156498663293639,-7.304199678938895,16.573654578855127,4.942919341377578,-9.281584773333625,19.222732741973402,1.6656645751762682,3.6983495709308483,0.7223996960754628,0.2712765703335647,0.013824446817253089,0.8059366602809466
331,-8.176268186846958,20.421871537791855,2.544028638673414,-8.375491970391323,18.012946023140678,3.246288999404858,-7.304199678938895,16.573654578855127,5.03510582393555,-9.281584773333625,19.222732741973402,1.7487943789165608,3.730242441211572,0.7223996960754628,0.2712765703335647,0.013824446817253089,0.8059366602809466
332,-8.273942398031783,20.49106957653759,2.5578394239859095,-8.375491970391323,18.012946023140678,3.33698009128663,-7.304199678938895,16.573654578855127,5.017501952964209,-9.281584773333625,19.222732741973402,1.8343272786137381,3.762866894790362,0.7223996960754628,0.2712765703335647,0.013824446817253089,0.8059366602809466
333,-8.373541327119119,20.559242426181076,2.5717864514267372,-8.375491970391323,18.012946023140678,3.428646315823392,-7.304199678938895,16.573654578855127,4.985317420977122,-9.281584773333625,19.222732741973402,1.9221634124532607,3.7955891065385474,0.7223996960754628,0.2712765703335647,0.013824446817253089,0.8059366602809466
334,-8.475074862182316,20.626320547366113,2.585803181696012,-8.375491970391323,18.012946023140678,3.5213434145141336,-7.304199678938895,16.573654578855127,4.954308811209014,-9.281584773333625,19.222732741973402,2.012205723797464,3.828301822951076,0.7223996960754628,0.2712765703335647,0.013824446817253089,0.8059366602809466
335,-8.578543236632704,20.692247368390756,2.5998339517848144,-8.375491970391323,18.012946023140678,3.615119311406087,-7.304199678938895,16.573654578855127,4.924803122197126,-9.281584773333625,19.222732741973402,2.104367984252229,3.8610111673910286,0.7223996960754628,0.2712765703335647,0.013824446817253089,0.8059366602809466
336,-8.683937286176864,20.756979066027068,2.6138354493797906,-8.375491970391323,18.012946023140678,3.710011160872428,-7.304199678938895,16.573654578855127,4.897113381603345,-9.281584773333625,19.222732741973402,2.198569230441918,3.893703781247342,0.7223996960754628,0.2712765703335647,0.013824446817253089,0.8059366602809466
337,-8.791242976916173,20.820484920699922,2.6277720824472244,-8.375491970391323,18.012946023140678,3.806053889577364,-7.304199678938895,16.573654578855127,4.8715470136818135,-9.281584773333625,19.222732741973402,2.294740207089515,3.926443697330529,0.7223996960754628,0.2712765703335647,0.013824446817253089,0.8059366602809466
338,-8.900443764899737,20.882746406179066,2.6416139873416826,-8.375491970391323,18.012946023140678,3.903282947740445,-7.304199678938895,16.573654578855127,4.8484072427565845,-9.281584773333625,19.222732741973402,2.3928241759170024,3.9593153296325903,0.7223996960754628,0.2712765703335647,0.013824446817253089,0.8059366602809466
339,-9.011522101262766,20.943755638991984,2.655335925145577,-8.375491970391323,18.012946023140678,4.001734967686845,-7.304199678938895,16.573654578855127,4.82799202539966,-9.281584773333625,19.222732741973402,2.4927759042061566,3.9924026607822767,0.7223996960754628,0.2712765703335647,0.013824446817253089,0.8059366602809466
340,-9.124453776455496,21.003506001306476,2.6689217063998836,-8.375491970391323,18.012946023140678,4.060360545260123,-7.304199678938895,16.573654578855127,4.810573236213413,-9.281584773333625,19.222732741973402,2.5945431853319536,4.025535989136283,0.7223996960754628,0.2712765703335647,0.013824446817253089,0.8059366602809466
341,-9.239085283676456,21.061906442999486,2.682313055755461,-8.375491970391323,18.012946023140678,3.9917094320211355,-7.304199678938895,16.573654578855127,4.796480894956422,-9.281584773333625,19.222732741973402,2.6979856180612565,4.0538967788508105,0.7223996960754628,0.2712765703335647,0.013824446817253089,0.8059366602809466
342,-9.355171133822116,21.118849014000105,2.6954421287431143,-8.375491970391323,18.012946023140678,3.9263528198705004,-7.304199678938895,16.573654578855127,4.786037565672332,-9.281584773333625,19.222732741973402,2.8028993158694546,4.074629316818783,0.7223996960754628,0.2712765703335647,0.013824446817253089,0.8059366602809466
343,-9.472539306364713,21.174303978352786,2.7082855722417825,-8.375491970391323,18.012946023140678,3.864760335150134,-7.304199678938895,16.573654578855127,4.779455618907374,-9.281584773333625,19.222732741973402,2.909127696262599,4.090807987815002,0.7223996960754628,0.2712765703335647,0.013824446817253089,0.8059366602809466
344,-9.59108360737769,21.22825293785356,2.7208213780519714,-8.375491970391323,18.012946023140678,3.8073515532286573,-7.304199678938895,16.573654578855127,4.776901223402629,-9.281584773333625,19.222732741973402,3.016568523836155,4.104388116935018,0.7223996960754628,0.2712765703335647,0.013824446817253089,0.8059366602809466
345,-9.710792360628567,21.280592607443133,2.7329883422504992,-8.375491970391323,18.012946023140678,3.7545271832989044,-7.304199678938895,16.573654578855127,4.778498609001558,-9.281584773333625,19.222732741973402,3.12518655001228,4.117149025675066,0.7223996960754628,0.2712765703335647,0.013824446817253089,0.8059366602809466
346,-9.831544559903545,21.33143876244313,2.744816159150902,-8.375491970391323,18.012946023140678,3.7066306778584597,-7.304199678938895,16.573654578855127,4.78435826236506,-9.281584773333625,19.222732741973402,3.234902219808575,4.128311493645068,0.7223996960754628,0.2712765703335647,0.013824446817253089,0.8059366602809466
347,-9.953222991012701,21.3809125122578,2.756337528478257,-8.375491970391323,18.012946023140678,3.663984505457593,-7.304199678938895,16.573654578855127,4.794567667665592,-9.281584773333625,19.222732741973402,3.2239978037552284,4.13786751780607,0.7223996960754628,0.2712765703335647,0.013824446817253089,0.8059366602809466
348,-10.075759111866194,21.429064479676878,2.767553434484626,-8.375491970391323,18.012946023140678,3.6269015289167275,-7.304199678938895,16.573654578855127,4.809187819078413,-9.281584773333625,19.222732741973402,3.1267819895369207,4.146375758810913,0.7223996960754628,0.2712765703335647,0.013824446817253089,0.8059366602809466
349,-10.199098307362107,21.47593314430837,2.7784595888978267,-8.375491970391323,18.012946023140678,3.5956646480313705,-7.304199678938895,16.573654578855127,4.828252774403335,-9.281584773333625,19.222732741973402,3.0340277527490476,4.154073405965568,0.7223996960754628,0.2712765703335647,0.013824446817253089,0.8059366602809466
350,-10.32311492227111,21.521562559922803,2.789066796804438,-8.375491970391323,18.012946023140678,3.570507101800573,-7.304199678938895,16.573654578855127,4.851748201491795,-9.281584773333625,19.222732741973402,2.9462820596704633,4.158518911668576,0.7223996960754628,0.2712765703335647,0.013824446817253089,0.8059366602809466
351,-10.44779474950596,21.56598958350498,2.7993546673974015,-8.375491970391323,18.012946023140678,3.551662805732232,-7.304199678938895,16.573654578855127,4.879685099805076,-9.281584773333625,19.222732741973402,2.864137126056959,4.1633061848215585,0.7223996960754628,0.2712765703335647,0.013824446817253089,0.8059366602809466
352,-10.573111968025309,21.609251596448225,2.8093179988308568,-8.375491970391323,18.012946023140678,3.5392853591300204,-7.304199678938895,16.573654578855127,4.912023562104259,-9.281584773333625,19.222732741973402,2.7881583212603975,4.1681310908019285,0.7223996960754628,0.2712765703335647,0.013824446817253089,0.8059366602809466
353,-10.699032343899075,21.65138609912524,2.8189559441501477,-8.375491970391323,18.012946023140678,3.5334744781716116,-7.304199678938895,16.573654578855127,4.948696698447767,-9.281584773333625,19.222732741973402,2.718909057432115,4.172708025048733,0.7223996960754628,0.2712765703335647,0.013824446817253089,0.8059366602809466
354,-10.825508560527508,21.69242477909862,2.828265674174751,-8.375491970391323,18.012946023140678,3.5342833135726766,-7.304199678938895,16.573654578855127,4.989615850136417,-9.281584773333625,19.222732741973402,2.6569556702834594,4.176587111133666,0.7223996960754628,0.2712765703335647,0.013824446817253089,0.8059366602809466
355,-10.952498501945813,21.732400503622458,2.837246776863794,-8.375491970391323,18.012946023140678,3.541709220658938,-7.304199678938895,16.573654578855127,5.0346730330063885,-9.281584773333625,19.222732741973402,2.6028313290516154,4.179923230166781,0.7223996960754628,0.2712765703335647,0.013824446817253089,0.8059366602809466
356,-11.0799682423727,21.771347344115014,2.8459005386187965,-8.375491970391323,18.012946023140678,3.555698248634217,-7.304199678938895,16.573654578855127,5.083746275919863,-9.281584773333625,19.222732741973402,2.5570213473848513,4.182954352587896,0.7223996960754628,0.2712765703335647,0.013824446817253089,0.8059366602809466
357,-11.207889325024947,21.80929925969823,2.8542290854401386,-8.375491970391323,18.012946023140678,3.5761501762153345,-7.304199678938895,16.573654578855127,5.13670263266058,-9.281584773333625,19.222732741973402,2.519949278199977,4.185823688746683,0.7223996960754628,0.2712765703335647,0.013824446817253089,0.8059366602809466
358,-11.336237007981811,21.846289608664367,2.862235210407823,-8.375491970391323,18.012946023140678,3.6029230148896287,-7.304199678938895,16.573654578855127,5.193400454159565,-9.281584773333625,19.222732741973402,2.4919602887480363,4.188616965256276,0.7223996960754628,0.2712765703335647,0.013824446817253089,0.8059366602809466
359,-11.464989147827009,21.88235099040639,2.8699223254146853,-8.375491970391323,18.012946023140678,3.635838055197658,-7.304199678938895,16.573654578855127,5.253691544016328,-9.281584773333625,19.222732741973402,2.473305419419882,4.19138417527207,0.7223996960754628,0.2712765703335647,0.013824446817253089,0.8059366602809466
360,-11.594125473306356,21.9175152452886,2.877294431455336,-8.375491970391323,18.012946023140678,3.674685451468992,-7.304199678938895,16.573654578855127,5.317423232243107,-9.281584773333625,19.222732741973402,2.464128993716531,4.194152439645748,0.7223996960754628,0.2712765703335647,0.013824446817253089,0.8059366602809466
361,-11.723627097420124,21.951813533773343,2.8843560897945717,-8.375491970391323,18.012946023140678,3.7192301167470663,-7.304199678938895,16.573654578855127,5.384440320212753,-9.281584773333625,19.222732741973402,2.464460931491988,4.19693382680928,0.7223996960754628,0.2712765703335647,0.013824446817253089,0.8059366602809466
362,-11.853476179711897,21.98527644993113,2.8911123911838184,-8.375491970391323,18.012946023140678,3.769217666333808,-7.304199678938895,16.573654578855127,5.454586853921321,-9.281584773333625,19.222732741973402,2.4742151187174706,4.19973028366729,0.7223996960754628,0.2712765703335647,0.013824446817253089,0.8059366602809466
363,-11.983655687987822,22.017934141229738,2.89756892235361,-8.375491970391323,18.012946023140678,3.824380169529572,-7.304199678938895,16.573654578855127,5.527707697767418,-9.281584773333625,19.222732741973402,2.493194197059834,4.2025368989189955,0.7223996960754628,0.2712765703335647,0.013824446817253089,0.8059366602809466
364,-12.114149229795975,22.049816416945838,2.903731729357285,-8.375491970391323,18.012946023140678,3.8844415124700435,-7.304199678938895,16.573654578855127,5.603649894945084,-9.281584773333625,19.222732741973402,2.5211002785924808,4.205344186370429,0.7223996960754628,0.2712765703335647,0.013824446817253089,0.8059366602809466
365,-12.24494093547239,22.080952834869503,2.9096072777094286,-8.375491970391323,18.012946023140678,3.9491222276589157,-7.304199678938895,16.573654578855127,5.68226381177277,-9.281584773333625,19.222732741973402,2.5575503483097153,4.208139768740372,0.7223996960754628,0.2712765703335647,0.013824446817253089,0.8059366602809466
