time,yellow_line_angle
10, -0.015931
20, -0.031724
30, -0.047192
40, -0.046885
50, -0.046402
60, -0.046200
70, -0.045766
80, -0.045821
90, -0.045552
100, -0.045268
110, -0.045181
120, -0.044972
130, -0.045090
140, -0.044955
150, -0.045141
160, -0.045163
170, -0.045067
180, -0.045139
190, -0.045265
200, -0.045518
210, -0.045983
220, -0.046323
230, -0.046535
240, -0.045969
250, -0.044346
260, -0.042857
270, -0.041490
280, -0.040911
290, -0.039717
300, -0.039069
310, -0.038519
320, -0.038631
330, -0.038639
340, -0.038564
350, -0.038238
360, -0.037913
370, -0.037923
380, -0.037809
390, -0.037588
400, -0.037262
410, -0.037583
420, -0.037274
430, -0.036840
440, -0.034994
450, -0.033237
460, -0.031911
470, -0.031539
480, -0.031257
490, -0.030728
500, -0.029674
510, -0.029371
520, -0.029128
530, -0.029454
540, -0.029027
550, -0.028504
560, -0.026703
570, -0.025200
580, -0.023524
590, -0.022685
600, -0.022299
610, -0.021640
620, -0.021593
630, -0.020863
640, -0.020394
650, -0.019125
660, -0.017637
670, -0.016162
680, -0.015265
690, -0.015086
700, -0.014959
710, -0.013891
720, -0.012769
730, -0.012092
740, -0.012106
750, -0.010604
760, -0.008629
770, -0.006636
780, -0.006501
790, -0.006621
800, -0.006599
810, -0.005916
820, -0.004406
830, -0.002825
840, -0.001060
850, 0.000214
860, 0.001455
870, 0.001779
880, 0.002716
890, 0.003250
900, 0.004965
910, 0.005423
920, 0.005548
930, 0.004725
940, 0.004925
950, 0.005194
960, 0.006250
970, 0.007000
980, 0.007880
990, 0.008191
1000, 0.009169
1010, 0.010138
1020, 0.011210
1030, 0.011675
1040, 0.011936
1050, 0.012297
1060, 0.012521
1070, 0.012827
1080, 0.012844
1090, 0.012868
1100, 0.013268
1110, 0.013510
1120, 0.013865
1130, 0.014171
1140, 0.014513
1150, 0.014924
1160, 0.014803
1170, 0.015056
1180, 0.014439
1190, 0.014633
1200, 0.014068
1210, 0.014238
1220, 0.013804
1230, 0.013915
1240, 0.013978
1250, 0.014123
1260, 0.014374
1270, 0.014680
1280, 0.015331
1290, 0.015693
1300, 0.015625
1310, 0.015406
1320, 0.015800
1330, 0.016271
1340, 0.016671
1350, 0.016545
1360, 0.016310
1370, 0.015811
1380, 0.015362
1390, 0.015086
1400, 0.015080
1410, 0.015595
1420, 0.015781
1430, 0.015884
1440, 0.015702
1450, 0.015776
1460, 0.016006
1470, 0.016225
1480, 0.016457
1490, 0.016675
1500, 0.016840
1510, 0.017184
1520, 0.017463
1530, 0.017415
1540, 0.017352
1550, 0.017724
1560, 0.017911
1570, 0.017902
1580, 0.017265
1590, 0.016421
1600, 0.015663
1610, 0.014583
1620, 0.014302
1630, 0.013874
1640, 0.014209
1650, 0.013821
1660, 0.013085
1670, 0.011898
1680, 0.011391
1690, 0.011606
1700, 0.011590
1710, 0.011372
1720, 0.011072
1730, 0.011206
1740, 0.011005
1750, 0.010805
1760, 0.010548
1770, 0.010168
1780, 0.009786
1790, 0.009229
1800, 0.008986
1810, 0.008614
1820, 0.008625
1830, 0.008631
1840, 0.008867
1850, 0.008831
1860, 0.009015
1870, 0.008713
1880, 0.008377
1890, 0.007655
1900, 0.007497
1910, 0.007154
1920, 0.006716
1930, 0.005942
1940, 0.005369
1950, 0.005255
1960, 0.004800
1970, 0.004123
1980, 0.003584
1990, 0.003406
2000, 0.003116
2010, 0.002835
2020, 0.002362
2030, 0.002272
2040, 0.001990
2050, 0.001619
2060, 0.001368
2070, 0.001223
2080, 0.001708
2090, 0.002134
2100, 0.002079
2110, 0.001812
2120, 0.001556
2130, 0.001674
2140, 0.001539
2150, 0.001140
2160, 0.000839
2170, 0.000487
2180, -0.000318
2190, -0.001799
2200, -0.003218
2210, -0.004075
2220, -0.004182
2230, -0.004182
2240, -0.004293
2250, -0.004403
2260, -0.004628
2270, -0.004388
2280, -0.004320
2290, -0.004257
2300, -0.004377
2310, -0.004427
2320, -0.004143
2330, -0.004224
2340, -0.004098
2350, -0.004320
2360, -0.004535
2370, -0.004583
2380, -0.004882
2390, -0.004882
2400, -0.005529
2410, -0.005789
2420, -0.006028
2430, -0.006066
2440, -0.005963
2450, -0.006303
2460, -0.006636
2470, -0.007269
2480, -0.007092
2490, -0.007003
2500, -0.007248
2510, -0.007574
2520, -0.007347
2530, -0.006360
2540, -0.005549
2550, -0.005105
2560, -0.005031
2570, -0.005031
2580, -0.005303
2590, -0.005545
2600, -0.005875
2610, -0.005947
2620, -0.006152
2630, -0.006269
2640, -0.006757
2650, -0.007124
2660, -0.007571
2670, -0.007504
2680, -0.007047
2690, -0.006510
2700, -0.005898
2710, -0.005690
2720, -0.005110
2730, -0.004940
2740, -0.004671
2750, -0.004774
2760, -0.004774
2770, -0.004702
2780, -0.004630
2790, -0.004546
2800, -0.004716
2810, -0.004886
2820, -0.005068
2830, -0.004886
2840, -0.004605
2850, -0.004323
2860, -0.004223
2870, -0.004223
2880, -0.004117
2890, -0.003943
2900, -0.003652
2910, -0.003391
2920, -0.003026
2930, -0.002982
2940, -0.002908
2950, -0.002880
2960, -0.002647
2970, -0.002375
2980, -0.002576
2990, -0.002185
3000, -0.001677
3010, -0.001193
3020, -0.001033
3030, -0.000847
3040, -0.000559
3050, -0.000269
3060, 0.000067
3070, 0.001030
3080, 0.001275
3090, 0.001017
3100, 0.000402
3110, 0.000464
3120, 0.000602
3130, 0.000657
3140, 0.000351
3150, 0.000339
3160, 0.000480
3170, 0.000754
3180, 0.000822
3190, 0.000995
3200, 0.000869
3210, 0.000446
3220, 0.000000
3230, -0.000386
3240, -0.000696
3250, -0.001156
3260, -0.001130
3270, -0.000534
3280, 0.000327
3290, 0.000863
3300, 0.001343
3310, 0.001410
3320, 0.001214
3330, 0.000872
3340, 0.000911
3350, 0.001203
3360, 0.001086
3370, 0.000896
3380, 0.000641
3390, 0.000736
3400, 0.000504
3410, 0.000168
3420, -0.000003
3430, -0.000087
3440, -0.000072
3450, -0.000230
3460, -0.000306
3470, 0.000000
3480, 0.000230
3490, 0.000919
3500, 0.001161
3510, 0.001496
3520, 0.001435
3530, 0.001909
3540, 0.002092
3550, 0.002110
3560, 0.001578
3570, 0.001557
3580, 0.001566
3590, 0.001664
3600, 0.001352
3610, 0.001611
3620, 0.002014
3630, 0.002662
3640, 0.002584
3650, 0.002677
3660, 0.002791
3670, 0.003055
3680, 0.002993
3690, 0.002759
3700, 0.002604
3710, 0.002865
3720, 0.002786
3730, 0.003262
3740, 0.002823
3750, 0.002554
3760, 0.001714
3770, 0.001769
3780, 0.001992
3790, 0.002083
3800, 0.001682
3810, 0.001071
3820, 0.000810
3830, 0.000858
3840, 0.001042
3850, 0.001060
3860, 0.000865
3870, 0.000406
3880, -0.000018
3890, -0.000282
3900, -0.000066
3910, -0.000231
3920, -0.000715
3930, -0.001223
3940, -0.001348
3950, -0.000659
3960, -0.000029
3970, 0.000593
3980, 0.000716
3990, 0.000781
4000, 0.000711
4010, 0.000581
4020, 0.000458
4030, 0.000629
4040, 0.000729
4050, 0.000668
4060, 0.000383
4070, -0.000219
4080, -0.000507
4090, -0.001030
4100, -0.001253
4110, -0.001331
4120, -0.001029
4130, -0.000880
4140, -0.000802
4150, -0.000286
4160, 0.000595
4170, 0.001240
4180, 0.001463
4190, 0.001424
4200, 0.001478
4210, 0.001387
4220, 0.001580
4230, 0.001408
4240, 0.001492
4250, 0.001927
4260, 0.002262
4270, 0.002253
4280, 0.001409
4290, 0.001048
4300, 0.001120
4310, 0.001037
4320, 0.001549
4330, 0.001573
4340, 0.001893
4350, 0.001492
4360, 0.001685
4370, 0.001827
4380, 0.002077
4390, 0.001446
4400, 0.001051
4410, 0.000888
4420, 0.001203
4430, 0.001424
4440, 0.001180
4450, 0.000627
4460, 0.000393
4470, 0.000366
4480, 0.000708
4490, 0.000765
4500, 0.000754
4510, 0.000411
4520, 0.000339
4530, 0.000267
4540, 0.000401
4550, 0.000267
4560, -0.000067
4570, -0.000552
4580, -0.001115
4590, -0.001566
4600, -0.001777
4610, -0.001884
4620, -0.001956
4630, -0.001736
4640, -0.001348
4650, -0.000825
4660, -0.000345
4670, 0.000074
4680, 0.000274
4690, 0.000137
4700, -0.000069
4710, -0.000206
4720, -0.000617
4730, -0.000959
4740, -0.001315
4750, -0.001452
4760, -0.001932
4770, -0.002213
4780, -0.002625
4790, -0.002468
4800, -0.002200
4810, -0.001964
4820, -0.001736
4830, -0.001736
4840, -0.001302
4850, -0.000875
4860, -0.000536
4870, -0.000641
4880, -0.000969
4890, -0.001046
4900, -0.001111
4910, -0.000866
4920, -0.001126
4930, -0.001423
4940, -0.002525
4950, -0.003994
4960, -0.005172
4970, -0.005755
4980, -0.005519
4990, -0.005891
5000, -0.006430
5010, -0.007009
5020, -0.007083
5030, -0.006590
5040, -0.006953
5050, -0.006684
5060, -0.007326
5070, -0.008142
5080, -0.009156
5090, -0.009819
5100, -0.009685
5110, -0.009685
5120, -0.010097
5130, -0.011783
5140, -0.013866
5150, -0.015798
5160, -0.016987
5170, -0.018289
5180, -0.018709
5190, -0.018607
5200, -0.018962
5210, -0.019397
5220, -0.019388
5230, -0.018772
5240, -0.018041
5250, -0.017969
5260, -0.017650
5270, -0.017965
5280, -0.018630
5290, -0.019455
5300, -0.020668
5310, -0.020798
5320, -0.021556
5330, -0.022707
5340, -0.023748
5350, -0.024659
5360, -0.025101
5370, -0.025410
5380, -0.025376
5390, -0.026334
5400, -0.027559
5410, -0.029512
5420, -0.029787
5430, -0.031089
5440, -0.032057
5450, -0.034161
5460, -0.036748
5470, -0.039350
5480, -0.040245
5490, -0.040981
5500, -0.040986
5510, -0.043184
5520, -0.045413
5530, -0.048682
5540, -0.048741
5550, -0.049266
5560, -0.049552
5570, -0.052671
5580, -0.054865
5590, -0.055983
5600, -0.056275
5610, -0.055929
5620, -0.056218
5630, -0.056907
5640, -0.059240
5650, -0.061351
5660, -0.062219
5670, -0.062609
5680, -0.062885
5690, -0.065798
5700, -0.067695
5710, -0.069576
5720, -0.070434
5730, -0.071663
5740, -0.073428
5750, -0.075291
5760, -0.076992
5770, -0.076770
5780, -0.077863
5790, -0.078872
5800, -0.080801
5810, -0.082979
5820, -0.086348
5830, -0.089187
5840, -0.089986
5850, -0.089982
5860, -0.091773
5870, -0.093614
5880, -0.095851
5890, -0.098672
5900, -0.100814
5910, -0.101067
5920, -0.100161
5930, -0.100007
5940, -0.100997
5950, -0.101397
5960, -0.101809
5970, -0.102911
5980, -0.103954
5990, -0.105016
6000, -0.104742
6010, -0.105796
6020, -0.106780
6030, -0.108050
6040, -0.107926
6050, -0.107182
6060, -0.106699
6070, -0.107247
6080, -0.108431
6090, -0.109909
6100, -0.111149
6110, -0.112440
6120, -0.112976
6130, -0.113104
6140, -0.113108
6150, -0.113320
6160, -0.113132
6170, -0.113356
6180, -0.113895
6190, -0.115152
6200, -0.116110
6210, -0.117855
6220, -0.119358
6230, -0.121785
6240, -0.123610
6250, -0.126514
6260, -0.126754
6270, -0.125930
6280, -0.125228
6290, -0.125216
6300, -0.125857
6310, -0.125815
6320, -0.126305
6330, -0.125363
6340, -0.124470
6350, -0.122747
6360, -0.122747
6370, -0.122659
6380, -0.123499
6390, -0.123768
6400, -0.123805
6410, -0.123469
6420, -0.124234
6430, -0.124197
6440, -0.123522
6450, -0.121976
6460, -0.121986
6470, -0.122531
6480, -0.123413
6490, -0.123080
6500, -0.123379
6510, -0.123398
6520, -0.124086
6530, -0.123698
6540, -0.122842
6550, -0.121675
6560, -0.120573
6570, -0.120203
6580, -0.120983
6590, -0.122481
6600, -0.122944
6610, -0.121126
6620, -0.117594
6630, -0.115487
6640, -0.114064
6650, -0.113017
6660, -0.112545
6670, -0.111129
6680, -0.110675
6690, -0.108487
6700, -0.107213
6710, -0.105736
6720, -0.104302
6730, -0.102593
6740, -0.100907
6750, -0.098488
6760, -0.096726
6770, -0.094843
6780, -0.093829
6790, -0.092680
6800, -0.091452
6810, -0.089399
6820, -0.088097
6830, -0.086708
6840, -0.087383
6850, -0.084926
6860, -0.083837
6870, -0.081574
6880, -0.081202
6890, -0.080832
6900, -0.079917
6910, -0.078429
6920, -0.075697
6930, -0.073811
6940, -0.074686
6950, -0.073756
6960, -0.072035
6970, -0.068278
6980, -0.067186
6990, -0.067208
7000, -0.065827
7010, -0.063684
7020, -0.060994
7030, -0.060255
7040, -0.059660
7050, -0.058562
7060, -0.057283
7070, -0.053707
7080, -0.051734
7090, -0.049130
7100, -0.047901
7110, -0.045257
7120, -0.042716
7130, -0.042125
7140, -0.040079
7150, -0.037824
7160, -0.033945
7170, -0.032841
7180, -0.031314
7190, -0.030747
7200, -0.028637
7210, -0.028257
7220, -0.026214
7230, -0.023421
7240, -0.019087
7250, -0.017339
7260, -0.016362
7270, -0.015038
7280, -0.012746
7290, -0.009553
7300, -0.007676
7310, -0.004808
7320, -0.002795
7330, -0.001049
7340, 0.001027
7350, 0.002492
7360, 0.005083
7370, 0.005735
7380, 0.006671
7390, 0.006757
7400, 0.007604
7410, 0.007975
7420, 0.008472
7430, 0.008734
7440, 0.008653
7450, 0.008021
7460, 0.008021
7470, 0.007208
7480, 0.005628
7490, 0.002999
7500, 0.001898
7510, 0.003016
7520, 0.001544
7530, -0.000448
7540, -0.002949
7550, -0.003521
7560, -0.005552
7570, -0.007766
7580, -0.009309
7590, -0.012269
7600, -0.015198
7610, -0.019734
7620, -0.019765
7630, -0.022494
7640, -0.024938
7650, -0.028940
7660, -0.030434
7670, -0.031492
7680, -0.034994
7690, -0.039340
7700, -0.044071
7710, -0.046301
7720, -0.049776
7730, -0.051570
7740, -0.053827
7750, -0.057054
7760, -0.061473
7770, -0.064479
7780, -0.066934
7790, -0.068426
7800, -0.070542
7810, -0.071489
7820, -0.073311
7830, -0.078125
7840, -0.081401
7850, -0.085359
7860, -0.086882
7870, -0.089802
7880, -0.092277
7890, -0.093393
7900, -0.095442
7910, -0.097527
7920, -0.099789
7930, -0.100763
7940, -0.102172
7950, -0.105626
7960, -0.107440
7970, -0.108956
7980, -0.110701
7990, -0.114591
8000, -0.117416
8010, -0.118940
8020, -0.121381
8030, -0.123370
8040, -0.126574
8050, -0.127757
8060, -0.130138
8070, -0.131405
8080, -0.133087
8090, -0.134422
8100, -0.135579
8110, -0.136725
8120, -0.138674
8130, -0.141964
8140, -0.144558
8150, -0.144890
8160, -0.145250
8170, -0.147295
8180, -0.149850
8190, -0.151589
8200, -0.152134
8210, -0.152736
8220, -0.154578
8230, -0.154849
8240, -0.155584
8250, -0.156639
8260, -0.158902
8270, -0.161001
8280, -0.162853
8290, -0.164567
8300, -0.166389
8310, -0.166981
8320, -0.169617
8330, -0.172119
8340, -0.175058
8350, -0.176909
8360, -0.178441
8370, -0.178322
8380, -0.177434
8390, -0.176480
8400, -0.176250
8410, -0.177210
8420, -0.178098
8430, -0.179250
8440, -0.179868
8450, -0.180713
8460, -0.180792
8470, -0.180600
8480, -0.180350
8490, -0.181657
8500, -0.182295
8510, -0.183048
8520, -0.182119
8530, -0.181411
8540, -0.179725
8550, -0.178700
8560, -0.177795
8570, -0.177772
8580, -0.176682
8590, -0.175562
8600, -0.174362
8610, -0.173965
8620, -0.173886
8630, -0.174010
8640, -0.173307
8650, -0.172244
8660, -0.170556
8670, -0.169111
8680, -0.167677
8690, -0.166302
8700, -0.166836
8710, -0.166799
8720, -0.165752
8730, -0.163166
8740, -0.161584
8750, -0.160303
8760, -0.159577
8770, -0.158175
8780, -0.157362
8790, -0.154535
8800, -0.152297
8810, -0.149893
8820, -0.148724
8830, -0.146622
8840, -0.144018
8850, -0.141281
8860, -0.139715
8870, -0.137723
8880, -0.135949
8890, -0.133047
8900, -0.130644
8910, -0.128129
8920, -0.124683
8930, -0.123423
8940, -0.121353
8950, -0.119860
8960, -0.117282
8970, -0.115370
8980, -0.112397
8990, -0.111304
9000, -0.109313
9010, -0.108011
9020, -0.105420
9030, -0.103838
9040, -0.101382
9050, -0.098513
9060, -0.097206
9070, -0.095392
9080, -0.092320
9090, -0.089592
9100, -0.087414
9110, -0.086536
9120, -0.083651
9130, -0.080833
9140, -0.077357
9150, -0.073744
9160, -0.071240
9170, -0.068713
9180, -0.065141
9190, -0.062486
9200, -0.059805
9210, -0.057581
9220, -0.054194
9230, -0.050211
9240, -0.046735
9250, -0.043421
9260, -0.040246
9270, -0.036991
9280, -0.032932
9290, -0.029983
9300, -0.026661
9310, -0.022172
9320, -0.017573
9330, -0.012851
9340, -0.010163
9350, -0.006677
9360, -0.003884
9370, -0.002371
9380, 0.000681
9390, 0.004241
9400, 0.007840
9410, 0.009157
9420, 0.009749
9430, 0.010156
9440, 0.012172
9450, 0.013317
9460, 0.014809
9470, 0.014968
9480, 0.015646
9490, 0.015714
9500, 0.014929
9510, 0.013817
9520, 0.013459
9530, 0.013630
9540, 0.011815
9550, 0.010059
9560, 0.008330
9570, 0.008235
9580, 0.007209
9590, 0.006385
9600, 0.006269
9610, 0.004969
9620, 0.002434
9630, -0.000571
9640, -0.001717
9650, -0.002305
9660, -0.003476
9670, -0.006068
9680, -0.008619
9690, -0.010704
9700, -0.011947
9710, -0.014806
9720, -0.017779
9730, -0.021822
9740, -0.024181
9750, -0.026550
9760, -0.030139
9770, -0.032884
9780, -0.037137
9790, -0.039467
9800, -0.042676
9810, -0.044478
9820, -0.047326
9830, -0.049932
9840, -0.053607
9850, -0.055043
9860, -0.057645
9870, -0.060868
9880, -0.064054
9890, -0.066251
9900, -0.068856
9910, -0.071683
9920, -0.073729
9930, -0.075137
9940, -0.076253
9950, -0.080244
9960, -0.080979
9970, -0.082888
9980, -0.084700
9990, -0.087554
10000, -0.090020
10010, -0.091679
10020, -0.094420
10030, -0.096129
10040, -0.096793
10050, -0.098584
10060, -0.101713
10070, -0.104364
10080, -0.107120
10090, -0.109416
10100, -0.111783
10110, -0.113932
10120, -0.115842
10130, -0.118736
10140, -0.121346
10150, -0.123700
10160, -0.126142
10170, -0.127604
10180, -0.129466
10190, -0.131233
10200, -0.134404
10210, -0.136984
10220, -0.138799
10230, -0.139855
10240, -0.140119
10250, -0.142205
10260, -0.143876
10270, -0.147129
10280, -0.147627
10290, -0.149465
10300, -0.150660
10310, -0.153788
10320, -0.154249
10330, -0.157197
10340, -0.158558
10350, -0.161633
10360, -0.161997
10370, -0.161496
10380, -0.161323
10390, -0.162107
10400, -0.164689
10410, -0.166263
10420, -0.168135
10430, -0.170550
10440, -0.172975
10450, -0.174793
10460, -0.175770
10470, -0.175950
10480, -0.176312
10490, -0.176737
10500, -0.177678
10510, -0.178613
10520, -0.179676
10530, -0.180135
10540, -0.180491
10550, -0.179336
10560, -0.178552
10570, -0.177090
10580, -0.176780
10590, -0.177240
10600, -0.177708
10610, -0.177456
10620, -0.176456
10630, -0.175793
10640, -0.175018
10650, -0.173834
10660, -0.172118
10670, -0.171012
10680, -0.170048
10690, -0.169587
10700, -0.169806
10710, -0.168921
10720, -0.167555
10730, -0.165275
10740, -0.164520
10750, -0.162753
10760, -0.161486
10770, -0.159545
10780, -0.158889
10790, -0.157548
10800, -0.155740
10810, -0.154320
10820, -0.152476
10830, -0.150940
10840, -0.149425
10850, -0.147574
10860, -0.145115
10870, -0.142511
10880, -0.140276
10890, -0.138886
10900, -0.136579
10910, -0.134067
10920, -0.131147
10930, -0.128238
10940, -0.125768
10950, -0.122926
10960, -0.120914
10970, -0.117794
10980, -0.116069
10990, -0.112298
11000, -0.110385
11010, -0.106723
11020, -0.104142
11030, -0.100965
11040, -0.097503
11050, -0.095521
11060, -0.091578
11070, -0.089050
11080, -0.084135
11090, -0.081304
11100, -0.077321
11110, -0.074357
11120, -0.071608
11130, -0.067779
11140, -0.064740
11150, -0.060258
11160, -0.057386
11170, -0.052974
11180, -0.049581
11190, -0.045625
11200, -0.042298
11210, -0.038529
11220, -0.034587
11230, -0.030536
11240, -0.026184
11250, -0.022220
11260, -0.018025
11270, -0.013436
11280, -0.009326
11290, -0.004851
11300, -0.000847
11310, 0.003835
11320, 0.007547
11330, 0.012158
11340, 0.015570
11350, 0.018096
11360, 0.020790
11370, 0.022999
11380, 0.025644
11390, 0.027322
11400, 0.029991
11410, 0.032150
11420, 0.032879
11430, 0.033485
11440, 0.033935
11450, 0.035398
11460, 0.038132
11470, 0.041419
11480, 0.041876
11490, 0.041375
11500, 0.040175
11510, 0.041379
11520, 0.041619
11530, 0.042448
11540, 0.042708
11550, 0.042969
11560, 0.037760
11570, 99999.990000
11580, 99999.990000
11590, 99999.990000
11600, 99999.990000
11610, 99999.990000
11620, 99999.990000
11630, 99999.990000
11640, 99999.990000
11650, 99999.990000
11660, 99999.990000
11670, 99999.990000
11680, 99999.990000
11690, 99999.990000
11700, 99999.990000
11710, 99999.990000
11720, 99999.990000
11730, 99999.990000
11740, 99999.990000
11750, 99999.990000
11760, 99999.990000
11770, 99999.990000
11780, 99999.990000
11790, 99999.990000
11800, 99999.990000
11810, 99999.990000
11820, 99999.990000
11830, 99999.990000
11840, 99999.990000
11850, 99999.990000
11860, 99999.990000
11870, 99999.990000
11880, 99999.990000
11890, 99999.990000
11900, 99999.990000
11910, 99999.990000
11920, 99999.990000
11930, 99999.990000
11940, 99999.990000
11950, 99999.990000
11960, 99999.990000
11970, 99999.990000
11980, 99999.990000
11990, 99999.990000
12000, 99999.990000
12010, 99999.990000
12020, 99999.990000
12030, 99999.990000
12040, 99999.990000
12050, 99999.990000
12060, 99999.990000
12070, 99999.990000
12080, 99999.990000
12090, 99999.990000
12100, 99999.990000
12110, 99999.990000
12120, 99999.990000
12130, 99999.990000
12140, 99999.990000
12150, 99999.990000
12160, 99999.990000
12170, 99999.990000
12180, 99999.990000
12190, 99999.990000
12200, 99999.990000
12210, 99999.990000
12220, 99999.990000
12230, 99999.990000
12240, 99999.990000
12250, 99999.990000
12260, 99999.990000
12270, 99999.990000
12280, 99999.990000
12290, 99999.990000
12300, 99999.990000
12310, 99999.990000
12320, 99999.990000
12330, 99999.990000
12340, 99999.990000
12350, 99999.990000
12360, 99999.990000
12370, 99999.990000
12380, 99999.990000
12390, 99999.990000
12400, 99999.990000
12410, 99999.990000
12420, 99999.990000
12430, 99999.990000
12440, 99999.990000
12450, 99999.990000
12460, 99999.990000
12470, 99999.990000
12480, 99999.990000
12490, 99999.990000
12500, 99999.990000
12510, 99999.990000
12520, 99999.990000
12530, 99999.990000
12540, 99999.990000
12550, 99999.990000
12560, 99999.990000
12570, 99999.990000
12580, 99999.990000
12590, 99999.990000
12600, 99999.990000
12610, 99999.990000
12620, 99999.990000
12630, 99999.990000
12640, 99999.990000
12650, 99999.990000
12660, 99999.990000
12670, 99999.990000
12680, 99999.990000
12690, 99999.990000
12700, 99999.990000
12710, 99999.990000
12720, 99999.990000
12730, 99999.990000
12740, 99999.990000
12750, 99999.990000
12760, 99999.990000
12770, 99999.990000
12780, 99999.990000
12790, 99999.990000
12800, 99999.990000
12810, 99999.990000
12820, 99999.990000
12830, 99999.990000
12840, 99999.990000
12850, 99999.990000
12860, 99999.990000
12870, 99999.990000
12880, 99999.990000
12890, 99999.990000
12900, 99999.990000
12910, 99999.990000
12920, 99999.990000
12930, 99999.990000
12940, 99999.990000
12950, 99999.990000
12960, 99999.990000
12970, 99999.990000
12980, 99999.990000
12990, 99999.990000
13000, 99999.990000
13010, 99999.990000
13020, 0.002604
13030, 0.000521
13040, -0.003571
13050, -0.019196
13060, -0.021138
13070, -0.028276
13080, -0.029578
13090, -0.040806
13100, -0.043209
13110, -0.045163
13120, -0.047938
13130, -0.058202
13140, -0.068427
13150, -0.082169
13160, -0.096032
13170, -0.112980
13180, -0.125089
13190, -0.133460
13200, -0.133474
13210, -0.130175
13220, -0.132731
13230, -0.140194
13240, -0.145402
13250, -0.143454
13260, -0.139499
13270, -0.148084
13280, -0.152442
13290, -0.162762
13300, -0.163903
13310, -0.168745
13320, -0.164345
13330, -0.165036
13340, -0.169738
13350, -0.173665
13360, -0.169541
13370, -0.164527
13380, -0.159117
13390, -0.160463
13400, -0.157759
13410, -0.156922
13420, -0.150593
13430, -0.145937
13440, -0.139636
13450, -0.139410
13460, -0.134788
13470, -0.133286
13480, -0.131220
13490, -0.128780
13500, -0.123996
13510, -0.114973
13520, -0.108717
13530, -0.105343
13540, -0.104251
13550, -0.101452
13560, -0.096117
13570, -0.088766
13580, -0.081281
13590, -0.073770
13600, -0.065234
13610, -0.058521
13620, -0.053012
13630, -0.048233
13640, -0.043229
13650, -0.039508
13660, -0.035524
13670, -0.031878
13680, -0.026463
13690, -0.020650
13700, -0.010482
13710, -0.004422
13720, 0.001856
13730, 0.000482
13740, 0.003434
13750, 0.004916
13760, 0.007592
13770, 0.007690
13780, 0.006766
13790, 0.007279
13800, 0.008759
13810, 0.011443
13820, 0.013013
13830, 0.012235
13840, 0.009812
13850, 0.008423
13860, 0.008254
13870, 0.008147
13880, 0.008259
13890, 0.008496
13900, 0.007250
13910, 0.005458
13920, 0.003169
13930, 0.000789
13940, -0.000996
13950, -0.002511
13960, -0.004608
13970, -0.007079
13980, -0.009395
13990, -0.009597
14000, -0.011533
14010, -0.013102
14020, -0.015273
14030, -0.015250
14040, -0.017080
14050, -0.018325
14060, -0.021837
14070, -0.023761
14080, -0.025987
14090, -0.026779
14100, -0.027596
14110, -0.028712
14120, -0.030055
14130, -0.032100
14140, -0.033461
14150, -0.035236
14160, -0.036714
14170, -0.038379
14180, -0.038620
14190, -0.039488
14200, -0.040821
14210, -0.042821
14220, -0.044725
14230, -0.046832
14240, -0.048704
14250, -0.049246
14260, -0.050266
14270, -0.051603
14280, -0.053576
14290, -0.054246
14300, -0.056001
14310, -0.056994
14320, -0.058483
14330, -0.059244
14340, -0.060622
14350, -0.062755
14360, -0.063751
14370, -0.064670
14380, -0.064999
14390, -0.065800
14400, -0.066373
14410, -0.067111
14420, -0.068044
14430, -0.068887
14440, -0.069416
14450, -0.070183
14460, -0.071546
14470, -0.073126
14480, -0.074211
14490, -0.074984
14500, -0.075586
14510, -0.075756
14520, -0.075962
14530, -0.075891
14540, -0.076327
14550, -0.076875
14560, -0.077508
14570, -0.078199
14580, -0.078473
14590, -0.078544
14600, -0.078549
14610, -0.078412
14620, -0.078631
14630, -0.078638
14640, -0.078861
14650, -0.078497
14660, -0.078348
14670, -0.078331
14680, -0.078405
14690, -0.078405
14700, -0.078400
14710, -0.078674
14720, -0.078874
14730, -0.078963
14740, -0.078970
14750, -0.078963
14760, -0.078864
14770, -0.078648
14780, -0.078029
14790, -0.077084
14800, -0.076330
14810, -0.076202
14820, -0.076522
14830, -0.076690
14840, -0.075756
14850, -0.074961
14860, -0.073962
14870, -0.072700
14880, -0.070636
14890, -0.068732
14900, -0.068325
14910, -0.068478
14920, -0.068501
14930, -0.067896
14940, -0.066885
14950, -0.065235
14960, -0.063571
14970, -0.062847
14980, -0.063072
14990, -0.062374
15000, -0.060738
15010, -0.058258
15020, -0.056580
15030, -0.055371
15040, -0.055226
15050, -0.054509
15060, -0.053008
15070, -0.050865
15080, -0.049457
15090, -0.049128
15100, -0.048501
15110, -0.046979
15120, -0.044492
15130, -0.042437
15140, -0.041524
15150, -0.040673
15160, -0.039308
15170, -0.037241
15180, -0.035226
15190, -0.033778
15200, -0.032293
15210, -0.030568
15220, -0.028413
15230, -0.026676
15240, -0.026179
15250, -0.024659
15260, -0.022460
15270, -0.019670
15280, -0.018493
15290, -0.017378
15300, -0.015457
15310, -0.013331
15320, -0.011781
15330, -0.010365
15340, -0.008622
15350, -0.006360
15360, -0.004718
15370, -0.002850
15380, -0.001238
15390, 0.001250
15400, 0.003395
15410, 0.005458
15420, 0.006072
15430, 0.006741
15440, 0.007306
15450, 0.009092
15460, 0.010981
15470, 0.013135
15480, 0.014940
15490, 0.016301
15500, 0.016291
15510, 0.016029
15520, 0.015854
15530, 0.016408
15540, 0.016744
15550, 0.017342
15560, 0.017655
15570, 0.018010
15580, 0.018090
15590, 0.018279
15600, 0.018429
15610, 0.018623
15620, 0.019109
15630, 0.019803
15640, 0.019914
15650, 0.020429
15660, 0.020583
15670, 0.021103
15680, 0.021000
15690, 0.020923
15700, 0.020758
15710, 0.020395
15720, 0.020237
15730, 0.020289
15740, 0.020570
15750, 0.020605
15760, 0.020633
15770, 0.020587
15780, 0.020633
15790, 0.020489
15800, 0.020127
15810, 0.019939
15820, 0.019474
15830, 0.019401
15840, 0.019383
15850, 0.019594
15860, 0.019700
15870, 0.019635
15880, 0.019283
15890, 0.018882
15900, 0.018505
15910, 0.018575
15920, 0.018682
15930, 0.018764
15940, 0.018973
15950, 0.019089
15960, 0.019015
15970, 0.018697
15980, 0.018841
15990, 0.019100
16000, 0.019292
16010, 0.018966
16020, 0.018767
16030, 0.018331
16040, 0.018199
