time,black_car_angle,distance_sensors,num_pixel_black,agglomerate_count,agglomerate_size_1,agglomerate_size_2
10, -0.067708, 10.692191, 21, 1, 21, 0
20, -0.126302, 10.692949, 14, 1, 14, 0
30, -0.181510, 10.693400, 5, 2, 4, 1
40, -0.190625, 10.694023, 14, 1, 14, 0
50, -0.193229, 10.695565, 16, 1, 16, 0
60, -0.205729, 10.698199, 4, 2, 2, 2
70, -0.201823, 10.701365, 17, 1, 17, 0
80, -0.194010, 10.704796, 10, 1, 10, 0
90, -0.205078, 10.708304, 4, 2, 3, 1
100, -0.207682, 10.711719, 15, 1, 15, 0
110, -0.222005, 10.714927, 21, 1, 21, 0
120, -0.193490, 10.717844, 10, 2, 9, 1
130, -0.166146, 10.720374, 6, 1, 6, 0
140, -0.144010, 10.722502, 4, 1, 4, 0
150, -0.155729, 10.724291, 5, 2, 3, 2
160, -0.183073, 10.725768, 3, 2, 2, 1
170, -0.213021, 10.726967, 3, 2, 2, 1
180, -0.210938, 10.727904, 3, 2, 2, 1
190, -0.177083, 10.728608, 4, 2, 3, 1
200, -0.153646, 10.729116, 7, 2, 6, 1
210, -0.146701, 10.729499, 9, 2, 8, 1
220, -0.159485, 10.729808, 11, 2, 10, 1
230, -0.166096, 10.730080, 13, 2, 12, 1
240, -0.176947, 10.730321, 18, 1, 18, 0
250, -0.190204, 10.730527, 21, 1, 21, 0
260, -0.199219, 10.730736, 21, 1, 21, 0
270, -0.202899, 10.730957, 23, 2, 22, 1
280, -0.204201, 10.731191, 20, 1, 20, 0
290, -0.206805, 10.731459, 19, 1, 19, 0
300, -0.209635, 10.731773, 17, 1, 17, 0
310, -0.210938, 10.732126, 17, 1, 17, 0
320, -0.210938, 10.732515, 17, 1, 17, 0
330, -0.210938, 10.732937, 17, 1, 17, 0
340, -0.210938, 10.733341, 17, 1, 17, 0
350, -0.209635, 10.733749, 18, 1, 18, 0
360, -0.205208, 10.734160, 20, 2, 19, 1
370, -0.200000, 10.734573, 21, 1, 21, 0
380, -0.193490, 10.734980, 21, 1, 21, 0
390, -0.190104, 10.735356, 21, 1, 21, 0
400, -0.187500, 10.735710, 21, 1, 21, 0
410, -0.187500, 10.736035, 21, 1, 21, 0
420, -0.187500, 10.736324, 21, 1, 21, 0
430, -0.184896, 10.736553, 21, 1, 21, 0
440, -0.182292, 10.736732, 21, 1, 21, 0
450, -0.179688, 10.736861, 21, 1, 21, 0
460, -0.179688, 10.736953, 21, 1, 21, 0
470, -0.178385, 10.737020, 20, 1, 20, 0
480, -0.175781, 10.737119, 21, 1, 21, 0
490, -0.171638, 10.737250, 22, 2, 21, 1
500, -0.169034, 10.737345, 20, 1, 20, 0
510, -0.166430, 10.737387, 21, 1, 21, 0
520, -0.163826, 10.737360, 22, 2, 21, 1
530, -0.161222, 10.737271, 20, 1, 20, 0
540, -0.158617, 10.737093, 21, 1, 21, 0
550, -0.157552, 10.736834, 21, 1, 21, 0
560, -0.154948, 10.736501, 20, 1, 20, 0
570, -0.150805, 10.736082, 22, 2, 21, 1
580, -0.146899, 10.735573, 20, 1, 20, 0
590, -0.142992, 10.734782, 21, 1, 21, 0
600, -0.140625, 10.732846, 20, 1, 20, 0
610, -0.136719, 10.730930, 21, 1, 21, 0
620, -0.132812, 10.729672, 20, 1, 20, 0
630, -0.130208, 10.728727, 20, 1, 20, 0
640, -0.126302, 10.727754, 20, 1, 20, 0
650, -0.121900, 10.726726, 21, 2, 20, 1
660, -0.117746, 10.725656, 21, 2, 20, 1
670, -0.115141, 10.724546, 20, 1, 20, 0
680, -0.111731, 10.723413, 20, 1, 20, 0
690, -0.106771, 10.722237, 21, 1, 21, 0
700, -0.099764, 10.721032, 21, 2, 20, 1
710, -0.094319, 10.719789, 22, 2, 21, 1
720, -0.090413, 10.718529, 20, 1, 20, 0
730, -0.091981, 10.717186, 17, 3, 15, 1
740, -0.097071, 10.715706, 11, 2, 9, 2
750, -0.083399, 10.714063, 4, 2, 3, 1
760, 99999.990000, 10.712116, 0, 2, 0, 0
770, 99999.990000, 10.709991, 0, 2, 0, 0
780, -0.013835, 10.707708, 16, 3, 8, 6
790, -0.032064, 10.705130, 21, 1, 21, 0
800, -0.048991, 10.702407, 20, 1, 20, 0
810, -0.052083, 10.699592, 4, 1, 4, 0
820, 99999.990000, 10.696656, 0, 1, 0, 0
830, -0.011458, 10.693719, 20, 2, 11, 9
840, -0.021875, 10.690770, 21, 1, 21, 0
850, -0.024479, 10.687879, 15, 1, 15, 0
860, 99999.990000, 10.685091, 0, 1, 0, 0
870, -0.020399, 10.682355, 6, 2, 5, 1
880, -0.023950, 10.679674, 22, 2, 21, 1
890, -0.027857, 10.677066, 22, 1, 22, 0
900, 0.000903, 10.674547, 19, 3, 16, 2
910, 0.016173, 10.672108, 6, 2, 4, 2
920, 0.044819, 10.669770, 2, 1, 2, 0
930, 0.021701, 10.667480, 6, 3, 4, 1
940, -0.009549, 10.665327, 6, 1, 6, 0
950, -0.049913, 10.663354, 9, 1, 9, 0
960, -0.042969, 10.661677, 13, 1, 13, 0
970, -0.025276, 10.660293, 17, 2, 16, 1
980, -0.008280, 10.659108, 19, 3, 17, 1
990, 0.001413, 10.658053, 18, 2, 17, 1
1000, 0.004017, 10.657115, 17, 2, 16, 1
1010, 0.002809, 10.656292, 16, 2, 15, 1
1020, -0.005582, 10.655586, 10, 1, 10, 0
1030, -0.014160, 10.655000, 9, 1, 9, 0
1040, -0.013021, 10.654529, 10, 3, 8, 1
1050, -0.009115, 10.654177, 7, 2, 6, 1
1060, -0.003906, 10.653946, 6, 2, 5, 1
1070, 0.014323, 10.653794, 6, 2, 4, 2
1080, 0.049479, 10.653697, 6, 1, 6, 0
1090, 0.076823, 10.653619, 12, 1, 12, 0
1100, 0.082031, 10.653532, 14, 1, 14, 0
1110, 0.074219, 10.653507, 14, 1, 14, 0
1120, 0.071615, 10.653557, 16, 1, 16, 0
1130, 0.067708, 10.653676, 17, 1, 17, 0
1140, 0.059896, 10.653846, 18, 1, 18, 0
1150, 0.050781, 10.654054, 17, 1, 17, 0
1160, 0.040365, 10.654293, 15, 1, 15, 0
1170, 0.029948, 10.654557, 12, 1, 12, 0
1180, 0.020833, 10.654840, 10, 1, 10, 0
1190, 0.015625, 10.655139, 9, 1, 9, 0
1200, 0.012297, 10.655452, 9, 2, 8, 1
1210, 0.012297, 10.655778, 8, 1, 8, 0
1220, 0.012297, 10.656114, 7, 1, 7, 0
1230, 0.014323, 10.656460, 7, 1, 7, 0
1240, 0.014974, 10.656826, 8, 2, 7, 1
1250, 0.014974, 10.657204, 7, 1, 7, 0
1260, 0.016276, 10.657597, 6, 1, 6, 0
1270, 0.019531, 10.658006, 7, 1, 7, 0
1280, 0.021484, 10.658434, 8, 2, 7, 1
1290, 0.024089, 10.658877, 8, 1, 8, 0
1300, 0.026693, 10.659342, 7, 1, 7, 0
1310, 0.031250, 10.659827, 8, 1, 8, 0
1320, 0.033854, 10.660336, 8, 1, 8, 0
1330, 0.036458, 10.660865, 9, 1, 9, 0
1340, 0.040365, 10.661420, 9, 1, 9, 0
1350, 0.044271, 10.662001, 9, 1, 9, 0
1360, 0.048177, 10.662609, 10, 1, 10, 0
1370, 0.050781, 10.663241, 11, 1, 11, 0
1380, 0.054688, 10.663906, 12, 1, 12, 0
1390, 0.061198, 10.664600, 13, 1, 13, 0
1400, 0.067708, 10.665321, 14, 1, 14, 0
1410, 0.074219, 10.666068, 15, 1, 15, 0
1420, 0.078125, 10.666837, 16, 1, 16, 0
1430, 0.082031, 10.667630, 17, 1, 17, 0
1440, 0.084635, 10.668445, 17, 1, 17, 0
1450, 0.088542, 10.669280, 17, 1, 17, 0
1460, 0.091146, 10.670134, 17, 1, 17, 0
1470, 0.093750, 10.671004, 17, 1, 17, 0
1480, 0.095052, 10.671889, 18, 1, 18, 0
1490, 0.096354, 10.672787, 18, 1, 18, 0
1500, 0.097656, 10.673696, 18, 1, 18, 0
1510, 0.097656, 10.674613, 18, 1, 18, 0
1520, 0.097656, 10.675539, 18, 1, 18, 0
1530, 0.097656, 10.676470, 18, 1, 18, 0
1540, 0.097656, 10.677335, 18, 1, 18, 0
1550, 0.098958, 10.678191, 17, 1, 17, 0
1560, 0.100260, 10.679045, 17, 1, 17, 0
1570, 0.101562, 10.679893, 17, 1, 17, 0
1580, 0.100260, 10.680735, 16, 1, 16, 0
1590, 0.098958, 10.681570, 16, 1, 16, 0
1600, 0.097656, 10.682399, 16, 1, 16, 0
1610, 0.097656, 10.683220, 16, 1, 16, 0
1620, 0.096354, 10.684032, 15, 1, 15, 0
1630, 0.095052, 10.684833, 15, 1, 15, 0
1640, 0.093750, 10.685620, 15, 1, 15, 0
1650, 0.093750, 10.686389, 15, 1, 15, 0
1660, 0.093750, 10.687139, 15, 1, 15, 0
1670, 0.092448, 10.687867, 14, 1, 14, 0
1680, 0.091146, 10.688579, 14, 1, 14, 0
1690, 0.089844, 10.689273, 14, 1, 14, 0
1700, 0.089844, 10.689952, 14, 1, 14, 0
1710, 0.089844, 10.690609, 14, 1, 14, 0
1720, 0.089844, 10.691242, 14, 1, 14, 0
1730, 0.089844, 10.691850, 14, 1, 14, 0
1740, 0.089844, 10.692435, 14, 1, 14, 0
1750, 0.088542, 10.692993, 15, 1, 15, 0
1760, 0.087240, 10.693526, 15, 1, 15, 0
1770, 0.086091, 10.694034, 17, 2, 16, 1
1780, 0.087393, 10.694522, 16, 1, 16, 0
1790, 0.088695, 10.694985, 16, 1, 16, 0
1800, 0.091146, 10.695422, 17, 1, 17, 0
1810, 0.093750, 10.695829, 18, 1, 18, 0
1820, 0.096354, 10.696211, 18, 1, 18, 0
1830, 0.097656, 10.696564, 18, 1, 18, 0
1840, 0.097656, 10.696892, 18, 1, 18, 0
1850, 0.096478, 10.697194, 21, 2, 20, 1
1860, 0.096478, 10.697474, 20, 1, 20, 0
1870, 0.097780, 10.697731, 21, 1, 21, 0
1880, 0.100260, 10.697967, 21, 1, 21, 0
1890, 0.100260, 10.698180, 20, 1, 20, 0
1900, 0.098958, 10.698375, 20, 1, 20, 0
1910, 0.096354, 10.698558, 21, 1, 21, 0
1920, 0.095052, 10.698737, 21, 1, 21, 0
1930, 0.093750, 10.698911, 21, 1, 21, 0
1940, 0.092448, 10.699070, 20, 1, 20, 0
1950, 0.091146, 10.699212, 20, 1, 20, 0
1960, 0.088542, 10.699335, 21, 1, 21, 0
1970, 0.087240, 10.699438, 21, 1, 21, 0
1980, 0.084635, 10.699517, 20, 1, 20, 0
1990, 0.082031, 10.699569, 21, 2, 20, 1
2000, 0.079427, 10.699591, 21, 1, 21, 0
2010, 0.078125, 10.699586, 21, 1, 21, 0
2020, 0.076823, 10.699430, 20, 1, 20, 0
2030, 0.075521, 10.698998, 20, 1, 20, 0
2040, 0.072917, 10.698648, 21, 1, 21, 0
2050, 0.070312, 10.698521, 20, 1, 20, 0
2060, 0.066406, 10.698392, 21, 2, 20, 1
2070, 0.063802, 10.698258, 21, 1, 21, 0
2080, 0.062500, 10.698118, 21, 1, 21, 0
2090, 0.061198, 10.697969, 20, 1, 20, 0
2100, 0.059896, 10.697810, 20, 1, 20, 0
2110, 0.057292, 10.697644, 21, 1, 21, 0
2120, 0.054688, 10.697474, 20, 1, 20, 0
2130, 0.052083, 10.697302, 20, 1, 20, 0
2140, 0.049479, 10.697128, 21, 1, 21, 0
2150, 0.046875, 10.696949, 20, 1, 20, 0
2160, 0.044271, 10.696770, 20, 1, 20, 0
2170, 0.041667, 10.696592, 21, 1, 21, 0
2180, 0.039062, 10.696415, 20, 1, 20, 0
2190, 0.036458, 10.696241, 20, 1, 20, 0
2200, 0.033854, 10.696070, 21, 1, 21, 0
2210, 0.031250, 10.695905, 20, 1, 20, 0
2220, 0.028646, 10.695761, 20, 1, 20, 0
2230, 0.024740, 10.695641, 20, 1, 20, 0
2240, 0.022135, 10.695547, 20, 1, 20, 0
2250, 0.018229, 10.695478, 21, 1, 21, 0
2260, 0.015625, 10.695433, 20, 1, 20, 0
2270, 0.011719, 10.695411, 21, 2, 20, 1
2280, 0.009115, 10.695412, 21, 1, 21, 0
2290, 0.006510, 10.695436, 20, 1, 20, 0
2300, 0.005208, 10.695482, 20, 1, 20, 0
2310, 0.001302, 10.695553, 20, 1, 20, 0
2320, -0.001302, 10.695648, 20, 1, 20, 0
2330, -0.005208, 10.695765, 21, 1, 21, 0
2340, -0.007812, 10.695893, 20, 1, 20, 0
2350, -0.010417, 10.696025, 20, 1, 20, 0
2360, -0.013021, 10.696160, 21, 1, 21, 0
2370, -0.015625, 10.696299, 20, 1, 20, 0
2380, -0.018229, 10.696444, 20, 1, 20, 0
2390, -0.019531, 10.696594, 20, 1, 20, 0
2400, -0.020833, 10.696750, 21, 1, 21, 0
2410, -0.023438, 10.696914, 20, 1, 20, 0
2420, -0.026042, 10.697084, 20, 1, 20, 0
2430, -0.027344, 10.697258, 20, 1, 20, 0
2440, -0.027344, 10.697441, 20, 1, 20, 0
2450, -0.028646, 10.697630, 21, 1, 21, 0
2460, -0.031250, 10.697811, 20, 1, 20, 0
2470, -0.033854, 10.697986, 20, 1, 20, 0
2480, -0.035156, 10.698167, 20, 1, 20, 0
2490, -0.035156, 10.698372, 20, 1, 20, 0
2500, -0.035156, 10.698582, 20, 1, 20, 0
2510, -0.037642, 10.698798, 22, 2, 21, 1
2520, -0.038944, 10.699018, 21, 1, 21, 0
2530, -0.041548, 10.699240, 20, 1, 20, 0
2540, -0.041667, 10.699466, 20, 1, 20, 0
2550, -0.042969, 10.699694, 20, 1, 20, 0
2560, -0.042969, 10.699926, 20, 1, 20, 0
2570, -0.042969, 10.700161, 20, 1, 20, 0
2580, -0.042969, 10.700402, 20, 1, 20, 0
2590, -0.044271, 10.700648, 21, 1, 21, 0
2600, -0.046757, 10.700898, 22, 2, 21, 1
2610, -0.049242, 10.701152, 22, 2, 21, 1
2620, -0.049242, 10.701409, 21, 1, 21, 0
2630, -0.049361, 10.701671, 20, 1, 20, 0
2640, -0.049479, 10.701937, 20, 1, 20, 0
2650, -0.050781, 10.702208, 20, 1, 20, 0
2660, -0.050781, 10.702483, 20, 1, 20, 0
2670, -0.050781, 10.702763, 20, 1, 20, 0
2680, -0.050781, 10.703048, 20, 1, 20, 0
2690, -0.050781, 10.703337, 20, 1, 20, 0
2700, -0.050781, 10.703629, 20, 1, 20, 0
2710, -0.050781, 10.703924, 20, 1, 20, 0
2720, -0.050781, 10.704222, 20, 1, 20, 0
2730, -0.050781, 10.704524, 20, 1, 20, 0
2740, -0.052083, 10.704830, 21, 1, 21, 0
2750, -0.053385, 10.705137, 21, 1, 21, 0
2760, -0.054688, 10.705446, 21, 1, 21, 0
2770, -0.054688, 10.705756, 21, 1, 21, 0
2780, -0.054688, 10.706067, 21, 1, 21, 0
2790, -0.054688, 10.706379, 21, 1, 21, 0
2800, -0.054688, 10.706691, 21, 1, 21, 0
2810, -0.054688, 10.707004, 21, 1, 21, 0
2820, -0.054688, 10.707316, 21, 1, 21, 0
2830, -0.054688, 10.707630, 21, 1, 21, 0
2840, -0.054688, 10.707943, 21, 1, 21, 0
2850, -0.054688, 10.708256, 21, 1, 21, 0
2860, -0.054688, 10.708569, 21, 1, 21, 0
2870, -0.054688, 10.708880, 21, 1, 21, 0
2880, -0.054688, 10.709189, 21, 1, 21, 0
2890, -0.054688, 10.709496, 21, 1, 21, 0
2900, -0.054688, 10.709800, 21, 1, 21, 0
2910, -0.054688, 10.710102, 21, 1, 21, 0
2920, -0.054688, 10.710402, 21, 1, 21, 0
2930, -0.054688, 10.710699, 21, 1, 21, 0
2940, -0.054688, 10.710993, 21, 1, 21, 0
2950, -0.053385, 10.711285, 20, 1, 20, 0
2960, -0.052083, 10.711574, 20, 1, 20, 0
2970, -0.050781, 10.711860, 20, 1, 20, 0
2980, -0.050781, 10.712144, 20, 1, 20, 0
2990, -0.050781, 10.712423, 20, 1, 20, 0
3000, -0.050781, 10.712698, 20, 1, 20, 0
3010, -0.050781, 10.712970, 20, 1, 20, 0
3020, -0.051959, 10.713238, 21, 2, 20, 1
3030, -0.053137, 10.713501, 21, 2, 20, 1
3040, -0.053137, 10.713760, 20, 1, 20, 0
3050, -0.051959, 10.714016, 20, 1, 20, 0
3060, -0.049479, 10.714269, 21, 1, 21, 0
3070, -0.048177, 10.714520, 21, 1, 21, 0
3080, -0.046875, 10.714768, 21, 1, 21, 0
3090, -0.046875, 10.715012, 21, 1, 21, 0
3100, -0.045573, 10.715253, 20, 1, 20, 0
3110, -0.044271, 10.715491, 20, 1, 20, 0
3120, -0.042969, 10.715726, 20, 1, 20, 0
3130, -0.042969, 10.715958, 20, 1, 20, 0
3140, -0.044147, 10.716187, 21, 2, 20, 1
3150, -0.044147, 10.716413, 20, 1, 20, 0
3160, -0.044147, 10.716636, 20, 1, 20, 0
3170, -0.042969, 10.716857, 20, 1, 20, 0
3180, -0.041667, 10.717076, 21, 1, 21, 0
3190, -0.040365, 10.717294, 21, 1, 21, 0
3200, -0.037760, 10.717510, 20, 1, 20, 0
3210, -0.036458, 10.717725, 20, 1, 20, 0
3220, -0.036334, 10.717937, 21, 2, 20, 1
3230, -0.036334, 10.718147, 20, 1, 20, 0
3240, -0.036334, 10.718355, 20, 1, 20, 0
3250, -0.035156, 10.718562, 20, 1, 20, 0
3260, -0.033854, 10.718766, 21, 1, 21, 0
3270, -0.032552, 10.718970, 21, 1, 21, 0
3280, -0.029948, 10.719173, 20, 1, 20, 0
3290, -0.028646, 10.719376, 20, 1, 20, 0
3300, -0.028522, 10.719578, 21, 2, 20, 1
3310, -0.028522, 10.719780, 20, 1, 20, 0
3320, -0.028522, 10.719982, 20, 1, 20, 0
3330, -0.027344, 10.720185, 20, 1, 20, 0
3340, -0.026042, 10.720387, 21, 1, 21, 0
3350, -0.023438, 10.720587, 20, 1, 20, 0
3360, -0.020833, 10.720786, 20, 1, 20, 0
3370, -0.019531, 10.720961, 20, 1, 20, 0
3380, -0.019531, 10.721149, 20, 1, 20, 0
3390, -0.019531, 10.721347, 20, 1, 20, 0
3400, -0.018229, 10.721549, 21, 1, 21, 0
3410, -0.016927, 10.721753, 21, 1, 21, 0
3420, -0.014323, 10.721960, 20, 1, 20, 0
3430, -0.014199, 10.722169, 21, 2, 20, 1
3440, -0.012897, 10.722381, 20, 1, 20, 0
3450, -0.012897, 10.722594, 20, 1, 20, 0
3460, -0.010417, 10.722811, 21, 1, 21, 0
3470, -0.009115, 10.723029, 21, 1, 21, 0
3480, -0.006510, 10.723250, 20, 1, 20, 0
3490, -0.006386, 10.723474, 21, 2, 20, 1
3500, -0.005084, 10.723700, 20, 1, 20, 0
3510, -0.005084, 10.723928, 20, 1, 20, 0
3520, -0.002604, 10.724160, 21, 1, 21, 0
3530, -0.001302, 10.724395, 21, 1, 21, 0
3540, 0.001302, 10.724634, 20, 1, 20, 0
3550, 0.002604, 10.724874, 20, 1, 20, 0
3560, 0.003906, 10.725114, 20, 1, 20, 0
3570, 0.003906, 10.725351, 20, 1, 20, 0
3580, 0.003906, 10.725585, 20, 1, 20, 0
3590, 0.005208, 10.725816, 21, 1, 21, 0
3600, 0.006510, 10.726046, 21, 1, 21, 0
3610, 0.007812, 10.726273, 21, 1, 21, 0
3620, 0.009115, 10.726499, 20, 1, 20, 0
3630, 0.010417, 10.726724, 20, 1, 20, 0
3640, 0.011719, 10.726947, 20, 1, 20, 0
3650, 0.011719, 10.727168, 20, 1, 20, 0
3660, 0.011719, 10.727388, 20, 1, 20, 0
3670, 0.011719, 10.727607, 20, 1, 20, 0
3680, 0.011719, 10.727824, 20, 1, 20, 0
3690, 0.011719, 10.728037, 20, 1, 20, 0
3700, 0.011719, 10.728244, 20, 1, 20, 0
3710, 0.011719, 10.728460, 20, 1, 20, 0
3720, 0.011719, 10.728675, 20, 1, 20, 0
3730, 0.011719, 10.728888, 20, 1, 20, 0
3740, 0.013021, 10.729101, 21, 1, 21, 0
3750, 0.014323, 10.729314, 21, 1, 21, 0
3760, 0.015625, 10.729525, 21, 1, 21, 0
3770, 0.015625, 10.729735, 21, 1, 21, 0
3780, 0.015625, 10.729946, 21, 1, 21, 0
3790, 0.015625, 10.730155, 21, 1, 21, 0
3800, 0.015625, 10.730364, 21, 1, 21, 0
3810, 0.015625, 10.730572, 21, 1, 21, 0
3820, 0.016927, 10.730781, 20, 1, 20, 0
3830, 0.018229, 10.730989, 20, 1, 20, 0
3840, 0.019531, 10.731197, 20, 1, 20, 0
3850, 0.019531, 10.731404, 20, 1, 20, 0
3860, 0.019531, 10.731612, 20, 1, 20, 0
3870, 0.019531, 10.731819, 20, 1, 20, 0
3880, 0.019531, 10.732026, 20, 1, 20, 0
3890, 0.019531, 10.732233, 20, 1, 20, 0
3900, 0.019531, 10.732440, 20, 1, 20, 0
3910, 0.019531, 10.732646, 20, 1, 20, 0
3920, 0.019531, 10.732853, 20, 1, 20, 0
3930, 0.019531, 10.733060, 20, 1, 20, 0
3940, 0.019531, 10.733268, 20, 1, 20, 0
3950, 0.019531, 10.733475, 20, 1, 20, 0
3960, 0.019531, 10.733682, 20, 1, 20, 0
3970, 0.019531, 10.733889, 20, 1, 20, 0
3980, 0.019531, 10.734095, 20, 1, 20, 0
3990, 0.019531, 10.734301, 20, 1, 20, 0
4000, 0.019531, 10.734507, 20, 1, 20, 0
4010, 0.019531, 10.734712, 20, 1, 20, 0
4020, 0.019531, 10.734916, 20, 1, 20, 0
4030, 0.019531, 10.735120, 20, 1, 20, 0
4040, 0.019531, 10.735323, 20, 1, 20, 0
4050, 0.019531, 10.735526, 20, 1, 20, 0
4060, 0.019531, 10.735728, 20, 1, 20, 0
4070, 0.019531, 10.735930, 20, 1, 20, 0
4080, 0.018229, 10.736131, 21, 1, 21, 0
4090, 0.016927, 10.736332, 21, 1, 21, 0
4100, 0.015625, 10.736533, 21, 1, 21, 0
4110, 0.015625, 10.736733, 21, 1, 21, 0
4120, 0.015625, 10.736932, 21, 1, 21, 0
4130, 0.015625, 10.737131, 21, 1, 21, 0
4140, 0.015625, 10.737329, 21, 1, 21, 0
4150, 0.015625, 10.737526, 21, 1, 21, 0
4160, 0.015625, 10.737723, 21, 1, 21, 0
4170, 0.015625, 10.737919, 21, 1, 21, 0
4180, 0.014323, 10.738113, 20, 1, 20, 0
4190, 0.013021, 10.738308, 20, 1, 20, 0
4200, 0.011719, 10.738502, 20, 1, 20, 0
4210, 0.011719, 10.738695, 20, 1, 20, 0
4220, 0.011719, 10.738888, 20, 1, 20, 0
4230, 0.011719, 10.739080, 20, 1, 20, 0
4240, 0.011719, 10.739270, 20, 1, 20, 0
4250, 0.011719, 10.739461, 20, 1, 20, 0
4260, 0.011719, 10.739651, 20, 1, 20, 0
4270, 0.011719, 10.739840, 20, 1, 20, 0
4280, 0.011719, 10.740029, 20, 1, 20, 0
4290, 0.011719, 10.740217, 20, 1, 20, 0
4300, 0.011719, 10.740405, 20, 1, 20, 0
4310, 0.011719, 10.740592, 20, 1, 20, 0
4320, 0.011719, 10.740780, 20, 1, 20, 0
4330, 0.011719, 10.740967, 20, 1, 20, 0
4340, 0.011719, 10.741154, 20, 1, 20, 0
4350, 0.011719, 10.741340, 20, 1, 20, 0
4360, 0.011719, 10.741527, 20, 1, 20, 0
4370, 0.011719, 10.741714, 20, 1, 20, 0
4380, 0.011719, 10.741900, 20, 1, 20, 0
4390, 0.011719, 10.742085, 20, 1, 20, 0
4400, 0.011719, 10.742271, 20, 1, 20, 0
4410, 0.010417, 10.742449, 21, 1, 21, 0
4420, 0.009115, 10.742630, 21, 1, 21, 0
4430, 0.007812, 10.742813, 21, 1, 21, 0
4440, 0.007812, 10.742995, 21, 1, 21, 0
4450, 0.006510, 10.743178, 20, 1, 20, 0
4460, 0.005208, 10.743361, 20, 1, 20, 0
4470, 0.003906, 10.743543, 20, 1, 20, 0
4480, 0.003906, 10.743726, 20, 1, 20, 0
4490, 0.003906, 10.743909, 20, 1, 20, 0
4500, 0.003906, 10.744092, 20, 1, 20, 0
4510, 0.003906, 10.744276, 20, 1, 20, 0
4520, 0.003906, 10.744460, 20, 1, 20, 0
4530, 0.003906, 10.744645, 20, 1, 20, 0
4540, 0.003906, 10.744829, 20, 1, 20, 0
4550, 0.003906, 10.745014, 20, 1, 20, 0
4560, 0.003906, 10.745199, 20, 1, 20, 0
4570, 0.003906, 10.745384, 20, 1, 20, 0
4580, 0.003906, 10.745570, 20, 1, 20, 0
4590, 0.003906, 10.745755, 20, 1, 20, 0
4600, 0.003906, 10.745941, 20, 1, 20, 0
4610, 0.002604, 10.746127, 21, 1, 21, 0
4620, 0.001302, 10.746313, 21, 1, 21, 0
4630, 0.000000, 10.746499, 21, 1, 21, 0
4640, 0.000000, 10.746686, 21, 1, 21, 0
4650, -0.001302, 10.746873, 20, 1, 20, 0
4660, -0.002604, 10.747060, 20, 1, 20, 0
4670, -0.003906, 10.747246, 20, 1, 20, 0
4680, -0.003906, 10.747433, 20, 1, 20, 0
4690, -0.003906, 10.747619, 20, 1, 20, 0
4700, -0.003906, 10.747805, 20, 1, 20, 0
4710, -0.003906, 10.747991, 20, 1, 20, 0
4720, -0.005084, 10.748177, 21, 2, 20, 1
4730, -0.005084, 10.748362, 20, 1, 20, 0
4740, -0.005084, 10.748548, 20, 1, 20, 0
4750, -0.003906, 10.748733, 20, 1, 20, 0
4760, -0.003906, 10.748918, 20, 1, 20, 0
4770, -0.003906, 10.749103, 20, 1, 20, 0
4780, -0.003906, 10.749289, 20, 1, 20, 0
4790, -0.003906, 10.749474, 20, 1, 20, 0
4800, -0.003906, 10.749660, 20, 1, 20, 0
4810, -0.003906, 10.749846, 20, 1, 20, 0
4820, -0.003906, 10.750032, 20, 1, 20, 0
4830, -0.003906, 10.750219, 20, 1, 20, 0
4840, -0.003906, 10.750405, 20, 1, 20, 0
4850, -0.003906, 10.750591, 20, 1, 20, 0
4860, -0.003906, 10.750777, 20, 1, 20, 0
4870, -0.003906, 10.750963, 20, 1, 20, 0
4880, -0.003906, 10.751149, 20, 1, 20, 0
4890, -0.003906, 10.751335, 20, 1, 20, 0
4900, -0.003906, 10.751521, 20, 1, 20, 0
4910, -0.003906, 10.751708, 20, 1, 20, 0
4920, -0.003906, 10.751895, 20, 1, 20, 0
4930, -0.003906, 10.752081, 20, 1, 20, 0
4940, -0.003906, 10.752265, 20, 1, 20, 0
4950, -0.003906, 10.752449, 20, 1, 20, 0
4960, -0.003906, 10.752633, 20, 1, 20, 0
4970, -0.003906, 10.752817, 20, 1, 20, 0
4980, -0.003906, 10.753002, 20, 1, 20, 0
4990, -0.003906, 10.753187, 20, 1, 20, 0
5000, -0.003906, 10.753371, 20, 1, 20, 0
5010, -0.003906, 10.753555, 20, 1, 20, 0
5020, -0.003906, 10.753740, 20, 1, 20, 0
5030, -0.003906, 10.753925, 20, 1, 20, 0
5040, -0.003906, 10.754109, 20, 1, 20, 0
5050, -0.003906, 10.754294, 20, 1, 20, 0
5060, -0.003906, 10.754479, 20, 1, 20, 0
5070, -0.003906, 10.754665, 20, 1, 20, 0
5080, -0.005208, 10.754849, 21, 1, 21, 0
5090, -0.006510, 10.755033, 21, 1, 21, 0
5100, -0.007812, 10.755217, 21, 1, 21, 0
5110, -0.007812, 10.755401, 21, 1, 21, 0
5120, -0.007812, 10.755586, 21, 1, 21, 0
5130, -0.007812, 10.755771, 21, 1, 21, 0
5140, -0.007812, 10.755956, 21, 1, 21, 0
5150, -0.007812, 10.756141, 21, 1, 21, 0
5160, -0.007812, 10.756325, 21, 1, 21, 0
5170, -0.007812, 10.756509, 21, 1, 21, 0
5180, -0.007812, 10.756692, 21, 1, 21, 0
5190, -0.007812, 10.756874, 21, 1, 21, 0
5200, -0.007812, 10.757055, 21, 1, 21, 0
5210, -0.007812, 10.757236, 21, 1, 21, 0
5220, -0.007812, 10.757417, 21, 1, 21, 0
5230, -0.007812, 10.757597, 21, 1, 21, 0
5240, -0.007812, 10.757777, 21, 1, 21, 0
5250, -0.007812, 10.757956, 21, 1, 21, 0
5260, -0.007812, 10.758134, 21, 1, 21, 0
5270, -0.007812, 10.758311, 21, 1, 21, 0
5280, -0.007812, 10.758486, 21, 1, 21, 0
5290, -0.007812, 10.758662, 21, 1, 21, 0
5300, -0.007812, 10.758836, 21, 1, 21, 0
5310, -0.007812, 10.759009, 21, 1, 21, 0
5320, -0.007812, 10.759179, 21, 1, 21, 0
5330, -0.007812, 10.759348, 21, 1, 21, 0
5340, -0.007812, 10.759516, 21, 1, 21, 0
5350, -0.007812, 10.759683, 21, 1, 21, 0
5360, -0.007812, 10.759849, 21, 1, 21, 0
5370, -0.007812, 10.760012, 21, 1, 21, 0
5380, -0.007812, 10.760172, 21, 1, 21, 0
5390, -0.007812, 10.760331, 21, 1, 21, 0
5400, -0.007812, 10.760489, 21, 1, 21, 0
5410, -0.007812, 10.760645, 21, 1, 21, 0
5420, -0.007812, 10.760800, 21, 1, 21, 0
5430, -0.007812, 10.760950, 21, 1, 21, 0
5440, -0.007812, 10.761099, 21, 1, 21, 0
5450, -0.007812, 10.761246, 21, 1, 21, 0
5460, -0.007812, 10.761391, 21, 1, 21, 0
5470, -0.007812, 10.761535, 21, 1, 21, 0
5480, -0.007812, 10.761677, 21, 1, 21, 0
5490, -0.007812, 10.761815, 21, 1, 21, 0
5500, -0.007812, 10.761949, 21, 1, 21, 0
5510, -0.007812, 10.762080, 21, 1, 21, 0
5520, -0.007812, 10.762208, 21, 1, 21, 0
5530, -0.007812, 10.762333, 21, 1, 21, 0
5540, -0.007812, 10.762454, 21, 1, 21, 0
5550, -0.007812, 10.762572, 21, 1, 21, 0
5560, -0.009115, 10.762685, 20, 1, 20, 0
5570, -0.010417, 10.762795, 20, 1, 20, 0
5580, -0.011719, 10.762899, 20, 1, 20, 0
5590, -0.011719, 10.762998, 20, 1, 20, 0
5600, -0.011719, 10.763093, 20, 1, 20, 0
5610, -0.011719, 10.763184, 20, 1, 20, 0
5620, -0.011719, 10.763270, 20, 1, 20, 0
5630, -0.011719, 10.763352, 20, 1, 20, 0
5640, -0.011719, 10.763429, 20, 1, 20, 0
5650, -0.011719, 10.763499, 20, 1, 20, 0
5660, -0.011719, 10.763561, 20, 1, 20, 0
5670, -0.012897, 10.763613, 21, 2, 20, 1
5680, -0.014075, 10.763658, 21, 2, 20, 1
5690, -0.014075, 10.763696, 20, 1, 20, 0
5700, -0.012897, 10.763729, 20, 1, 20, 0
5710, -0.011719, 10.763754, 20, 1, 20, 0
5720, -0.011719, 10.763769, 20, 1, 20, 0
5730, -0.011719, 10.763773, 20, 1, 20, 0
5740, -0.011719, 10.763767, 20, 1, 20, 0
5750, -0.011719, 10.763753, 20, 1, 20, 0
5760, -0.011719, 10.763733, 20, 1, 20, 0
5770, -0.011719, 10.763705, 20, 1, 20, 0
5780, -0.011719, 10.763668, 20, 1, 20, 0
5790, -0.011719, 10.763619, 20, 1, 20, 0
5800, -0.011719, 10.763562, 20, 1, 20, 0
5810, -0.011719, 10.763496, 20, 1, 20, 0
5820, -0.011719, 10.763422, 20, 1, 20, 0
5830, -0.011719, 10.763338, 20, 1, 20, 0
5840, -0.011719, 10.763243, 20, 1, 20, 0
5850, -0.011719, 10.763137, 20, 1, 20, 0
5860, -0.011719, 10.763021, 20, 1, 20, 0
5870, -0.011719, 10.762896, 20, 1, 20, 0
5880, -0.011719, 10.762759, 20, 1, 20, 0
5890, -0.011719, 10.762610, 20, 1, 20, 0
5900, -0.011719, 10.762449, 20, 1, 20, 0
5910, -0.011719, 10.762277, 20, 1, 20, 0
5920, -0.013021, 10.762093, 21, 2, 20, 1
5930, -0.014323, 10.761896, 21, 1, 21, 0
5940, -0.016927, 10.761687, 20, 1, 20, 0
5950, -0.018229, 10.761464, 20, 1, 20, 0
5960, -0.019531, 10.761229, 20, 1, 20, 0
5970, -0.019531, 10.760979, 20, 1, 20, 0
5980, -0.019531, 10.760715, 20, 1, 20, 0
5990, -0.019531, 10.760439, 20, 1, 20, 0
6000, -0.019531, 10.760148, 20, 1, 20, 0
6010, -0.019531, 10.759843, 20, 1, 20, 0
6020, -0.019531, 10.759521, 20, 1, 20, 0
6030, -0.019531, 10.759182, 20, 1, 20, 0
6040, -0.019531, 10.758827, 20, 1, 20, 0
6050, -0.019531, 10.758453, 20, 1, 20, 0
6060, -0.020833, 10.758060, 21, 2, 20, 1
6070, -0.020833, 10.757649, 20, 1, 20, 0
6080, -0.020833, 10.757220, 20, 1, 20, 0
6090, -0.020833, 10.756773, 21, 1, 21, 0
6100, -0.023438, 10.756306, 20, 1, 20, 0
6110, -0.026042, 10.755817, 20, 1, 20, 0
6120, -0.027344, 10.755312, 20, 1, 20, 0
6130, -0.027344, 10.754791, 20, 1, 20, 0
6140, -0.027344, 10.754256, 20, 1, 20, 0
6150, -0.027344, 10.753705, 20, 1, 20, 0
6160, -0.027344, 10.753135, 20, 1, 20, 0
6170, -0.032552, 10.752548, 18, 2, 17, 1
6180, -0.036458, 10.751942, 17, 1, 17, 0
6190, -0.040365, 10.751317, 17, 1, 17, 0
6200, -0.039062, 10.750672, 17, 1, 17, 0
6210, -0.040365, 10.749953, 16, 1, 16, 0
6220, -0.042969, 10.749214, 17, 1, 17, 0
6230, -0.045573, 10.748459, 17, 1, 17, 0
6240, -0.046875, 10.747689, 17, 1, 17, 0
6250, -0.046875, 10.746901, 17, 1, 17, 0
6260, -0.046875, 10.746068, 17, 1, 17, 0
6270, -0.046875, 10.745224, 17, 1, 17, 0
6280, -0.048177, 10.744368, 18, 2, 17, 1
6290, -0.049479, 10.743466, 18, 1, 18, 0
6300, -0.050781, 10.742547, 18, 1, 18, 0
6310, -0.052083, 10.741616, 17, 1, 17, 0
6320, -0.053385, 10.740638, 17, 1, 17, 0
6330, -0.054688, 10.739647, 17, 1, 17, 0
6340, -0.054688, 10.738610, 17, 1, 17, 0
6350, -0.054688, 10.737528, 17, 1, 17, 0
6360, -0.054688, 10.736434, 17, 1, 17, 0
6370, -0.055990, 10.735302, 18, 1, 18, 0
6380, -0.058868, 10.734162, 19, 2, 18, 1
6390, -0.060170, 10.732987, 18, 1, 18, 0
6400, -0.060170, 10.731773, 18, 1, 18, 0
6410, -0.058594, 10.730527, 18, 1, 18, 0
6420, -0.059896, 10.729253, 17, 1, 17, 0
6430, -0.061198, 10.727948, 17, 1, 17, 0
6440, -0.063802, 10.726616, 18, 1, 18, 0
6450, -0.065104, 10.725257, 18, 1, 18, 0
6460, -0.066406, 10.723874, 18, 1, 18, 0
6470, -0.066406, 10.722465, 18, 1, 18, 0
6480, -0.066406, 10.721033, 18, 1, 18, 0
6490, -0.066406, 10.719581, 18, 1, 18, 0
6500, -0.067708, 10.718108, 19, 1, 19, 0
6510, -0.069010, 10.716611, 19, 1, 19, 0
6520, -0.070312, 10.715092, 19, 1, 19, 0
6530, -0.070312, 10.713551, 19, 1, 19, 0
6540, -0.070312, 10.711991, 19, 1, 19, 0
6550, -0.070312, 10.710410, 19, 1, 19, 0
6560, -0.070312, 10.708811, 19, 1, 19, 0
6570, -0.071615, 10.707192, 20, 1, 20, 0
6580, -0.072917, 10.705552, 20, 1, 20, 0
6590, -0.074219, 10.703893, 20, 1, 20, 0
6600, -0.074219, 10.702215, 20, 1, 20, 0
6610, -0.074219, 10.700522, 20, 1, 20, 0
6620, -0.074219, 10.698809, 20, 1, 20, 0
6630, -0.074219, 10.697083, 20, 1, 20, 0
6640, -0.074219, 10.695337, 20, 1, 20, 0
6650, -0.075521, 10.693577, 21, 1, 21, 0
6660, -0.076823, 10.691797, 21, 1, 21, 0
6670, -0.078125, 10.690001, 21, 1, 21, 0
6680, -0.078125, 10.688187, 21, 1, 21, 0
6690, -0.079664, 10.686362, 22, 2, 21, 1
6700, -0.080160, 10.684521, 21, 3, 19, 1
6710, -0.078988, 10.682669, 20, 2, 19, 1
6720, -0.076277, 10.680803, 20, 2, 19, 1
6730, -0.076029, 10.678926, 21, 2, 19, 2
6740, -0.076420, 10.677035, 20, 2, 18, 2
6750, -0.075399, 10.675129, 19, 2, 18, 1
6760, -0.074890, 10.673210, 20, 3, 18, 1
6770, -0.073479, 10.671277, 19, 2, 18, 1
6780, -0.071765, 10.669335, 18, 1, 18, 0
6790, -0.069422, 10.667389, 17, 1, 17, 0
6800, -0.070891, 10.665429, 18, 2, 17, 1
6810, -0.074074, 10.663458, 18, 2, 17, 1
6820, -0.075300, 10.661472, 17, 2, 16, 1
6830, -0.074644, 10.659488, 17, 2, 16, 1
6840, -0.071461, 10.657498, 16, 1, 16, 0
6850, -0.068934, 10.655504, 16, 1, 16, 0
6860, -0.066406, 10.653506, 16, 1, 16, 0
6870, -0.067708, 10.651509, 15, 1, 15, 0
6880, -0.070747, 10.649511, 15, 2, 14, 1
6890, -0.073785, 10.647506, 15, 2, 14, 1
6900, -0.072483, 10.645492, 14, 1, 14, 0
6910, -0.069444, 10.643481, 14, 1, 14, 0
6920, -0.066406, 10.641478, 14, 1, 14, 0
6930, -0.070499, 10.639485, 14, 2, 13, 1
6940, -0.077530, 10.637493, 15, 3, 13, 1
6950, -0.084561, 10.635500, 15, 3, 13, 1
6960, -0.083574, 10.633509, 13, 2, 12, 1
6970, -0.079647, 10.631532, 13, 2, 12, 1
6980, -0.075721, 10.629574, 13, 2, 12, 1
6990, -0.075721, 10.627627, 13, 2, 12, 1
7000, -0.080429, 10.625685, 12, 3, 10, 1
7010, -0.085136, 10.623751, 12, 3, 10, 1
7020, -0.085938, 10.621819, 11, 2, 10, 1
7030, -0.082031, 10.619902, 11, 2, 10, 1
7040, -0.078125, 10.618000, 11, 2, 10, 1
7050, -0.078125, 10.616117, 11, 2, 10, 1
7060, -0.085136, 10.614241, 13, 3, 10, 2
7070, -0.094034, 10.612368, 12, 3, 9, 2
7080, -0.102931, 10.610499, 12, 3, 9, 2
7090, -0.101128, 10.608644, 11, 2, 9, 2
7100, -0.097439, 10.606815, 11, 2, 9, 2
7110, -0.093750, 10.605007, 11, 2, 9, 2
7120, -0.093750, 10.603224, 11, 2, 9, 2
7130, -0.100361, 10.601478, 13, 3, 9, 3
7140, -0.106971, 10.599764, 13, 3, 9, 3
7150, -0.117388, 10.598056, 13, 3, 8, 4
7160, -0.118156, 10.596354, 12, 2, 8, 4
7170, -0.118924, 10.594671, 12, 2, 8, 4
7180, -0.115885, 10.593114, 12, 2, 8, 4
7190, -0.115885, 10.591783, 12, 2, 8, 4
7200, -0.115885, 10.590765, 12, 2, 8, 4
7210, -0.119124, 10.589998, 13, 3, 8, 4
7220, -0.124580, 10.589384, 14, 3, 8, 5
7230, -0.130037, 10.588833, 14, 3, 8, 5
7240, -0.129436, 10.588377, 13, 2, 8, 5
7250, -0.128754, 10.587971, 12, 2, 7, 5
7260, -0.129340, 10.587599, 13, 2, 7, 6
7270, -0.132746, 10.587201, 13, 2, 7, 6
7280, -0.134014, 10.586889, 13, 2, 7, 6
7290, -0.134014, 10.586645, 13, 2, 7, 6
7300, -0.134014, 10.586496, 13, 2, 7, 6
7310, -0.134014, 10.586415, 13, 2, 7, 6
7320, -0.134014, 10.586426, 13, 2, 7, 6
7330, -0.136032, 10.586526, 14, 3, 7, 6
7340, -0.138049, 10.586672, 14, 3, 7, 6
7350, -0.140067, 10.586889, 14, 3, 7, 6
7360, -0.140067, 10.587171, 14, 3, 7, 6
7370, -0.138049, 10.587513, 13, 2, 7, 6
7380, -0.136032, 10.587908, 13, 2, 7, 6
7390, -0.134014, 10.588350, 13, 2, 7, 6
7400, -0.134014, 10.588835, 13, 2, 7, 6
7410, -0.134014, 10.589357, 13, 2, 7, 6
7420, -0.134014, 10.589911, 13, 2, 7, 6
7430, -0.131661, 10.590489, 12, 2, 7, 5
7440, -0.129307, 10.591088, 12, 2, 7, 5
7450, -0.126953, 10.591707, 12, 2, 7, 5
7460, -0.126953, 10.592343, 12, 2, 7, 5
7470, -0.126953, 10.592994, 12, 2, 7, 5
7480, -0.125434, 10.593657, 12, 2, 7, 5
7490, -0.123915, 10.594327, 12, 2, 7, 5
7500, -0.122396, 10.595001, 12, 3, 7, 4
7510, -0.119713, 10.595675, 11, 2, 7, 4
7520, -0.117030, 10.596348, 11, 2, 7, 4
7530, -0.114347, 10.597021, 11, 2, 7, 4
7540, -0.114347, 10.597692, 11, 2, 7, 4
7550, -0.111387, 10.598358, 10, 2, 7, 3
7560, -0.106605, 10.599017, 10, 2, 7, 3
7570, -0.101823, 10.599669, 10, 2, 7, 3
7580, -0.100000, 10.600313, 10, 2, 7, 3
7590, -0.100000, 10.601002, 10, 2, 7, 3
7600, -0.100000, 10.601720, 10, 2, 7, 3
7610, -0.096470, 10.602419, 9, 2, 7, 2
7620, -0.096470, 10.603110, 10, 3, 7, 2
7630, -0.090914, 10.603784, 9, 2, 7, 2
7640, -0.088889, 10.604443, 9, 2, 7, 2
7650, -0.083333, 10.605083, 9, 2, 7, 2
7660, -0.078993, 10.605716, 8, 2, 7, 1
7670, -0.074653, 10.606325, 8, 2, 7, 1
7680, -0.068576, 10.606928, 9, 2, 8, 1
7690, -0.066840, 10.607508, 9, 2, 8, 1
7700, -0.065104, 10.608079, 9, 2, 8, 1
7710, -0.059028, 10.608630, 7, 1, 7, 0
7720, -0.051649, 10.609157, 8, 1, 8, 0
7730, -0.044271, 10.609666, 8, 1, 8, 0
7740, -0.042969, 10.610156, 8, 1, 8, 0
7750, -0.042969, 10.610638, 8, 1, 8, 0
7760, -0.042969, 10.611104, 8, 1, 8, 0
7770, -0.041667, 10.611549, 9, 1, 9, 0
7780, -0.040365, 10.611967, 9, 1, 9, 0
7790, -0.037760, 10.612360, 8, 1, 8, 0
7800, -0.036458, 10.612733, 8, 1, 8, 0
7810, -0.033854, 10.613090, 9, 1, 9, 0
7820, -0.032552, 10.613427, 9, 1, 9, 0
7830, -0.031250, 10.613740, 9, 1, 9, 0
7840, -0.031250, 10.614033, 9, 1, 9, 0
7850, -0.029948, 10.614307, 10, 1, 10, 0
7860, -0.028646, 10.614561, 10, 1, 10, 0
7870, -0.026042, 10.614791, 9, 1, 9, 0
7880, -0.024740, 10.614996, 9, 1, 9, 0
7890, -0.022135, 10.615180, 10, 1, 10, 0
7900, -0.020833, 10.615340, 10, 1, 10, 0
7910, -0.019531, 10.615476, 10, 1, 10, 0
7920, -0.019531, 10.615591, 10, 1, 10, 0
7930, -0.018229, 10.615683, 11, 1, 11, 0
7940, -0.018229, 10.615753, 12, 1, 12, 0
7950, -0.018229, 10.615797, 12, 1, 12, 0
7960, -0.020833, 10.615816, 13, 1, 13, 0
7970, -0.020833, 10.615811, 14, 1, 14, 0
7980, -0.020833, 10.615759, 14, 1, 14, 0
7990, -0.019531, 10.615681, 14, 1, 14, 0
8000, -0.018229, 10.615577, 15, 1, 15, 0
8010, -0.018229, 10.615448, 16, 1, 16, 0
8020, -0.018229, 10.615299, 16, 1, 16, 0
8030, -0.018229, 10.615126, 17, 1, 17, 0
8040, -0.016927, 10.614929, 17, 1, 17, 0
8050, -0.015625, 10.614709, 17, 1, 17, 0
8060, -0.014323, 10.614463, 18, 1, 18, 0
8070, -0.013021, 10.614192, 18, 1, 18, 0
8080, -0.013295, 10.613892, 19, 2, 18, 1
8090, -0.011993, 10.613568, 19, 1, 19, 0
8100, -0.010691, 10.613216, 19, 1, 19, 0
8110, -0.007812, 10.612835, 19, 1, 19, 0
8120, -0.006510, 10.612423, 20, 1, 20, 0
8130, -0.005208, 10.611980, 20, 1, 20, 0
8140, -0.004036, 10.611503, 20, 2, 19, 1
8150, -0.004167, 10.610992, 20, 2, 19, 1
8160, -0.001562, 10.610447, 20, 1, 20, 0
8170, -0.000130, 10.609865, 21, 1, 21, 0
8180, 0.001302, 10.609247, 21, 1, 21, 0
8190, 0.002604, 10.608523, 21, 1, 21, 0
8200, 0.005208, 10.607660, 21, 1, 21, 0
8210, 0.007812, 10.606639, 21, 1, 21, 0
8220, 0.008984, 10.605468, 20, 2, 19, 1
8230, 0.011465, 10.604169, 21, 2, 20, 1
8240, 0.015110, 10.602746, 20, 2, 19, 1
8250, 0.018736, 10.601237, 19, 2, 18, 1
8260, 0.021053, 10.599665, 19, 2, 18, 1
8270, 0.022204, 10.598055, 19, 2, 18, 1
8280, 0.022204, 10.596402, 19, 2, 18, 1
8290, 0.022204, 10.594697, 19, 2, 18, 1
8300, 0.022204, 10.592926, 19, 2, 18, 1
8310, 0.020271, 10.591097, 20, 3, 18, 1
8320, 0.017582, 10.589207, 21, 2, 19, 2
8330, 0.013566, 10.587261, 20, 2, 18, 2
8340, 0.011483, 10.585295, 20, 2, 18, 2
8350, 0.010156, 10.583272, 20, 2, 18, 2
8360, 0.009127, 10.581194, 21, 2, 19, 2
8370, 0.007602, 10.579066, 21, 3, 19, 1
8380, 0.007862, 10.576890, 20, 2, 19, 1
8390, 0.009152, 10.574668, 20, 2, 19, 1
8400, 0.008073, 10.572404, 20, 2, 18, 2
8410, 0.004179, 10.570096, 21, 2, 19, 2
8420, -0.001361, 10.567746, 22, 3, 19, 2
8430, -0.001100, 10.565358, 20, 2, 19, 1
8440, 0.000189, 10.562928, 20, 2, 19, 1
8450, 0.000260, 10.560470, 20, 2, 18, 2
8460, -0.002604, 10.557974, 20, 2, 18, 2
8470, -0.002922, 10.555450, 18, 2, 17, 1
8480, -0.000376, 10.552752, 18, 2, 17, 1
8490, -0.001013, 10.550042, 18, 2, 16, 2
8500, -0.004774, 10.547319, 18, 3, 16, 1
8510, -0.005172, 10.544596, 16, 2, 15, 1
8520, -0.000109, 10.541867, 15, 1, 15, 0
8530, 0.001714, 10.539009, 15, 2, 14, 1
8540, 0.001203, 10.536147, 14, 2, 13, 1
8550, 0.001203, 10.533283, 13, 1, 13, 0
8560, 0.003019, 10.530422, 13, 2, 12, 1
8570, 0.002495, 10.527432, 11, 2, 10, 1
8580, 0.003797, 10.524446, 10, 1, 10, 0
8590, 0.007102, 10.521468, 10, 1, 10, 0
8600, 0.010417, 10.518385, 9, 1, 9, 0
8610, 0.009115, 10.515321, 9, 1, 9, 0
8620, -0.001420, 10.512150, 11, 3, 9, 1
8630, -0.002723, 10.509009, 8, 1, 8, 0
8640, -0.005327, 10.505774, 9, 1, 9, 0
8650, -0.007931, 10.502584, 11, 3, 9, 1
8660, -0.015599, 10.499320, 9, 2, 8, 1
8670, -0.027057, 10.496108, 10, 3, 8, 1
8680, -0.026288, 10.492824, 8, 2, 7, 1
8690, -0.028385, 10.489482, 8, 2, 7, 1
8700, -0.034446, 10.486208, 11, 3, 8, 2
8710, -0.041318, 10.482884, 9, 2, 7, 2
8720, -0.052907, 10.479515, 10, 3, 7, 2
8730, -0.054659, 10.476109, 10, 2, 7, 3
8740, -0.061024, 10.472786, 9, 2, 6, 3
8750, -0.067014, 10.469432, 10, 3, 6, 3
8760, -0.072128, 10.466041, 11, 2, 7, 4
8770, -0.077249, 10.462628, 10, 2, 6, 4
8780, -0.081747, 10.459305, 11, 3, 6, 4
8790, -0.087192, 10.455962, 11, 2, 6, 5
8800, -0.096354, 10.452598, 11, 3, 5, 5
8810, -0.101089, 10.449207, 11, 2, 6, 5
8820, -0.107501, 10.445805, 12, 2, 7, 5
8830, -0.111580, 10.442393, 13, 3, 7, 5
8840, -0.115769, 10.438990, 13, 2, 8, 5
8850, -0.121566, 10.435599, 14, 3, 8, 5
8860, -0.126173, 10.432389, 13, 3, 8, 4
8870, -0.130795, 10.429213, 14, 2, 10, 4
8880, -0.135110, 10.426012, 15, 3, 10, 4
8890, -0.138876, 10.422804, 15, 3, 11, 3
8900, -0.142155, 10.419602, 16, 2, 13, 3
8910, -0.143544, 10.416411, 18, 3, 13, 4
8920, -0.142958, 10.413233, 16, 2, 13, 3
8930, -0.144921, 10.410069, 17, 2, 14, 3
8940, -0.148393, 10.406935, 18, 3, 14, 3
8950, -0.152798, 10.403823, 15, 2, 13, 2
8960, -0.157183, 10.400749, 16, 2, 14, 2
8970, -0.161574, 10.397710, 17, 3, 14, 2
8980, -0.163028, 10.394707, 16, 2, 14, 2
8990, -0.166772, 10.391746, 16, 2, 15, 1
9000, -0.168457, 10.388829, 18, 3, 15, 2
9010, -0.170200, 10.385951, 17, 2, 15, 2
9020, -0.170688, 10.383103, 16, 3, 13, 2
9030, -0.173292, 10.380286, 15, 4, 12, 1
9040, -0.173728, 10.377517, 13, 2, 12, 1
9050, -0.172476, 10.374805, 13, 3, 11, 1
9060, -0.172910, 10.372156, 12, 2, 11, 1
9070, -0.174312, 10.369563, 11, 1, 11, 0
9080, -0.180322, 10.367024, 13, 3, 11, 1
9090, -0.182492, 10.364529, 13, 3, 11, 1
9100, -0.184879, 10.362093, 12, 2, 11, 1
9110, -0.184078, 10.359715, 13, 2, 11, 2
9120, -0.186124, 10.357406, 14, 3, 11, 2
9130, -0.192200, 10.355235, 12, 3, 9, 2
9140, -0.190718, 10.353107, 10, 2, 9, 1
9150, -0.189382, 10.351024, 11, 2, 9, 2
9160, -0.190033, 10.349061, 12, 3, 9, 2
9170, -0.192827, 10.347143, 11, 2, 9, 2
9180, -0.192827, 10.345330, 11, 2, 9, 2
9190, -0.195130, 10.343547, 13, 3, 9, 3
9200, -0.200630, 10.341862, 13, 3, 9, 3
9210, -0.203175, 10.340219, 12, 2, 9, 3
9220, -0.202608, 10.338671, 12, 2, 8, 4
9230, -0.205011, 10.337356, 13, 3, 8, 4
9240, -0.210370, 10.336430, 13, 3, 8, 4
9250, -0.211739, 10.336013, 13, 2, 8, 5
9260, -0.212240, 10.336035, 14, 2, 8, 6
9270, -0.212740, 10.336378, 14, 2, 8, 6
9280, -0.218006, 10.336923, 14, 3, 7, 6
9290, -0.221168, 10.337566, 14, 3, 7, 6
9300, -0.221168, 10.338256, 14, 2, 8, 6
9310, -0.220002, 10.338979, 15, 2, 8, 7
9320, -0.220747, 10.339800, 14, 2, 7, 7
9330, -0.227083, 10.340646, 15, 3, 7, 7
9340, -0.231424, 10.341623, 15, 3, 7, 7
9350, -0.233854, 10.342726, 15, 3, 7, 7
9360, -0.235493, 10.343949, 16, 3, 8, 7
9370, -0.237131, 10.345300, 16, 3, 8, 7
9380, -0.236610, 10.346761, 15, 2, 8, 7
9390, -0.234451, 10.348325, 15, 2, 8, 7
9400, -0.232292, 10.350122, 15, 2, 8, 7
9410, -0.232292, 10.352001, 15, 2, 8, 7
9420, -0.232292, 10.353932, 15, 2, 8, 7
9430, -0.232292, 10.356045, 15, 2, 8, 7
9440, -0.232292, 10.358183, 15, 2, 8, 7
9450, -0.232292, 10.360470, 15, 2, 8, 7
9460, -0.231684, 10.362752, 16, 2, 8, 8
9470, -0.231076, 10.365154, 16, 2, 8, 8
9480, -0.230469, 10.367532, 16, 2, 8, 8
9490, -0.228646, 10.370013, 15, 2, 8, 7
9500, -0.226042, 10.372588, 14, 2, 8, 6
9510, -0.223437, 10.375102, 14, 2, 8, 6
9520, -0.222656, 10.377674, 14, 2, 8, 6
9530, -0.222656, 10.380314, 14, 2, 8, 6
9540, -0.220553, 10.383011, 13, 2, 8, 5
9550, -0.218450, 10.385736, 13, 2, 8, 5
9560, -0.216346, 10.388475, 13, 2, 8, 5
9570, -0.216713, 10.391217, 12, 2, 7, 5
9580, -0.212827, 10.393957, 10, 2, 7, 3
9590, -0.208941, 10.396683, 10, 2, 7, 3
9600, -0.202746, 10.399392, 11, 2, 8, 3
9610, -0.200805, 10.402067, 11, 2, 8, 3
9620, -0.198864, 10.404722, 11, 2, 8, 3
9630, -0.195857, 10.407366, 10, 2, 8, 2
9640, -0.195857, 10.409991, 11, 3, 8, 2
9650, -0.193371, 10.412605, 12, 2, 9, 3
9660, -0.193892, 10.415186, 12, 2, 9, 3
9670, -0.188684, 10.417757, 11, 2, 9, 2
9680, -0.185961, 10.420287, 11, 2, 9, 2
9690, -0.183239, 10.422777, 11, 2, 9, 2
9700, -0.181621, 10.425235, 12, 2, 10, 2
9710, -0.177123, 10.427666, 11, 2, 10, 1
9720, -0.172625, 10.430045, 11, 2, 10, 1
9730, -0.169744, 10.432381, 11, 2, 10, 1
9740, -0.166548, 10.434681, 10, 1, 10, 0
9750, -0.162050, 10.436937, 11, 1, 11, 0
9760, -0.157552, 10.439149, 11, 1, 11, 0
9770, -0.156250, 10.441311, 11, 1, 11, 0
9780, -0.156250, 10.443445, 11, 1, 11, 0
9790, -0.156250, 10.445552, 11, 1, 11, 0
9800, -0.156250, 10.447637, 11, 1, 11, 0
9810, -0.154948, 10.449704, 12, 1, 12, 0
9820, -0.154948, 10.451871, 13, 1, 13, 0
9830, -0.154948, 10.454006, 13, 1, 13, 0
9840, -0.156250, 10.456109, 13, 1, 13, 0
9850, -0.156250, 10.458179, 13, 1, 13, 0
9860, -0.157552, 10.460218, 14, 1, 14, 0
9870, -0.158854, 10.462214, 14, 1, 14, 0
9880, -0.160156, 10.464192, 14, 1, 14, 0
9890, -0.160156, 10.466140, 14, 1, 14, 0
9900, -0.157552, 10.468052, 14, 1, 14, 0
9910, -0.154948, 10.469925, 14, 1, 14, 0
9920, -0.151042, 10.471753, 13, 1, 13, 0
9930, -0.150856, 10.473539, 14, 2, 13, 1
9940, -0.146949, 10.475292, 13, 1, 13, 0
9950, -0.144345, 10.476999, 13, 2, 12, 1
9960, -0.139323, 10.478672, 12, 1, 12, 0
9970, -0.135417, 10.480297, 12, 1, 12, 0
9980, -0.131510, 10.481885, 12, 1, 12, 0
9990, -0.124349, 10.483433, 12, 2, 11, 1
10000, -0.118640, 10.484928, 13, 3, 11, 1
10010, -0.111478, 10.486376, 12, 2, 11, 1
10020, -0.104790, 10.487729, 11, 2, 9, 2
10030, -0.099649, 10.488988, 9, 2, 7, 2
10040, -0.093138, 10.490217, 8, 2, 6, 2
10050, -0.088201, 10.491419, 7, 2, 5, 2
10060, -0.078544, 10.492602, 8, 2, 5, 3
10070, -0.064872, 10.493739, 6, 2, 3, 3
10080, -0.053711, 10.494799, 6, 2, 3, 3
10090, -0.044271, 10.495800, 6, 2, 3, 3
10100, -0.036458, 10.496755, 5, 2, 3, 2
10110, -0.027083, 10.497679, 5, 2, 3, 2
10120, -0.009375, 10.498561, 5, 2, 4, 1
10130, 0.001693, 10.499353, 4, 2, 3, 1
10140, 0.015234, 10.499799, 5, 2, 4, 1
10150, 0.017057, 10.499992, 4, 2, 3, 1
10160, 0.019010, 10.499935, 3, 2, 2, 1
10170, 0.001302, 10.499649, 3, 2, 2, 1
10180, -0.029948, 10.499274, 2, 1, 2, 0
10190, -0.059896, 10.498931, 2, 1, 2, 0
10200, -0.074219, 10.498632, 2, 1, 2, 0
10210, -0.072917, 10.498285, 1, 1, 1, 0
10220, 99999.990000, 10.497906, 0, 1, 0, 0
10230, 99999.990000, 10.497493, 0, 1, 0, 0
10240, 99999.990000, 10.496938, 0, 1, 0, 0
10250, 99999.990000, 10.496209, 0, 1, 0, 0
10260, 99999.990000, 10.495368, 0, 1, 0, 0
10270, 99999.990000, 10.494432, 0, 1, 0, 0
10280, 99999.990000, 10.493419, 0, 1, 0, 0
10290, 99999.990000, 10.492341, 0, 1, 0, 0
10300, 99999.990000, 10.491186, 0, 1, 0, 0
10310, 99999.990000, 10.489987, 0, 1, 0, 0
10320, 99999.990000, 10.488748, 0, 1, 0, 0
10330, 99999.990000, 10.487448, 0, 1, 0, 0
10340, 99999.990000, 10.486122, 0, 1, 0, 0
10350, 99999.990000, 10.484748, 0, 1, 0, 0
10360, 99999.990000, 10.483318, 0, 1, 0, 0
10370, 99999.990000, 10.481864, 0, 1, 0, 0
10380, 0.031250, 10.480363, 1, 1, 1, 0
10390, 0.061198, 10.478818, 2, 1, 2, 0
10400, 0.089844, 10.477225, 3, 1, 3, 0
10410, 0.085938, 10.475512, 4, 1, 4, 0
10420, 0.083333, 10.473783, 4, 1, 4, 0
10430, 0.082031, 10.472034, 4, 1, 4, 0
10440, 0.080729, 10.470275, 5, 1, 5, 0
10450, 0.078125, 10.468497, 4, 1, 4, 0
10460, 0.075521, 10.466702, 4, 1, 4, 0
10470, 0.072917, 10.464886, 5, 1, 5, 0
10480, 0.071615, 10.463046, 5, 1, 5, 0
10490, 0.070312, 10.461181, 5, 1, 5, 0
10500, 0.069010, 10.459290, 4, 1, 4, 0
10510, 0.067708, 10.457377, 4, 1, 4, 0
10520, 0.065104, 10.455438, 5, 1, 5, 0
10530, 0.062500, 10.453477, 4, 1, 4, 0
10540, 0.048177, 10.451489, 5, 2, 4, 1
10550, 0.046875, 10.449478, 4, 1, 4, 0
10560, 0.045573, 10.447444, 5, 1, 5, 0
10570, 0.042969, 10.445385, 5, 2, 4, 1
10580, 0.040365, 10.443307, 4, 1, 4, 0
10590, 0.039062, 10.441213, 4, 1, 4, 0
10600, 0.027083, 10.439101, 5, 3, 3, 1
10610, 0.025781, 10.436962, 3, 1, 3, 0
10620, 0.023177, 10.434808, 4, 1, 4, 0
10630, 0.020573, 10.432513, 5, 3, 3, 1
10640, 0.004948, 10.430219, 4, 2, 3, 1
10650, -0.017708, 10.427917, 5, 2, 3, 2
10660, -0.018229, 10.425611, 5, 2, 3, 2
10670, -0.028125, 10.423309, 5, 2, 3, 2
10680, -0.040625, 10.420994, 7, 3, 3, 3
10690, -0.052083, 10.418555, 5, 2, 3, 2
10700, -0.063542, 10.416108, 5, 2, 3, 2
10710, -0.063914, 10.413661, 7, 2, 4, 3
10720, -0.069180, 10.411213, 9, 3, 5, 3
10730, -0.075728, 10.408766, 7, 2, 5, 2
10740, -0.085121, 10.406200, 8, 2, 6, 2
10750, -0.092066, 10.403634, 9, 3, 6, 2
10760, -0.095124, 10.401068, 9, 2, 7, 2
10770, -0.096065, 10.398529, 9, 2, 7, 2
10780, -0.098090, 10.395896, 12, 3, 9, 2
10790, -0.102720, 10.393271, 12, 3, 9, 2
10800, -0.104561, 10.390658, 11, 2, 9, 2
10810, -0.103626, 10.387954, 13, 2, 12, 1
10820, -0.105883, 10.385266, 15, 3, 13, 1
10830, -0.106183, 10.382604, 15, 2, 13, 2
10840, -0.107800, 10.379961, 14, 2, 13, 1
10850, -0.109341, 10.377242, 16, 3, 14, 1
10860, -0.115048, 10.374537, 16, 3, 14, 1
10870, -0.117467, 10.371857, 14, 2, 13, 1
10880, -0.119745, 10.369108, 13, 1, 13, 0
10890, -0.124975, 10.366386, 15, 2, 14, 1
10900, -0.126562, 10.363704, 15, 2, 14, 1
10910, -0.125174, 10.360955, 15, 2, 14, 1
10920, -0.125347, 10.358256, 15, 2, 14, 1
10930, -0.130968, 10.355600, 16, 2, 15, 1
10940, -0.136263, 10.352899, 14, 1, 14, 0
10950, -0.137044, 10.350240, 14, 1, 14, 0
10960, -0.138542, 10.347632, 15, 2, 14, 1
10970, -0.139844, 10.345074, 15, 1, 15, 0
10980, -0.141146, 10.342471, 15, 1, 15, 0
10990, -0.142415, 10.339915, 16, 2, 15, 1
11000, -0.144206, 10.337406, 16, 2, 15, 1
11010, -0.145508, 10.334947, 16, 1, 16, 0
11020, -0.145020, 10.332542, 16, 1, 16, 0
11030, -0.145833, 10.330247, 15, 1, 15, 0
11040, -0.148926, 10.327916, 16, 2, 15, 1
11050, -0.150575, 10.325624, 15, 2, 13, 2
11060, -0.150922, 10.323380, 15, 2, 13, 2
11070, -0.150347, 10.321192, 15, 3, 13, 1
11080, -0.151215, 10.319056, 15, 3, 13, 1
11090, -0.150124, 10.316970, 14, 2, 13, 1
11100, -0.146305, 10.314929, 13, 1, 13, 0
11110, -0.141183, 10.312937, 12, 1, 12, 0
11120, -0.140925, 10.310995, 13, 2, 12, 1
11130, -0.141927, 10.309094, 13, 2, 12, 1
11140, -0.144231, 10.307237, 13, 2, 12, 1
11150, -0.141326, 10.305590, 12, 1, 12, 0
11160, -0.142127, 10.304274, 13, 2, 12, 1
11170, -0.142328, 10.303345, 13, 2, 12, 1
11180, -0.144832, 10.302746, 13, 2, 12, 1
11190, -0.144686, 10.302376, 11, 2, 10, 1
11200, -0.151497, 10.302169, 13, 4, 10, 1
11210, -0.154635, 10.302044, 12, 2, 10, 2
11220, -0.157318, 10.302020, 12, 2, 10, 2
11230, -0.153646, 10.302059, 12, 2, 10, 2
11240, -0.153646, 10.302164, 12, 2, 10, 2
11250, -0.158792, 10.302307, 14, 3, 10, 3
11260, -0.164125, 10.302461, 14, 3, 10, 3
11270, -0.166595, 10.302695, 13, 2, 10, 3
11280, -0.165395, 10.303021, 11, 2, 8, 3
11290, -0.164008, 10.303450, 11, 2, 8, 3
11300, -0.165483, 10.303985, 11, 2, 8, 3
11310, -0.168699, 10.304619, 12, 3, 8, 3
11320, -0.171914, 10.305342, 12, 3, 8, 3
11330, -0.175130, 10.306171, 12, 3, 8, 3
11340, -0.172092, 10.307067, 12, 2, 9, 3
11350, -0.169054, 10.308047, 12, 2, 9, 3
11360, -0.168369, 10.309084, 13, 2, 9, 4
11370, -0.169020, 10.310197, 12, 2, 9, 3
11380, -0.169671, 10.311377, 12, 2, 9, 3
11390, -0.167969, 10.312615, 12, 2, 9, 3
11400, -0.167969, 10.313633, 12, 2, 9, 3
11410, -0.166927, 10.314497, 10, 2, 8, 2
11420, -0.165885, 10.315341, 10, 2, 8, 2
11430, -0.164844, 10.316228, 10, 2, 8, 2
11440, -0.161979, 10.317180, 9, 2, 8, 1
11450, -0.159115, 10.318195, 9, 2, 8, 1
11460, -0.157907, 10.319261, 11, 3, 9, 1
11470, -0.160077, 10.320363, 12, 3, 10, 1
11480, -0.159367, 10.321485, 11, 2, 10, 1
11490, -0.157000, 10.322604, 11, 2, 10, 1
11500, -0.154119, 10.323692, 11, 2, 10, 1
11510, -0.154119, 10.324793, 11, 2, 10, 1
11520, -0.154119, 10.325896, 11, 2, 10, 1
11530, -0.152659, 10.326998, 12, 2, 11, 1
11540, -0.150292, 10.328097, 11, 2, 10, 1
11550, -0.147925, 10.329191, 11, 2, 10, 1
11560, -0.147017, 10.330281, 11, 2, 10, 1
11570, -0.142282, 10.331364, 11, 1, 11, 0
11580, -0.140803, 10.332440, 12, 2, 11, 1
11590, -0.136068, 10.333508, 11, 1, 11, 0
11600, -0.136068, 10.334568, 11, 1, 11, 0
11610, -0.131510, 10.335615, 12, 1, 12, 0
11620, -0.130208, 10.336653, 12, 1, 12, 0
11630, -0.128906, 10.337681, 12, 1, 12, 0
11640, -0.128906, 10.338697, 12, 1, 12, 0
11650, -0.127604, 10.339698, 13, 1, 13, 0
11660, -0.126302, 10.340683, 13, 1, 13, 0
11670, -0.125000, 10.341647, 13, 1, 13, 0
11680, -0.125000, 10.342597, 13, 1, 13, 0
11690, -0.125000, 10.343587, 13, 1, 13, 0
11700, -0.125000, 10.344603, 13, 1, 13, 0
11710, -0.125000, 10.345597, 13, 1, 13, 0
11720, -0.125000, 10.346571, 15, 1, 15, 0
11730, -0.125000, 10.347527, 15, 1, 15, 0
11740, -0.125000, 10.348463, 15, 1, 15, 0
11750, -0.125000, 10.349381, 15, 1, 15, 0
11760, -0.125000, 10.350281, 15, 1, 15, 0
11770, -0.125000, 10.351163, 15, 1, 15, 0
11780, -0.126302, 10.352138, 16, 1, 16, 0
11790, -0.129213, 10.353090, 17, 2, 16, 1
11800, -0.130515, 10.354015, 16, 1, 16, 0
11810, -0.130515, 10.354897, 16, 1, 16, 0
11820, -0.130208, 10.355849, 17, 1, 17, 0
11830, -0.131510, 10.356754, 17, 1, 17, 0
11840, -0.132812, 10.357618, 17, 1, 17, 0
11850, -0.132812, 10.358317, 17, 1, 17, 0
11860, -0.130208, 10.359079, 17, 1, 17, 0
11870, -0.127604, 10.359796, 17, 1, 17, 0
11880, -0.123698, 10.360471, 16, 1, 16, 0
11890, -0.123545, 10.361200, 17, 2, 16, 1
11900, -0.122243, 10.361910, 16, 1, 16, 0
11910, -0.119638, 10.362682, 16, 1, 16, 0
11920, -0.115885, 10.363503, 16, 1, 16, 0
11930, -0.111979, 10.364261, 15, 1, 15, 0
11940, -0.110677, 10.365045, 15, 1, 15, 0
11950, -0.108073, 10.365784, 14, 1, 14, 0
11960, -0.105469, 10.366561, 15, 1, 15, 0
11970, -0.101562, 10.367380, 14, 1, 14, 0
11980, -0.098958, 10.368135, 14, 1, 14, 0
11990, -0.096354, 10.368926, 13, 1, 13, 0
12000, -0.093750, 10.369758, 14, 1, 14, 0
12010, -0.089844, 10.370535, 13, 1, 13, 0
12020, -0.085938, 10.371342, 14, 1, 14, 0
12030, -0.083147, 10.372094, 14, 2, 13, 1
12040, -0.080543, 10.372894, 13, 1, 13, 0
12050, -0.076637, 10.373655, 13, 1, 13, 0
12060, -0.071615, 10.374466, 12, 1, 12, 0
12070, -0.066406, 10.375241, 13, 1, 13, 0
12080, -0.062500, 10.376062, 12, 1, 12, 0
12090, -0.058594, 10.376855, 13, 1, 13, 0
12100, -0.054688, 10.377706, 12, 1, 12, 0
12110, -0.050781, 10.378535, 13, 1, 13, 0
12120, -0.046875, 10.379344, 12, 1, 12, 0
12130, -0.041667, 10.380222, 12, 1, 12, 0
12140, -0.037760, 10.381094, 12, 1, 12, 0
12150, -0.032552, 10.381958, 12, 1, 12, 0
12160, -0.029948, 10.382819, 8, 2, 4, 4
12170, -0.023810, 10.383702, 7, 2, 4, 3
12180, -0.018341, 10.384665, 5, 2, 3, 2
12190, -0.011310, 10.385646, 5, 2, 3, 2
12200, -0.004861, 10.386645, 3, 2, 2, 1
12210, 0.002691, 10.387658, 4, 2, 3, 1
12220, 0.017795, 10.388562, 3, 1, 3, 0
12230, 0.029948, 10.389219, 3, 1, 3, 0
12240, 0.035417, 10.389607, 5, 2, 4, 1
12250, 0.029340, 10.389816, 9, 2, 6, 3
12260, 0.024783, 10.389977, 12, 2, 9, 3
12270, 0.025825, 10.390172, 15, 1, 15, 0
12280, 0.033782, 10.390414, 18, 2, 17, 1
12290, 0.045240, 10.390610, 20, 2, 17, 3
12300, 0.055657, 10.390725, 21, 1, 21, 0
12310, 0.061589, 10.390762, 21, 1, 21, 0
12320, 0.063802, 10.390765, 22, 1, 22, 0
12330, 0.066406, 10.390787, 21, 1, 21, 0
12340, 0.069010, 10.390826, 21, 1, 21, 0
12350, 0.073785, 10.390869, 18, 2, 17, 1
12360, 0.080295, 10.390903, 16, 1, 16, 0
12370, 0.086806, 10.390921, 16, 1, 16, 0
12380, 0.091146, 10.390948, 15, 1, 15, 0
12390, 0.093750, 10.390921, 14, 1, 14, 0
12400, 0.096354, 10.390870, 14, 1, 14, 0
12410, 0.098958, 10.390802, 13, 1, 13, 0
12420, 0.100260, 10.390719, 13, 1, 13, 0
12430, 0.101562, 10.390626, 13, 1, 13, 0
12440, 0.101562, 10.390528, 13, 1, 13, 0
12450, 0.101562, 10.390426, 13, 1, 13, 0
12460, 0.102865, 10.390323, 12, 1, 12, 0
12470, 0.104167, 10.390216, 12, 1, 12, 0
12480, 0.105469, 10.390110, 12, 1, 12, 0
12490, 0.105469, 10.390008, 12, 1, 12, 0
12500, 0.104167, 10.389909, 8, 2, 5, 3
12510, 0.103237, 10.389817, 7, 2, 4, 3
12520, 0.100632, 10.389730, 6, 2, 4, 2
12530, 0.099330, 10.389650, 6, 2, 4, 2
12540, 0.097656, 10.389576, 6, 2, 4, 2
12550, 0.098437, 10.389507, 5, 2, 3, 2
12560, 0.099219, 10.389442, 5, 2, 3, 2
12570, 0.100000, 10.389379, 5, 2, 3, 2
12580, 0.089062, 10.389319, 5, 3, 3, 1
12590, 0.082812, 10.389264, 5, 2, 4, 1
12600, 0.076563, 10.389213, 5, 2, 4, 1
12610, 0.081250, 10.389166, 5, 2, 4, 1
12620, 0.081250, 10.389114, 5, 2, 4, 1
12630, 0.081250, 10.389058, 5, 2, 4, 1
12640, 0.084115, 10.388997, 6, 2, 4, 2
12650, 0.084933, 10.388931, 7, 2, 5, 2
12660, 0.082329, 10.388860, 5, 2, 4, 1
12670, 0.076860, 10.388785, 5, 2, 4, 1
12680, 0.073438, 10.388707, 5, 2, 4, 1
12690, 0.074256, 10.388622, 7, 2, 5, 2
12700, 0.075074, 10.388528, 7, 2, 5, 2
12710, 0.075893, 10.388425, 7, 2, 5, 2
12720, 0.075893, 10.388314, 7, 2, 5, 2
12730, 0.072731, 10.388194, 6, 2, 5, 1
12740, 0.069568, 10.388068, 6, 2, 5, 1
12750, 0.066964, 10.387935, 7, 2, 5, 2
12760, 0.067522, 10.387795, 7, 2, 5, 2
12770, 0.068080, 10.387647, 7, 2, 5, 2
12780, 0.064918, 10.387491, 6, 2, 5, 1
12790, 0.061756, 10.387329, 6, 2, 5, 1
12800, 0.056424, 10.387161, 6, 2, 5, 1
12810, 0.054253, 10.386988, 6, 2, 5, 1
12820, 0.052083, 10.386810, 6, 2, 5, 1
12830, 0.052083, 10.386626, 6, 2, 5, 1
12840, 0.046441, 10.386437, 4, 1, 4, 0
12850, 0.040799, 10.386245, 4, 1, 4, 0
12860, 0.035156, 10.386049, 4, 1, 4, 0
12870, 0.033854, 10.385851, 5, 1, 5, 0
12880, 0.031250, 10.385649, 4, 1, 4, 0
12890, 0.028646, 10.385424, 4, 1, 4, 0
12900, 0.021875, 10.385227, 5, 2, 4, 1
12910, 0.020573, 10.385030, 3, 1, 3, 0
12920, 0.019271, 10.384831, 3, 1, 3, 0
12930, 0.023438, 10.384631, 3, 1, 3, 0
12940, 0.023438, 10.384429, 3, 1, 3, 0
12950, 0.022135, 10.384228, 2, 1, 2, 0
12960, 0.019531, 10.384108, 3, 1, 3, 0
12970, 0.016927, 10.384223, 3, 1, 3, 0
12980, 0.015625, 10.384469, 3, 1, 3, 0
12990, 0.015625, 10.384754, 3, 1, 3, 0
13000, 0.014323, 10.385030, 2, 1, 2, 0
13010, 0.011719, 10.385279, 3, 1, 3, 0
13020, 0.009115, 10.385502, 3, 1, 3, 0
13030, 0.007812, 10.385707, 3, 1, 3, 0
13040, 0.007812, 10.385905, 3, 1, 3, 0
13050, 0.006510, 10.386105, 2, 1, 2, 0
13060, 0.005208, 10.386312, 2, 1, 2, 0
13070, 0.003906, 10.386529, 2, 1, 2, 0
13080, 0.001302, 10.386757, 2, 1, 2, 0
13090, -0.001302, 10.386996, 2, 1, 2, 0
13100, -0.003906, 10.387243, 2, 1, 2, 0
13110, -0.003906, 10.387494, 2, 1, 2, 0
13120, -0.003906, 10.387745, 2, 1, 2, 0
13130, -0.005208, 10.387994, 1, 1, 1, 0
13140, -0.006510, 10.388241, 1, 1, 1, 0
13150, -0.007812, 10.388487, 1, 1, 1, 0
13160, -0.009115, 10.388730, 2, 1, 2, 0
13170, -0.010417, 10.388973, 2, 1, 2, 0
13180, -0.011719, 10.389212, 2, 1, 2, 0
13190, -0.011719, 10.389448, 2, 1, 2, 0
13200, -0.011719, 10.389681, 2, 1, 2, 0
13210, -0.013021, 10.389908, 1, 1, 1, 0
13220, -0.014323, 10.390131, 1, 1, 1, 0
13230, -0.015625, 10.390352, 1, 1, 1, 0
13240, -0.015625, 10.390569, 1, 1, 1, 0
13250, -0.015625, 10.390777, 1, 1, 1, 0
13260, -0.015625, 10.390988, 1, 1, 1, 0
13270, -0.015625, 10.391197, 1, 1, 1, 0
13280, -0.015625, 10.391404, 1, 1, 1, 0
13290, -0.015625, 10.391608, 1, 1, 1, 0
13300, -0.015625, 10.391809, 1, 1, 1, 0
13310, -0.015625, 10.392008, 1, 1, 1, 0
13320, -0.015625, 10.392204, 1, 1, 1, 0
13330, -0.015625, 10.392398, 1, 1, 1, 0
13340, -0.015625, 10.392592, 1, 1, 1, 0
13350, -0.015625, 10.392783, 1, 1, 1, 0
13360, 99999.990000, 10.392974, 0, 1, 0, 0
13370, 99999.990000, 10.393163, 0, 1, 0, 0
13380, 99999.990000, 10.393353, 0, 1, 0, 0
13390, 99999.990000, 10.393543, 0, 1, 0, 0
13400, 99999.990000, 10.393732, 0, 1, 0, 0
13410, 99999.990000, 10.393923, 0, 1, 0, 0
13420, 99999.990000, 10.394114, 0, 1, 0, 0
13430, 99999.990000, 10.394306, 0, 1, 0, 0
13440, -0.007812, 10.394498, 1, 1, 1, 0
13450, -0.015625, 10.394692, 1, 1, 1, 0
13460, -0.023438, 10.394885, 1, 1, 1, 0
13470, -0.023438, 10.395078, 1, 1, 1, 0
13480, -0.023438, 10.395272, 1, 1, 1, 0
13490, 99999.990000, 10.395467, 0, 1, 0, 0
13500, 99999.990000, 10.395664, 0, 1, 0, 0
13510, 99999.990000, 10.395863, 0, 1, 0, 0
13520, 99999.990000, 10.396063, 0, 1, 0, 0
13530, 99999.990000, 10.396263, 0, 1, 0, 0
13540, 99999.990000, 10.396465, 0, 1, 0, 0
13550, 99999.990000, 10.396667, 0, 1, 0, 0
13560, 99999.990000, 10.396871, 0, 1, 0, 0
13570, 99999.990000, 10.397075, 0, 1, 0, 0
13580, 99999.990000, 10.397280, 0, 1, 0, 0
13590, 99999.990000, 10.397485, 0, 1, 0, 0
13600, 99999.990000, 10.397690, 0, 1, 0, 0
13610, 99999.990000, 10.397896, 0, 1, 0, 0
13620, 99999.990000, 10.398103, 0, 1, 0, 0
13630, 99999.990000, 10.398309, 0, 1, 0, 0
13640, 99999.990000, 10.398516, 0, 1, 0, 0
13650, 99999.990000, 10.398723, 0, 1, 0, 0
13660, 99999.990000, 10.398930, 0, 1, 0, 0
13670, 99999.990000, 10.399137, 0, 1, 0, 0
13680, 99999.990000, 10.399344, 0, 1, 0, 0
13690, 99999.990000, 10.399550, 0, 1, 0, 0
13700, 99999.990000, 10.399756, 0, 1, 0, 0
13710, 99999.990000, 10.399962, 0, 1, 0, 0
13720, 99999.990000, 10.400167, 0, 1, 0, 0
13730, 99999.990000, 10.400372, 0, 1, 0, 0
13740, 99999.990000, 10.400577, 0, 1, 0, 0
13750, 99999.990000, 10.400782, 0, 1, 0, 0
13760, 99999.990000, 10.400986, 0, 1, 0, 0
13770, 99999.990000, 10.401190, 0, 1, 0, 0
13780, 99999.990000, 10.401394, 0, 1, 0, 0
13790, 99999.990000, 10.401598, 0, 1, 0, 0
13800, 99999.990000, 10.401801, 0, 1, 0, 0
13810, 99999.990000, 10.402005, 0, 1, 0, 0
13820, 99999.990000, 10.402208, 0, 1, 0, 0
13830, 99999.990000, 10.402410, 0, 1, 0, 0
13840, 99999.990000, 10.402612, 0, 1, 0, 0
13850, 99999.990000, 10.402813, 0, 1, 0, 0
13860, 99999.990000, 10.403015, 0, 1, 0, 0
13870, 99999.990000, 10.403216, 0, 1, 0, 0
13880, 99999.990000, 10.403417, 0, 1, 0, 0
13890, 99999.990000, 10.403618, 0, 1, 0, 0
13900, 99999.990000, 10.403819, 0, 1, 0, 0
13910, 99999.990000, 10.404019, 0, 1, 0, 0
13920, 99999.990000, 10.404220, 0, 1, 0, 0
13930, 99999.990000, 10.404421, 0, 1, 0, 0
13940, 99999.990000, 10.404621, 0, 1, 0, 0
13950, 99999.990000, 10.404822, 0, 1, 0, 0
13960, 99999.990000, 10.405022, 0, 1, 0, 0
13970, 99999.990000, 10.405222, 0, 1, 0, 0
13980, 99999.990000, 10.405423, 0, 1, 0, 0
13990, 99999.990000, 10.405623, 0, 1, 0, 0
14000, 99999.990000, 10.405823, 0, 1, 0, 0
14010, 99999.990000, 10.406023, 0, 1, 0, 0
14020, 99999.990000, 10.406224, 0, 1, 0, 0
14030, 99999.990000, 10.406424, 0, 1, 0, 0
14040, 99999.990000, 10.406624, 0, 1, 0, 0
14050, 99999.990000, 10.406824, 0, 1, 0, 0
14060, 99999.990000, 10.407024, 0, 1, 0, 0
14070, 99999.990000, 10.407224, 0, 1, 0, 0
14080, 99999.990000, 10.407424, 0, 1, 0, 0
14090, 99999.990000, 10.407623, 0, 1, 0, 0
14100, 99999.990000, 10.407823, 0, 1, 0, 0
14110, 99999.990000, 10.408023, 0, 1, 0, 0
14120, 99999.990000, 10.408223, 0, 1, 0, 0
14130, 99999.990000, 10.408422, 0, 1, 0, 0
14140, 99999.990000, 10.408622, 0, 1, 0, 0
14150, 99999.990000, 10.408821, 0, 1, 0, 0
14160, 99999.990000, 10.409021, 0, 1, 0, 0
14170, 99999.990000, 10.409220, 0, 1, 0, 0
14180, 99999.990000, 10.409420, 0, 1, 0, 0
14190, 99999.990000, 10.409619, 0, 1, 0, 0
14200, 99999.990000, 10.409818, 0, 1, 0, 0
14210, 99999.990000, 10.410017, 0, 1, 0, 0
14220, 99999.990000, 10.410216, 0, 1, 0, 0
14230, 99999.990000, 10.410414, 0, 1, 0, 0
14240, 99999.990000, 10.410613, 0, 1, 0, 0
14250, 99999.990000, 10.410811, 0, 1, 0, 0
14260, 99999.990000, 10.411009, 0, 1, 0, 0
14270, 99999.990000, 10.411207, 0, 1, 0, 0
14280, 99999.990000, 10.411405, 0, 1, 0, 0
14290, 99999.990000, 10.411602, 0, 1, 0, 0
14300, 99999.990000, 10.411800, 0, 1, 0, 0
14310, 99999.990000, 10.411997, 0, 1, 0, 0
14320, 99999.990000, 10.412195, 0, 1, 0, 0
14330, 99999.990000, 10.412392, 0, 1, 0, 0
14340, 99999.990000, 10.412589, 0, 1, 0, 0
14350, 99999.990000, 10.412785, 0, 1, 0, 0
14360, 99999.990000, 10.412982, 0, 1, 0, 0
14370, 99999.990000, 10.413179, 0, 1, 0, 0
14380, 99999.990000, 10.413375, 0, 1, 0, 0
14390, 99999.990000, 10.413571, 0, 1, 0, 0
14400, 99999.990000, 10.413767, 0, 1, 0, 0
14410, 99999.990000, 10.413963, 0, 1, 0, 0
14420, 99999.990000, 10.414159, 0, 1, 0, 0
14430, 99999.990000, 10.414355, 0, 1, 0, 0
14440, 99999.990000, 10.414550, 0, 1, 0, 0
14450, 99999.990000, 10.414745, 0, 1, 0, 0
14460, 99999.990000, 10.414940, 0, 1, 0, 0
14470, 99999.990000, 10.415135, 0, 1, 0, 0
14480, 99999.990000, 10.415330, 0, 1, 0, 0
14490, 99999.990000, 10.415525, 0, 1, 0, 0
14500, 99999.990000, 10.415719, 0, 1, 0, 0
14510, 99999.990000, 10.415914, 0, 1, 0, 0
14520, 99999.990000, 10.416108, 0, 1, 0, 0
14530, 99999.990000, 10.416302, 0, 1, 0, 0
14540, 99999.990000, 10.416496, 0, 1, 0, 0
14550, 99999.990000, 10.416690, 0, 1, 0, 0
14560, 99999.990000, 10.416884, 0, 1, 0, 0
14570, 99999.990000, 10.417077, 0, 1, 0, 0
14580, 99999.990000, 10.417271, 0, 1, 0, 0
14590, 99999.990000, 10.417464, 0, 1, 0, 0
14600, 99999.990000, 10.417658, 0, 1, 0, 0
14610, 99999.990000, 10.417851, 0, 1, 0, 0
14620, -0.031250, 10.418044, 1, 1, 1, 0
14630, 99999.990000, 10.418237, 0, 1, 0, 0
14640, 99999.990000, 10.418430, 0, 1, 0, 0
14650, 99999.990000, 10.418622, 0, 1, 0, 0
14660, 99999.990000, 10.418815, 0, 1, 0, 0
14670, 99999.990000, 10.419007, 0, 1, 0, 0
14680, 99999.990000, 10.419199, 0, 1, 0, 0
14690, 99999.990000, 10.419392, 0, 1, 0, 0
14700, 99999.990000, 10.419584, 0, 1, 0, 0
14710, 99999.990000, 10.419775, 0, 1, 0, 0
14720, 99999.990000, 10.419967, 0, 1, 0, 0
14730, 99999.990000, 10.420158, 0, 1, 0, 0
14740, 99999.990000, 10.420349, 0, 1, 0, 0
14750, 99999.990000, 10.420540, 0, 1, 0, 0
14760, 99999.990000, 10.420730, 0, 1, 0, 0
14770, 99999.990000, 10.420921, 0, 1, 0, 0
14780, 99999.990000, 10.421111, 0, 1, 0, 0
14790, 99999.990000, 10.421301, 0, 1, 0, 0
14800, 99999.990000, 10.421491, 0, 1, 0, 0
14810, 99999.990000, 10.421681, 0, 1, 0, 0
14820, 99999.990000, 10.421871, 0, 1, 0, 0
14830, 99999.990000, 10.422061, 0, 1, 0, 0
14840, 99999.990000, 10.422251, 0, 1, 0, 0
14850, 99999.990000, 10.422441, 0, 1, 0, 0
14860, 99999.990000, 10.422631, 0, 1, 0, 0
14870, 99999.990000, 10.422821, 0, 1, 0, 0
14880, 99999.990000, 10.423012, 0, 1, 0, 0
14890, 99999.990000, 10.423202, 0, 1, 0, 0
14900, 99999.990000, 10.423393, 0, 1, 0, 0
14910, 99999.990000, 10.423583, 0, 1, 0, 0
14920, 99999.990000, 10.423774, 0, 1, 0, 0
14930, 99999.990000, 10.423964, 0, 1, 0, 0
14940, 99999.990000, 10.424155, 0, 1, 0, 0
14950, 99999.990000, 10.424345, 0, 1, 0, 0
14960, 99999.990000, 10.424535, 0, 1, 0, 0
14970, 99999.990000, 10.424726, 0, 1, 0, 0
14980, 99999.990000, 10.424916, 0, 1, 0, 0
14990, 99999.990000, 10.425106, 0, 1, 0, 0
15000, 99999.990000, 10.425297, 0, 1, 0, 0
15010, 99999.990000, 10.425487, 0, 1, 0, 0
15020, 99999.990000, 10.425677, 0, 1, 0, 0
15030, 99999.990000, 10.425867, 0, 1, 0, 0
15040, 99999.990000, 10.426057, 0, 1, 0, 0
15050, 99999.990000, 10.426247, 0, 1, 0, 0
15060, 99999.990000, 10.426437, 0, 1, 0, 0
15070, 99999.990000, 10.426627, 0, 1, 0, 0
15080, 99999.990000, 10.426817, 0, 1, 0, 0
15090, 99999.990000, 10.427007, 0, 1, 0, 0
15100, 99999.990000, 10.427197, 0, 1, 0, 0
15110, 99999.990000, 10.427387, 0, 1, 0, 0
15120, 99999.990000, 10.427577, 0, 1, 0, 0
15130, 99999.990000, 10.427768, 0, 1, 0, 0
15140, 99999.990000, 10.427958, 0, 1, 0, 0
15150, 99999.990000, 10.428148, 0, 1, 0, 0
15160, 99999.990000, 10.428339, 0, 1, 0, 0
15170, 99999.990000, 10.428530, 0, 1, 0, 0
15180, 99999.990000, 10.428720, 0, 1, 0, 0
15190, 99999.990000, 10.428911, 0, 1, 0, 0
15200, 99999.990000, 10.429102, 0, 1, 0, 0
15210, 99999.990000, 10.429293, 0, 1, 0, 0
15220, 99999.990000, 10.429484, 0, 1, 0, 0
15230, 99999.990000, 10.429676, 0, 1, 0, 0
15240, 99999.990000, 10.429868, 0, 1, 0, 0
15250, 99999.990000, 10.430060, 0, 1, 0, 0
15260, 99999.990000, 10.430252, 0, 1, 0, 0
15270, 99999.990000, 10.430445, 0, 1, 0, 0
15280, 99999.990000, 10.430638, 0, 1, 0, 0
15290, 99999.990000, 10.430831, 0, 1, 0, 0
15300, -0.026042, 10.431025, 1, 1, 1, 0
15310, 99999.990000, 10.431220, 0, 1, 0, 0
15320, 99999.990000, 10.431414, 0, 1, 0, 0
15330, 99999.990000, 10.431608, 0, 1, 0, 0
15340, 99999.990000, 10.431803, 0, 1, 0, 0
15350, 99999.990000, 10.431999, 0, 1, 0, 0
15360, 99999.990000, 10.432195, 0, 1, 0, 0
15370, 99999.990000, 10.432391, 0, 1, 0, 0
15380, 99999.990000, 10.432587, 0, 1, 0, 0
15390, 99999.990000, 10.432784, 0, 1, 0, 0
15400, 99999.990000, 10.432981, 0, 1, 0, 0
15410, 99999.990000, 10.433179, 0, 1, 0, 0
15420, 99999.990000, 10.433377, 0, 1, 0, 0
15430, 99999.990000, 10.433576, 0, 1, 0, 0
15440, 99999.990000, 10.433775, 0, 1, 0, 0
15450, 99999.990000, 10.433974, 0, 1, 0, 0
15460, 99999.990000, 10.434173, 0, 1, 0, 0
15470, 99999.990000, 10.434373, 0, 1, 0, 0
15480, 99999.990000, 10.434574, 0, 1, 0, 0
15490, 99999.990000, 10.434775, 0, 1, 0, 0
15500, 99999.990000, 10.434977, 0, 1, 0, 0
15510, -0.023438, 10.435179, 1, 1, 1, 0
15520, -0.046875, 10.435382, 1, 1, 1, 0
15530, 99999.990000, 10.435587, 0, 1, 0, 0
15540, 99999.990000, 10.435797, 0, 1, 0, 0
15550, 99999.990000, 10.436015, 0, 1, 0, 0
15560, 99999.990000, 10.436244, 0, 1, 0, 0
15570, 99999.990000, 10.436486, 0, 1, 0, 0
15580, 99999.990000, 10.436741, 0, 1, 0, 0
15590, 99999.990000, 10.437010, 0, 1, 0, 0
15600, 99999.990000, 10.437295, 0, 1, 0, 0
15610, 99999.990000, 10.437596, 0, 1, 0, 0
15620, 99999.990000, 10.437915, 0, 1, 0, 0
15630, 99999.990000, 10.438253, 0, 1, 0, 0
15640, 99999.990000, 10.438611, 0, 1, 0, 0
15650, 99999.990000, 10.438991, 0, 1, 0, 0
15660, 99999.990000, 10.439393, 0, 1, 0, 0
15670, 99999.990000, 10.439819, 0, 1, 0, 0
15680, 99999.990000, 10.440270, 0, 1, 0, 0
15690, 99999.990000, 10.440749, 0, 1, 0, 0
15700, 99999.990000, 10.441254, 0, 1, 0, 0
15710, 99999.990000, 10.441786, 0, 1, 0, 0
15720, 99999.990000, 10.442348, 0, 1, 0, 0
15730, 99999.990000, 10.442939, 0, 1, 0, 0
15740, 99999.990000, 10.443561, 0, 1, 0, 0
15750, 99999.990000, 10.444216, 0, 1, 0, 0
15760, 99999.990000, 10.444903, 0, 1, 0, 0
15770, 99999.990000, 10.445623, 0, 1, 0, 0
15780, 99999.990000, 10.446378, 0, 1, 0, 0
15790, 99999.990000, 10.447167, 0, 1, 0, 0
15800, 99999.990000, 10.447991, 0, 1, 0, 0
15810, 99999.990000, 10.448851, 0, 1, 0, 0
15820, 99999.990000, 10.449748, 0, 1, 0, 0
15830, 99999.990000, 10.450683, 0, 1, 0, 0
15840, 99999.990000, 10.451655, 0, 1, 0, 0
15850, 99999.990000, 10.452667, 0, 1, 0, 0
15860, 99999.990000, 10.453719, 0, 1, 0, 0
15870, 99999.990000, 10.454812, 0, 1, 0, 0
15880, 99999.990000, 10.455945, 0, 1, 0, 0
15890, 99999.990000, 10.457122, 0, 1, 0, 0
15900, 99999.990000, 10.458341, 0, 1, 0, 0
15910, 99999.990000, 10.459606, 0, 1, 0, 0
15920, 99999.990000, 10.460915, 0, 1, 0, 0
15930, 99999.990000, 10.462273, 0, 1, 0, 0
15940, 99999.990000, 10.463677, 0, 1, 0, 0
15950, 99999.990000, 10.465131, 0, 1, 0, 0
15960, 99999.990000, 10.466635, 0, 1, 0, 0
15970, 99999.990000, 10.468191, 0, 1, 0, 0
15980, 99999.990000, 10.469798, 0, 1, 0, 0
15990, 99999.990000, 10.471460, 0, 1, 0, 0
16000, 99999.990000, 10.473178, 0, 1, 0, 0
16010, 99999.990000, 10.474953, 0, 1, 0, 0
16020, 99999.990000, 10.476790, 0, 1, 0, 0
16030, 99999.990000, 10.478689, 0, 1, 0, 0
16040, 99999.990000, 10.480655, 0, 1, 0, 0
16050, 99999.990000, 10.482680, 0, 1, 0, 0
16060, 99999.990000, 10.484769, 0, 1, 0, 0
16070, 99999.990000, 10.486922, 0, 1, 0, 0
16080, 99999.990000, 10.489145, 0, 1, 0, 0
16090, 99999.990000, 10.491439, 0, 1, 0, 0
16100, 99999.990000, 10.493805, 0, 1, 0, 0
16110, 0.028646, 10.496246, 1, 1, 1, 0
16120, 0.114583, 10.498737, 1, 1, 1, 0
16130, 0.200521, 10.501024, 1, 1, 1, 0
16140, 0.257812, 10.503077, 1, 1, 1, 0
16150, 0.247917, 10.504851, 5, 2, 3, 2
16160, 0.236198, 10.506388, 12, 1, 12, 0
16170, 0.223177, 10.507877, 13, 1, 13, 0
16180, 0.220052, 10.509447, 13, 1, 13, 0
16190, 0.217448, 10.511105, 14, 1, 14, 0
16200, 0.216146, 10.512809, 14, 1, 14, 0
16210, 0.214844, 10.514528, 14, 1, 14, 0
16220, 0.213542, 10.516227, 15, 1, 15, 0
16230, 0.212240, 10.517888, 15, 1, 15, 0
16240, 0.210938, 10.519505, 15, 1, 15, 0
16250, 0.210938, 10.521069, 15, 1, 15, 0
16260, 0.210938, 10.522582, 15, 1, 15, 0
16270, 0.210938, 10.524035, 15, 1, 15, 0
16280, 0.210938, 10.525430, 15, 1, 15, 0
16290, 0.210938, 10.526765, 15, 1, 15, 0
16300, 0.210938, 10.528043, 15, 1, 15, 0
16310, 0.210938, 10.529264, 15, 1, 15, 0
16320, 0.209635, 10.530433, 14, 1, 14, 0
16330, 0.208333, 10.531538, 14, 1, 14, 0
16340, 0.207031, 10.532593, 14, 1, 14, 0
16350, 0.207031, 10.533595, 14, 1, 14, 0
16360, 0.207031, 10.534550, 14, 1, 14, 0
16370, 0.205729, 10.535470, 13, 1, 13, 0
16380, 0.204427, 10.536347, 13, 1, 13, 0
16390, 0.203125, 10.537182, 13, 1, 13, 0
16400, 0.203125, 10.537980, 13, 1, 13, 0
16410, 0.201823, 10.538739, 12, 1, 12, 0
16420, 0.200521, 10.539463, 12, 1, 12, 0
16430, 0.199219, 10.540153, 12, 1, 12, 0
16440, 0.197917, 10.540809, 13, 1, 13, 0
16450, 0.195312, 10.541434, 12, 1, 12, 0
16460, 0.189603, 10.542027, 13, 2, 12, 1
16470, 0.188301, 10.542591, 12, 1, 12, 0
16480, 0.187867, 10.543121, 9, 2, 6, 3
16490, 0.191840, 10.543618, 6, 2, 4, 2
16500, 0.195095, 10.544082, 4, 2, 3, 1
16510, 0.203342, 10.544538, 2, 1, 2, 0
16520, 0.210286, 10.544959, 2, 1, 2, 0
16530, 0.213542, 10.545339, 1, 1, 1, 0
16540, 99999.990000, 10.545710, 0, 1, 0, 0
16550, 99999.990000, 10.546052, 0, 1, 0, 0
16560, 99999.990000, 10.546391, 0, 1, 0, 0
16570, 99999.990000, 10.546726, 0, 1, 0, 0
16580, 99999.990000, 10.547062, 0, 1, 0, 0
16590, 0.010417, 10.547398, 1, 1, 1, 0
16600, 99999.990000, 10.547705, 0, 1, 0, 0
16610, 99999.990000, 10.547953, 0, 1, 0, 0
16620, 99999.990000, 10.548120, 0, 1, 0, 0
16630, 99999.990000, 10.548225, 0, 1, 0, 0
16640, 99999.990000, 10.548300, 0, 1, 0, 0
16650, 99999.990000, 10.548381, 0, 1, 0, 0
16660, 99999.990000, 10.548495, 0, 1, 0, 0
16670, 99999.990000, 10.548660, 0, 1, 0, 0
16680, 99999.990000, 10.548799, 0, 1, 0, 0
16690, 99999.990000, 10.548898, 0, 1, 0, 0
16700, 99999.990000, 10.548955, 0, 1, 0, 0
16710, 99999.990000, 10.548983, 0, 1, 0, 0
16720, 99999.990000, 10.548990, 0, 1, 0, 0
16730, 99999.990000, 10.548986, 0, 1, 0, 0
16740, 99999.990000, 10.548972, 0, 1, 0, 0
16750, 99999.990000, 10.548952, 0, 1, 0, 0
16760, 99999.990000, 10.548925, 0, 1, 0, 0
16770, 99999.990000, 10.548893, 0, 1, 0, 0
16780, 99999.990000, 10.548859, 0, 1, 0, 0
16790, 99999.990000, 10.548823, 0, 1, 0, 0
16800, -0.002604, 10.548788, 1, 1, 1, 0
16810, 99999.990000, 10.548753, 0, 1, 0, 0
16820, 99999.990000, 10.548720, 0, 1, 0, 0
16830, 99999.990000, 10.548683, 0, 1, 0, 0
16840, 99999.990000, 10.548646, 0, 1, 0, 0
16850, 99999.990000, 10.548607, 0, 1, 0, 0
16860, 99999.990000, 10.548570, 0, 1, 0, 0
16870, 0.048177, 10.548536, 2, 1, 2, 0
16880, 0.095052, 10.548502, 3, 1, 3, 0
16890, 0.140625, 10.548457, 4, 1, 4, 0
16900, 0.136719, 10.548248, 3, 1, 3, 0
16910, 0.132812, 10.548036, 4, 1, 4, 0
16920, 0.131510, 10.547874, 3, 1, 3, 0
16930, 0.130208, 10.547751, 4, 1, 4, 0
16940, 0.130208, 10.547655, 4, 1, 4, 0
16950, 0.127604, 10.547569, 3, 1, 3, 0
16960, 0.125000, 10.547488, 4, 1, 4, 0
16970, 0.122396, 10.547409, 4, 1, 4, 0
16980, 0.121094, 10.547328, 4, 1, 4, 0
16990, 0.119792, 10.547245, 5, 1, 5, 0
17000, 0.117188, 10.547160, 4, 1, 4, 0
17010, 0.092448, 10.547076, 8, 2, 4, 4
17020, 0.070747, 10.546997, 9, 2, 5, 4
17030, 0.050347, 10.546922, 9, 2, 5, 4
17040, 0.052083, 10.546846, 9, 2, 5, 4
17050, 0.047743, 10.546769, 10, 3, 5, 4
17060, 0.048611, 10.546689, 8, 2, 5, 3
17070, 0.047135, 10.546609, 10, 2, 6, 4
17080, 0.056901, 10.546530, 8, 2, 6, 2
17090, 0.069922, 10.546452, 7, 1, 7, 0
17100, 0.085286, 10.546375, 7, 1, 7, 0
17110, 0.091146, 10.546301, 7, 1, 7, 0
17120, 0.088542, 10.546236, 7, 1, 7, 0
17130, 0.085938, 10.546179, 7, 1, 7, 0
17140, 0.084635, 10.546129, 8, 1, 8, 0
17150, 0.076497, 10.546084, 8, 2, 7, 1
17160, 0.073893, 10.546043, 7, 1, 7, 0
17170, 0.072591, 10.546004, 7, 1, 7, 0
17180, 0.076823, 10.545966, 8, 1, 8, 0
17190, 0.068685, 10.545932, 8, 2, 7, 1
17200, 0.066081, 10.545902, 7, 1, 7, 0
17210, 0.064779, 10.545876, 7, 1, 7, 0
17220, 0.069010, 10.545853, 8, 1, 8, 0
17230, 0.060872, 10.545834, 8, 2, 7, 1
17240, 0.058268, 10.545820, 7, 1, 7, 0
17250, 0.055664, 10.545811, 8, 1, 8, 0
17260, 0.059896, 10.545806, 8, 1, 8, 0
17270, 0.051758, 10.545809, 8, 2, 7, 1
17280, 0.049154, 10.545818, 8, 1, 8, 0
17290, 0.046549, 10.545833, 8, 1, 8, 0
17300, 0.050781, 10.545851, 8, 1, 8, 0
17310, 0.043945, 10.545880, 8, 2, 7, 1
17320, 0.041341, 10.545919, 8, 1, 8, 0
17330, 0.038737, 10.545967, 8, 1, 8, 0
17340, 0.041667, 10.546025, 7, 1, 7, 0
17350, 0.039062, 10.546092, 8, 1, 8, 0
17360, 0.036458, 10.546171, 8, 1, 8, 0
17370, 0.035156, 10.546260, 8, 1, 8, 0
17380, 0.027778, 10.546365, 9, 2, 8, 1
17390, 0.025174, 10.546483, 8, 1, 8, 0
17400, 0.022569, 10.546615, 8, 1, 8, 0
17410, 0.024740, 10.546759, 8, 1, 8, 0
17420, 0.022135, 10.546918, 8, 1, 8, 0
17430, 0.019531, 10.547091, 8, 1, 8, 0
17440, 0.019531, 10.547281, 8, 1, 8, 0
17450, 0.016927, 10.547489, 8, 1, 8, 0
17460, 0.014323, 10.547714, 8, 1, 8, 0
17470, 0.011719, 10.547957, 8, 1, 8, 0
17480, 0.009115, 10.548217, 8, 1, 8, 0
17490, 0.006510, 10.548495, 8, 1, 8, 0
17500, 0.003906, 10.548793, 8, 1, 8, 0
17510, 0.002604, 10.549111, 9, 1, 9, 0
17520, -0.004774, 10.549450, 9, 2, 8, 1
17530, -0.007378, 10.549800, 8, 1, 8, 0
17540, -0.008681, 10.550155, 8, 1, 8, 0
17550, -0.006510, 10.550514, 8, 1, 8, 0
