time,black_car_angle,distance_sensors,num_pixel_black,agglomerate_count,agglomerate_size_1,agglomerate_size_2
10, -0.024239, 7.511839, 26, 3, 22, 3
20, -0.050931, 7.511426, 24, 2, 17, 7
30, -0.077393, 7.510634, 31, 2, 18, 13
40, -0.079914, 7.509771, 29, 2, 22, 7
50, -0.080305, 7.509323, 25, 2, 15, 10
60, -0.081227, 7.509332, 33, 4, 22, 9
70, -0.082272, 7.509469, 31, 3, 15, 8
80, -0.081698, 7.508069, 39, 3, 21, 10
90, -0.080505, 7.505755, 35, 4, 18, 11
100, -0.078741, 7.503447, 41, 3, 18, 13
110, -0.081544, 7.501133, 43, 3, 22, 14
120, -0.078270, 7.498801, 35, 3, 19, 15
130, -0.069156, 7.496759, 26, 2, 13, 13
140, -0.054167, 7.494996, 26, 2, 13, 13
150, -0.044271, 7.493512, 26, 2, 13, 13
160, -0.041450, 7.492272, 24, 2, 13, 11
170, -0.041293, 7.491244, 25, 2, 13, 12
180, -0.043898, 7.490406, 26, 2, 13, 13
190, -0.045610, 7.489692, 27, 2, 14, 13
200, -0.049672, 7.489192, 28, 2, 14, 14
210, -0.057159, 7.488930, 32, 2, 17, 15
220, -0.068000, 7.488831, 38, 3, 20, 17
230, -0.081657, 7.488897, 45, 3, 23, 19
240, -0.093846, 7.489126, 45, 3, 24, 17
250, -0.100788, 7.489520, 41, 4, 23, 11
260, -0.102365, 7.490086, 40, 3, 21, 11
270, -0.099266, 7.490835, 41, 3, 20, 11
280, -0.097678, 7.491773, 41, 3, 19, 11
290, -0.097077, 7.492904, 42, 3, 19, 12
300, -0.098789, 7.494235, 43, 3, 19, 12
310, -0.100570, 7.495768, 43, 3, 18, 13
320, -0.101873, 7.497512, 42, 3, 18, 13
330, -0.103238, 7.499471, 42, 3, 18, 13
340, -0.105055, 7.501651, 43, 3, 18, 13
350, -0.107288, 7.504055, 43, 3, 18, 13
360, -0.108406, 7.506679, 43, 3, 18, 13
370, -0.110866, 7.509533, 42, 3, 19, 12
380, -0.112865, 7.512613, 43, 3, 19, 12
390, -0.115901, 7.515930, 42, 3, 19, 12
400, -0.117656, 7.519471, 41, 3, 19, 11
410, -0.120120, 7.523230, 42, 3, 20, 11
420, -0.121867, 7.527217, 43, 3, 20, 12
430, -0.124267, 7.531397, 42, 3, 20, 12
440, -0.126026, 7.535773, 41, 3, 20, 11
450, -0.128495, 7.540336, 42, 3, 21, 11
460, -0.129921, 7.545104, 42, 3, 21, 11
470, -0.132017, 7.549994, 41, 3, 21, 11
480, -0.133195, 7.555068, 42, 3, 20, 12
490, -0.134768, 7.560327, 41, 3, 20, 11
500, -0.135276, 7.565769, 41, 3, 20, 11
510, -0.136516, 7.571393, 42, 3, 20, 11
520, -0.137361, 7.577200, 42, 3, 20, 11
530, -0.137862, 7.583164, 43, 3, 20, 12
540, -0.138732, 7.589309, 41, 3, 19, 11
550, -0.139290, 7.595619, 42, 3, 19, 12
560, -0.140627, 7.602110, 42, 3, 18, 12
570, -0.140563, 7.608784, 42, 3, 17, 13
580, -0.140625, 7.615618, 42, 3, 16, 14
590, -0.138609, 7.622620, 37, 3, 15, 12
600, -0.133874, 7.629776, 33, 3, 15, 12
610, -0.125912, 7.637109, 31, 3, 16, 12
620, -0.118272, 7.644625, 33, 3, 20, 12
630, -0.116496, 7.652340, 36, 2, 24, 12
640, -0.122041, 7.660272, 38, 2, 27, 11
650, -0.131711, 7.668395, 39, 2, 28, 11
660, -0.140291, 7.676702, 39, 2, 28, 11
670, -0.145842, 7.685018, 38, 2, 27, 11
680, -0.147261, 7.693186, 37, 3, 25, 11
690, -0.144790, 7.701482, 39, 3, 24, 12
700, -0.141109, 7.709899, 39, 3, 23, 12
710, -0.138119, 7.718438, 38, 3, 22, 11
720, -0.136316, 7.727108, 39, 3, 21, 12
730, -0.134513, 7.735850, 39, 3, 20, 12
740, -0.130876, 7.744400, 39, 3, 18, 12
750, -0.126936, 7.752380, 39, 3, 17, 12
760, -0.109057, 7.759483, 25, 2, 13, 12
770, -0.093132, 7.765495, 26, 2, 14, 12
780, -0.089850, 7.769554, 42, 2, 31, 11
790, -0.100117, 7.772201, 39, 2, 31, 8
800, -0.109098, 7.773737, 39, 2, 32, 7
810, -0.106571, 7.774873, 39, 2, 32, 7
820, -0.103488, 7.775296, 37, 2, 31, 6
830, -0.108496, 7.775154, 30, 2, 25, 5
840, -0.108029, 7.774630, 26, 4, 14, 5
850, -0.092002, 7.773777, 17, 3, 11, 4
860, -0.080717, 7.772623, 31, 1, 31, 0
870, -0.074908, 7.771227, 31, 1, 31, 0
880, -0.083333, 7.769635, 31, 1, 31, 0
890, -0.075846, 7.767964, 8, 2, 7, 1
900, -0.071805, 7.766192, 29, 2, 15, 14
910, -0.069201, 7.764343, 31, 1, 31, 0
920, -0.068876, 7.762388, 31, 1, 31, 0
930, -0.055990, 7.760361, 24, 1, 24, 0
940, -0.072656, 7.758307, 10, 2, 7, 3
950, -0.070052, 7.756271, 30, 2, 15, 15
960, -0.073958, 7.754294, 31, 1, 31, 0
970, -0.046875, 7.752411, 31, 1, 31, 0
980, -0.041667, 7.750714, 31, 1, 31, 0
990, -0.028646, 7.749258, 25, 1, 25, 0
1000, -0.017437, 7.748040, 23, 2, 21, 2
1010, -0.007541, 7.747031, 25, 2, 20, 5
1020, -0.008795, 7.746199, 27, 2, 19, 8
1030, -0.010455, 7.745605, 27, 2, 18, 9
1040, -0.008198, 7.745059, 27, 2, 18, 9
1050, -0.004154, 7.744678, 28, 2, 18, 10
1060, 0.000668, 7.744469, 27, 2, 17, 10
1070, 0.005877, 7.744424, 27, 2, 18, 9
1080, 0.010031, 7.744520, 27, 2, 18, 9
1090, 0.016894, 7.744750, 26, 2, 19, 7
1100, 0.022198, 7.745099, 27, 2, 20, 7
1110, 0.029677, 7.745569, 26, 2, 21, 5
1120, 0.035160, 7.746151, 27, 2, 23, 4
1130, 0.041440, 7.746853, 26, 2, 24, 2
1140, 0.047368, 7.747705, 27, 2, 26, 1
1150, 0.051902, 7.748641, 27, 1, 27, 0
1160, 0.048997, 7.749639, 25, 1, 25, 0
1170, 0.039855, 7.750670, 23, 2, 22, 1
1180, 0.027950, 7.751710, 21, 2, 18, 3
1190, 0.025718, 7.752807, 21, 2, 15, 6
1200, 0.033984, 7.753953, 23, 2, 13, 10
1210, 0.046158, 7.755147, 29, 2, 16, 13
1220, 0.055574, 7.756341, 29, 2, 17, 12
1230, 0.060374, 7.757523, 28, 2, 17, 11
1240, 0.065223, 7.758690, 29, 2, 19, 10
1250, 0.068366, 7.759837, 29, 2, 19, 10
1260, 0.072255, 7.760963, 27, 2, 19, 8
1270, 0.075879, 7.762060, 28, 2, 20, 8
1280, 0.079503, 7.763126, 28, 2, 20, 8
1290, 0.080915, 7.764143, 28, 2, 20, 8
1300, 0.082493, 7.765119, 27, 2, 20, 7
1310, 0.084616, 7.766064, 29, 2, 21, 8
1320, 0.087220, 7.766980, 28, 2, 20, 8
1330, 0.088247, 7.767865, 28, 2, 20, 8
1340, 0.089472, 7.768721, 28, 2, 20, 8
1350, 0.090664, 7.769548, 27, 2, 19, 8
1360, 0.093268, 7.770349, 28, 2, 20, 8
1370, 0.094756, 7.771126, 28, 2, 19, 9
1380, 0.095148, 7.771881, 29, 2, 19, 10
1390, 0.094404, 7.772617, 28, 2, 18, 10
1400, 0.094962, 7.773340, 28, 2, 18, 10
1410, 0.096402, 7.774050, 27, 2, 17, 10
1420, 0.098461, 7.774746, 29, 2, 18, 11
1430, 0.099763, 7.775426, 28, 2, 17, 11
1440, 0.100389, 7.776097, 29, 2, 17, 12
1450, 0.100119, 7.776760, 29, 2, 17, 12
1460, 0.099407, 7.777421, 29, 2, 16, 13
1470, 0.097205, 7.778080, 23, 2, 13, 10
1480, 0.095703, 7.778738, 22, 2, 13, 9
1490, 0.092304, 7.779396, 20, 2, 13, 7
1500, 0.089406, 7.780055, 20, 2, 14, 6
1510, 0.084135, 7.780716, 19, 2, 14, 5
1520, 0.079028, 7.781380, 18, 2, 14, 4
1530, 0.075932, 7.782047, 18, 2, 14, 4
1540, 0.074836, 7.782716, 19, 2, 15, 4
1550, 0.073389, 7.783386, 18, 2, 15, 3
1560, 0.071363, 7.784053, 18, 2, 15, 3
1570, 0.066228, 7.784717, 17, 2, 15, 2
1580, 0.063445, 7.785383, 17, 2, 15, 2
1590, 0.057368, 7.786048, 16, 2, 15, 1
1600, 0.054075, 7.786717, 16, 2, 15, 1
1610, 0.050781, 7.787385, 16, 2, 15, 1
1620, 0.046875, 7.788048, 15, 1, 15, 0
1630, 0.042969, 7.788701, 15, 1, 15, 0
1640, 0.039062, 7.789345, 15, 1, 15, 0
1650, 0.039062, 7.789984, 15, 1, 15, 0
1660, 0.039062, 7.790611, 15, 1, 15, 0
1670, 0.039062, 7.791224, 15, 1, 15, 0
1680, 0.039062, 7.791820, 15, 1, 15, 0
1690, 0.037760, 7.792401, 14, 1, 14, 0
1700, 0.036458, 7.792965, 14, 1, 14, 0
1710, 0.035156, 7.793515, 14, 1, 14, 0
1720, 0.035156, 7.794050, 14, 1, 14, 0
1730, 0.035156, 7.794567, 14, 1, 14, 0
1740, 0.035156, 7.795064, 14, 1, 14, 0
1750, 0.035156, 7.795543, 14, 1, 14, 0
1760, 0.035156, 7.796003, 14, 1, 14, 0
1770, 0.035156, 7.796445, 14, 1, 14, 0
1780, 0.035156, 7.796872, 14, 1, 14, 0
1790, 0.035156, 7.797292, 14, 1, 14, 0
1800, 0.035156, 7.797703, 14, 1, 14, 0
1810, 0.035156, 7.798093, 14, 1, 14, 0
1820, 0.046730, 7.798466, 18, 2, 14, 4
1830, 0.063997, 7.798813, 23, 2, 15, 8
1840, 0.083628, 7.799131, 26, 2, 15, 11
1850, 0.092164, 7.799417, 27, 2, 15, 12
1860, 0.093850, 7.799676, 27, 2, 15, 12
1870, 0.093471, 7.799908, 28, 2, 15, 13
1880, 0.092802, 7.800111, 29, 2, 15, 14
1890, 0.092037, 7.800284, 31, 2, 16, 15
1900, 0.089712, 7.800232, 31, 1, 31, 0
1910, 0.087198, 7.799988, 31, 1, 31, 0
1920, 0.085938, 7.799816, 31, 1, 31, 0
1930, 0.084635, 7.799851, 32, 1, 32, 0
1940, 0.082031, 7.799873, 31, 1, 31, 0
1950, 0.079427, 7.799881, 31, 1, 31, 0
1960, 0.078125, 7.799878, 31, 1, 31, 0
1970, 0.076823, 7.799864, 32, 1, 32, 0
1980, 0.074219, 7.799839, 31, 1, 31, 0
1990, 0.071615, 7.799806, 31, 1, 31, 0
2000, 0.069010, 7.799765, 32, 1, 32, 0
2010, 0.066406, 7.799718, 31, 1, 31, 0
2020, 0.063802, 7.799668, 31, 1, 31, 0
2030, 0.061198, 7.799617, 32, 1, 32, 0
2040, 0.058594, 7.799564, 31, 1, 31, 0
2050, 0.055990, 7.799511, 31, 1, 31, 0
2060, 0.052083, 7.799458, 31, 1, 31, 0
2070, 0.049479, 7.799407, 31, 1, 31, 0
2080, 0.046875, 7.799361, 31, 1, 31, 0
2090, 0.044271, 7.799320, 31, 1, 31, 0
2100, 0.041667, 7.799288, 31, 1, 31, 0
2110, 0.036458, 7.799266, 31, 1, 31, 0
2120, 0.033854, 7.799253, 31, 1, 31, 0
2130, 0.031250, 7.799250, 31, 1, 31, 0
2140, 0.028646, 7.799260, 31, 1, 31, 0
2150, 0.026042, 7.799283, 31, 1, 31, 0
2160, 0.020833, 7.799322, 31, 1, 31, 0
2170, 0.018229, 7.799378, 31, 1, 31, 0
2180, 0.015625, 7.799451, 31, 1, 31, 0
2190, 0.013021, 7.799541, 31, 1, 31, 0
2200, 0.010417, 7.799651, 31, 1, 31, 0
2210, 0.005208, 7.799784, 31, 1, 31, 0
2220, 0.002604, 7.799941, 31, 1, 31, 0
2230, -0.002604, 7.800125, 31, 1, 31, 0
2240, -0.005208, 7.800315, 31, 1, 31, 0
2250, -0.007812, 7.800531, 31, 1, 31, 0
2260, -0.010417, 7.800772, 31, 1, 31, 0
2270, -0.013021, 7.801037, 31, 1, 31, 0
2280, -0.018229, 7.801327, 31, 1, 31, 0
2290, -0.020833, 7.801637, 31, 1, 31, 0
2300, -0.023438, 7.801967, 31, 1, 31, 0
2310, -0.026042, 7.802317, 31, 1, 31, 0
2320, -0.028646, 7.802686, 31, 1, 31, 0
2330, -0.031250, 7.803073, 31, 1, 31, 0
2340, -0.032552, 7.803478, 32, 1, 32, 0
2350, -0.035156, 7.803899, 31, 1, 31, 0
2360, -0.037760, 7.804335, 31, 1, 31, 0
2370, -0.039062, 7.804786, 31, 1, 31, 0
2380, -0.041667, 7.805254, 31, 1, 31, 0
2390, -0.044271, 7.805719, 31, 1, 31, 0
2400, -0.045573, 7.806192, 30, 1, 30, 0
2410, -0.044271, 7.806678, 30, 1, 30, 0
2420, -0.044271, 7.807178, 29, 1, 29, 0
2430, -0.045573, 7.807692, 29, 1, 29, 0
2440, -0.046875, 7.808219, 29, 1, 29, 0
2450, -0.046875, 7.808759, 29, 1, 29, 0
2460, -0.048177, 7.809312, 30, 1, 30, 0
2470, -0.050781, 7.809876, 29, 1, 29, 0
2480, -0.053385, 7.810449, 29, 1, 29, 0
2490, -0.054688, 7.811031, 29, 1, 29, 0
2500, -0.055990, 7.811621, 30, 1, 30, 0
2510, -0.057292, 7.812220, 30, 1, 30, 0
2520, -0.059896, 7.812826, 29, 1, 29, 0
2530, -0.062500, 7.813440, 30, 1, 30, 0
2540, -0.065104, 7.814061, 30, 1, 30, 0
2550, -0.067708, 7.814688, 31, 1, 31, 0
2560, -0.069010, 7.815320, 31, 1, 31, 0
2570, -0.070312, 7.815959, 31, 1, 31, 0
2580, -0.071615, 7.816602, 32, 1, 32, 0
2590, -0.072917, 7.817251, 32, 1, 32, 0
2600, -0.075521, 7.817903, 31, 1, 31, 0
2610, -0.076823, 7.818558, 31, 1, 31, 0
2620, -0.078125, 7.819215, 31, 1, 31, 0
2630, -0.078125, 7.819873, 31, 1, 31, 0
2640, -0.078125, 7.820534, 31, 1, 31, 0
2650, -0.078125, 7.821195, 31, 1, 31, 0
2660, -0.078125, 7.821856, 31, 1, 31, 0
2670, -0.079427, 7.822516, 32, 1, 32, 0
2680, -0.080729, 7.823175, 32, 1, 32, 0
2690, -0.082031, 7.823832, 32, 1, 32, 0
2700, -0.082031, 7.824487, 32, 1, 32, 0
2710, -0.082031, 7.825139, 32, 1, 32, 0
2720, -0.082031, 7.825787, 32, 1, 32, 0
2730, -0.083333, 7.826433, 31, 1, 31, 0
2740, -0.084635, 7.827074, 31, 1, 31, 0
2750, -0.085938, 7.827711, 31, 1, 31, 0
2760, -0.085938, 7.828341, 31, 1, 31, 0
2770, -0.085938, 7.828966, 31, 1, 31, 0
2780, -0.085938, 7.829585, 31, 1, 31, 0
2790, -0.085938, 7.830198, 31, 1, 31, 0
2800, -0.085938, 7.830805, 31, 1, 31, 0
2810, -0.085938, 7.831406, 31, 1, 31, 0
2820, -0.084635, 7.832001, 32, 1, 32, 0
2830, -0.083333, 7.832588, 32, 1, 32, 0
2840, -0.082031, 7.833168, 32, 1, 32, 0
2850, -0.082031, 7.833741, 32, 1, 32, 0
2860, -0.082031, 7.834308, 32, 1, 32, 0
2870, -0.080729, 7.834869, 31, 1, 31, 0
2880, -0.079427, 7.835421, 31, 1, 31, 0
2890, -0.078125, 7.835966, 31, 1, 31, 0
2900, -0.078125, 7.836502, 31, 1, 31, 0
2910, -0.078125, 7.837030, 31, 1, 31, 0
2920, -0.078125, 7.837550, 31, 1, 31, 0
2930, -0.078125, 7.838063, 31, 1, 31, 0
2940, -0.078125, 7.838568, 31, 1, 31, 0
2950, -0.078125, 7.839065, 31, 1, 31, 0
2960, -0.076823, 7.839554, 32, 1, 32, 0
2970, -0.074219, 7.840035, 31, 1, 31, 0
2980, -0.071615, 7.840508, 31, 1, 31, 0
2990, -0.070312, 7.840974, 31, 1, 31, 0
3000, -0.070312, 7.841434, 31, 1, 31, 0
3010, -0.070312, 7.841885, 31, 1, 31, 0
3020, -0.070312, 7.842328, 31, 1, 31, 0
3030, -0.070312, 7.842764, 31, 1, 31, 0
3040, -0.067708, 7.843194, 31, 1, 31, 0
3050, -0.065104, 7.843619, 31, 1, 31, 0
3060, -0.062500, 7.844039, 31, 1, 31, 0
3070, -0.062500, 7.844453, 31, 1, 31, 0
3080, -0.062500, 7.844862, 31, 1, 31, 0
3090, -0.062500, 7.845265, 31, 1, 31, 0
3100, -0.059896, 7.845663, 31, 1, 31, 0
3110, -0.057292, 7.846058, 31, 1, 31, 0
3120, -0.054688, 7.846452, 31, 1, 31, 0
3130, -0.054688, 7.846843, 31, 1, 31, 0
3140, -0.053385, 7.847232, 30, 1, 30, 0
3150, -0.050781, 7.847620, 31, 1, 31, 0
3160, -0.048177, 7.848010, 31, 1, 31, 0
3170, -0.046875, 7.848400, 31, 1, 31, 0
3180, -0.046875, 7.848789, 31, 1, 31, 0
3190, -0.044271, 7.849176, 31, 1, 31, 0
3200, -0.041667, 7.849558, 31, 1, 31, 0
3210, -0.039062, 7.849886, 31, 1, 31, 0
3220, -0.039062, 7.850258, 31, 1, 31, 0
3230, -0.036458, 7.850633, 31, 1, 31, 0
3240, -0.033854, 7.851010, 31, 1, 31, 0
3250, -0.031250, 7.851391, 31, 1, 31, 0
3260, -0.031250, 7.851774, 31, 1, 31, 0
3270, -0.028646, 7.852162, 31, 1, 31, 0
3280, -0.026042, 7.852554, 31, 1, 31, 0
3290, -0.023438, 7.852952, 31, 1, 31, 0
3300, -0.022135, 7.853354, 30, 1, 30, 0
3310, -0.019531, 7.853762, 31, 1, 31, 0
3320, -0.016927, 7.854175, 31, 1, 31, 0
3330, -0.015625, 7.854594, 31, 1, 31, 0
3340, -0.014323, 7.855019, 30, 1, 30, 0
3350, -0.011719, 7.855451, 31, 1, 31, 0
3360, -0.009115, 7.855889, 31, 1, 31, 0
3370, -0.007812, 7.856335, 31, 1, 31, 0
3380, -0.005208, 7.856788, 31, 1, 31, 0
3390, -0.002604, 7.857250, 31, 1, 31, 0
3400, 0.000000, 7.857720, 31, 1, 31, 0
3410, 0.001302, 7.858197, 30, 1, 30, 0
3420, 0.003906, 7.858674, 31, 1, 31, 0
3430, 0.006510, 7.859148, 31, 1, 31, 0
3440, 0.007812, 7.859618, 31, 1, 31, 0
3450, 0.009115, 7.860083, 30, 1, 30, 0
3460, 0.011719, 7.860546, 31, 1, 31, 0
3470, 0.014323, 7.861006, 31, 1, 31, 0
3480, 0.015625, 7.861464, 31, 1, 31, 0
3490, 0.015625, 7.861922, 31, 1, 31, 0
3500, 0.015625, 7.862378, 31, 1, 31, 0
3510, 0.016927, 7.862832, 30, 1, 30, 0
3520, 0.019531, 7.863284, 31, 1, 31, 0
3530, 0.022135, 7.863733, 31, 1, 31, 0
3540, 0.023438, 7.864181, 31, 1, 31, 0
3550, 0.023438, 7.864627, 31, 1, 31, 0
3560, 0.024740, 7.865074, 30, 1, 30, 0
3570, 0.026042, 7.865520, 30, 1, 30, 0
3580, 0.028646, 7.865964, 29, 1, 29, 0
3590, 0.029948, 7.866405, 29, 1, 29, 0
3600, 0.031250, 7.866846, 29, 1, 29, 0
3610, 0.032552, 7.867284, 28, 1, 28, 0
3620, 0.035156, 7.867720, 29, 1, 29, 0
3630, 0.037760, 7.868154, 29, 1, 29, 0
3640, 0.039062, 7.868587, 29, 1, 29, 0
3650, 0.039062, 7.869018, 29, 1, 29, 0
3660, 0.039062, 7.869449, 29, 1, 29, 0
3670, 0.040365, 7.869879, 28, 1, 28, 0
3680, 0.041667, 7.870309, 28, 1, 28, 0
3690, 0.042969, 7.870738, 28, 1, 28, 0
3700, 0.042969, 7.871167, 28, 1, 28, 0
3710, 0.042969, 7.871595, 28, 1, 28, 0
3720, 0.042969, 7.872023, 28, 1, 28, 0
3730, 0.044271, 7.872451, 27, 1, 27, 0
3740, 0.045573, 7.872879, 27, 1, 27, 0
3750, 0.046875, 7.873306, 27, 1, 27, 0
3760, 0.046875, 7.873733, 27, 1, 27, 0
3770, 0.046875, 7.874160, 27, 1, 27, 0
3780, 0.046875, 7.874586, 27, 1, 27, 0
3790, 0.046875, 7.875012, 27, 1, 27, 0
3800, 0.046875, 7.875437, 27, 1, 27, 0
3810, 0.046875, 7.875862, 27, 1, 27, 0
3820, 0.046875, 7.876286, 27, 1, 27, 0
3830, 0.046875, 7.876709, 27, 1, 27, 0
3840, 0.046875, 7.877131, 27, 1, 27, 0
3850, 0.046875, 7.877551, 27, 1, 27, 0
3860, 0.046875, 7.877972, 27, 1, 27, 0
3870, 0.046875, 7.878391, 27, 1, 27, 0
3880, 0.046875, 7.878808, 27, 1, 27, 0
3890, 0.046875, 7.879225, 27, 1, 27, 0
3900, 0.046875, 7.879639, 27, 1, 27, 0
3910, 0.046875, 7.880052, 27, 1, 27, 0
3920, 0.046875, 7.880464, 27, 1, 27, 0
3930, 0.048177, 7.880874, 26, 1, 26, 0
3940, 0.049479, 7.881282, 26, 1, 26, 0
3950, 0.050781, 7.881689, 26, 1, 26, 0
3960, 0.048177, 7.882094, 26, 1, 26, 0
3970, 0.045573, 7.882497, 26, 1, 26, 0
3980, 0.042969, 7.882900, 26, 1, 26, 0
3990, 0.042969, 7.883301, 26, 1, 26, 0
4000, 0.042969, 7.883701, 26, 1, 26, 0
4010, 0.042969, 7.884098, 26, 1, 26, 0
4020, 0.042969, 7.884494, 26, 1, 26, 0
4030, 0.042969, 7.884888, 26, 1, 26, 0
4040, 0.042969, 7.885280, 26, 1, 26, 0
4050, 0.042969, 7.885671, 26, 1, 26, 0
4060, 0.042969, 7.886061, 26, 1, 26, 0
4070, 0.042969, 7.886450, 26, 1, 26, 0
4080, 0.041667, 7.886837, 25, 1, 25, 0
4090, 0.040365, 7.887225, 25, 1, 25, 0
4100, 0.039062, 7.887611, 25, 1, 25, 0
4110, 0.039062, 7.887997, 25, 1, 25, 0
4120, 0.039062, 7.888382, 25, 1, 25, 0
4130, 0.039062, 7.888767, 25, 1, 25, 0
4140, 0.039062, 7.889151, 25, 1, 25, 0
4150, 0.037760, 7.889534, 26, 1, 26, 0
4160, 0.037760, 7.889918, 25, 1, 25, 0
4170, 0.035156, 7.890302, 25, 1, 25, 0
4180, 0.033854, 7.890686, 25, 1, 25, 0
4190, 0.031250, 7.891071, 25, 1, 25, 0
4200, 0.031250, 7.891455, 25, 1, 25, 0
4210, 0.031250, 7.891840, 25, 1, 25, 0
4220, 0.031250, 7.892224, 25, 1, 25, 0
4230, 0.031250, 7.892608, 25, 1, 25, 0
4240, 0.031250, 7.892994, 25, 1, 25, 0
4250, 0.029948, 7.893382, 24, 1, 24, 0
4260, 0.028646, 7.893771, 24, 1, 24, 0
4270, 0.026042, 7.894162, 25, 1, 25, 0
4280, 0.024740, 7.894555, 25, 1, 25, 0
4290, 0.016927, 7.894949, 20, 1, 20, 0
4300, 0.010417, 7.895344, 20, 1, 20, 0
4310, 0.002604, 7.895740, 19, 1, 19, 0
4320, 0.001302, 7.896136, 19, 1, 19, 0
4330, 0.000000, 7.896531, 19, 1, 19, 0
4340, -0.001302, 7.896927, 18, 1, 18, 0
4350, -0.002604, 7.897322, 18, 1, 18, 0
4360, -0.006510, 7.897718, 18, 1, 18, 0
4370, -0.009115, 7.898112, 18, 1, 18, 0
4380, -0.011719, 7.898505, 18, 1, 18, 0
4390, -0.011719, 7.898896, 18, 1, 18, 0
4400, -0.013021, 7.899285, 17, 1, 17, 0
4410, -0.014323, 7.899672, 17, 1, 17, 0
4420, -0.015625, 7.900059, 17, 1, 17, 0
4430, -0.016927, 7.900445, 18, 1, 18, 0
4440, -0.019531, 7.900830, 17, 1, 17, 0
4450, -0.022135, 7.901213, 17, 1, 17, 0
4460, -0.023438, 7.901595, 17, 1, 17, 0
4470, -0.023438, 7.901979, 17, 1, 17, 0
4480, -0.024740, 7.902360, 16, 1, 16, 0
4490, -0.026042, 7.902741, 16, 1, 16, 0
4500, -0.027344, 7.903120, 16, 1, 16, 0
4510, -0.027344, 7.903499, 16, 1, 16, 0
4520, -0.027344, 7.903878, 16, 1, 16, 0
4530, -0.027344, 7.904256, 16, 1, 16, 0
4540, -0.027344, 7.904633, 16, 1, 16, 0
4550, -0.026042, 7.905010, 15, 1, 15, 0
4560, -0.024740, 7.905387, 15, 1, 15, 0
4570, -0.023438, 7.905763, 15, 1, 15, 0
4580, -0.024740, 7.906139, 14, 1, 14, 0
4590, -0.026042, 7.906515, 14, 1, 14, 0
4600, -0.026042, 7.906890, 13, 1, 13, 0
4610, -0.024740, 7.907265, 13, 1, 13, 0
4620, -0.023438, 7.907640, 13, 1, 13, 0
4630, -0.023438, 7.908015, 13, 1, 13, 0
4640, -0.022135, 7.908391, 12, 1, 12, 0
4650, -0.020833, 7.908766, 12, 1, 12, 0
4660, -0.019531, 7.909142, 12, 1, 12, 0
4670, -0.019531, 7.909518, 12, 1, 12, 0
4680, -0.019531, 7.909894, 12, 1, 12, 0
4690, -0.018229, 7.910270, 11, 1, 11, 0
4700, -0.016927, 7.910647, 11, 1, 11, 0
4710, -0.015625, 7.911024, 11, 1, 11, 0
4720, -0.015625, 7.911401, 11, 1, 11, 0
4730, -0.015625, 7.911778, 11, 1, 11, 0
4740, -0.015625, 7.912156, 11, 1, 11, 0
4750, -0.015625, 7.912534, 9, 1, 9, 0
4760, -0.015625, 7.912911, 9, 1, 9, 0
4770, -0.015625, 7.913289, 9, 1, 9, 0
4780, -0.015625, 7.913667, 9, 1, 9, 0
4790, -0.015625, 7.914045, 9, 1, 9, 0
4800, -0.014323, 7.914423, 8, 1, 8, 0
4810, -0.013021, 7.914801, 8, 1, 8, 0
4820, -0.011719, 7.915179, 8, 1, 8, 0
4830, -0.011719, 7.915557, 8, 1, 8, 0
4840, -0.011719, 7.915935, 8, 1, 8, 0
4850, -0.011719, 7.916313, 8, 1, 8, 0
4860, -0.011719, 7.916691, 8, 1, 8, 0
4870, -0.011719, 7.917068, 8, 1, 8, 0
4880, -0.010417, 7.917446, 7, 1, 7, 0
4890, -0.009115, 7.917824, 7, 1, 7, 0
4900, -0.007812, 7.918203, 7, 1, 7, 0
4910, -0.007812, 7.918581, 7, 1, 7, 0
4920, -0.007812, 7.918960, 7, 1, 7, 0
4930, -0.007812, 7.919338, 7, 1, 7, 0
4940, -0.007812, 7.919716, 7, 1, 7, 0
4950, -0.007812, 7.920093, 7, 1, 7, 0
4960, -0.007812, 7.920471, 7, 1, 7, 0
4970, -0.007812, 7.920849, 7, 1, 7, 0
4980, -0.007812, 7.921227, 7, 1, 7, 0
4990, -0.006510, 7.921605, 6, 1, 6, 0
5000, -0.005208, 7.921983, 6, 1, 6, 0
5010, -0.003906, 7.922360, 6, 1, 6, 0
5020, -0.003906, 7.922738, 6, 1, 6, 0
5030, -0.003906, 7.923115, 6, 1, 6, 0
5040, -0.003906, 7.923493, 6, 1, 6, 0
5050, -0.003906, 7.923871, 6, 1, 6, 0
5060, -0.003906, 7.924248, 6, 1, 6, 0
5070, -0.003906, 7.924624, 6, 1, 6, 0
5080, -0.002604, 7.925000, 5, 1, 5, 0
5090, -0.001302, 7.925378, 5, 1, 5, 0
5100, 0.000000, 7.925755, 5, 1, 5, 0
5110, 0.000000, 7.926132, 5, 1, 5, 0
5120, 0.000000, 7.926508, 5, 1, 5, 0
5130, 0.000000, 7.926885, 5, 1, 5, 0
5140, 0.000000, 7.927261, 5, 1, 5, 0
5150, 0.000000, 7.927635, 5, 1, 5, 0
5160, 0.000000, 7.928003, 5, 1, 5, 0
5170, 0.000000, 7.928371, 5, 1, 5, 0
5180, 0.000000, 7.928739, 5, 1, 5, 0
5190, 0.001302, 7.929106, 4, 1, 4, 0
5200, 0.002604, 7.929474, 4, 1, 4, 0
5210, 0.003906, 7.929842, 4, 1, 4, 0
5220, 0.003906, 7.930208, 4, 1, 4, 0
5230, 0.002604, 7.930573, 3, 1, 3, 0
5240, -0.008464, 7.930937, 4, 2, 3, 1
5250, -0.019531, 7.931304, 4, 2, 3, 1
5260, -0.029297, 7.931674, 4, 2, 3, 1
5270, -0.034635, 7.932043, 5, 2, 3, 2
5280, -0.030946, 7.932412, 6, 3, 3, 2
5290, -0.020660, 7.932784, 5, 3, 3, 1
5300, 0.000955, 7.933167, 6, 3, 3, 2
5310, 0.013542, 7.933551, 6, 3, 3, 2
5320, 0.019531, 7.933925, 6, 3, 3, 2
5330, 0.025608, 7.934288, 6, 3, 3, 2
5340, 0.031684, 7.934643, 6, 3, 3, 2
5350, 0.030382, 7.934995, 7, 3, 3, 2
5360, 0.023003, 7.935341, 7, 3, 3, 2
5370, 0.010742, 7.935699, 8, 3, 3, 3
5380, 0.005859, 7.936060, 8, 3, 3, 3
5390, 0.000977, 7.936419, 8, 3, 3, 3
5400, 0.000977, 7.936776, 8, 3, 3, 3
5410, 0.004413, 7.937130, 9, 3, 4, 3
5420, 0.004087, 7.937482, 9, 3, 4, 4
5430, 0.003762, 7.937833, 9, 3, 4, 4
5440, 0.000000, 7.938183, 9, 3, 4, 4
5450, 0.002865, 7.938531, 10, 3, 5, 4
5460, 0.005729, 7.938878, 10, 3, 5, 4
5470, 0.008594, 7.939222, 10, 3, 5, 4
5480, 0.008594, 7.939564, 10, 3, 5, 4
5490, 0.014323, 7.939905, 10, 3, 6, 3
5500, 0.016430, 7.940245, 11, 3, 6, 4
5510, 0.018537, 7.940584, 11, 3, 6, 4
5520, 0.014915, 7.940921, 11, 3, 6, 4
5530, 0.016454, 7.941256, 12, 3, 7, 4
5540, 0.015388, 7.941590, 10, 2, 6, 4
5550, 0.014323, 7.941923, 10, 2, 6, 4
5560, 0.011719, 7.942255, 10, 2, 6, 4
5570, 0.015625, 7.942586, 9, 2, 6, 3
5580, 0.020833, 7.942915, 10, 2, 7, 3
5590, 0.026042, 7.943241, 10, 2, 7, 3
5600, 0.027344, 7.943567, 10, 2, 7, 3
5610, 0.022727, 7.943894, 11, 2, 7, 4
5620, 0.019255, 7.944220, 12, 2, 8, 4
5630, 0.015783, 7.944544, 12, 2, 8, 4
5640, 0.016927, 7.944865, 12, 2, 8, 4
5650, 0.016927, 7.945184, 12, 2, 8, 4
5660, 0.021050, 7.945501, 12, 2, 9, 3
5670, 0.022747, 7.945819, 11, 2, 8, 3
5680, 0.028823, 7.946136, 10, 2, 8, 2
5690, 0.030777, 7.946453, 10, 2, 8, 2
5700, 0.035275, 7.946768, 11, 2, 9, 2
5710, 0.040483, 7.947086, 10, 2, 9, 1
5720, 0.045431, 7.947407, 10, 2, 9, 1
5730, 0.050260, 7.947735, 10, 2, 9, 1
5740, 0.055469, 7.948066, 10, 1, 10, 0
5750, 0.059635, 7.948402, 9, 1, 9, 0
5760, 0.063802, 7.948743, 9, 1, 9, 0
5770, 0.061198, 7.949088, 10, 1, 10, 0
5780, 0.059896, 7.949435, 10, 1, 10, 0
5790, 0.058594, 7.949788, 10, 1, 10, 0
5800, 0.055990, 7.950147, 10, 1, 10, 0
5810, 0.053385, 7.950513, 10, 1, 10, 0
5820, 0.050781, 7.950884, 10, 1, 10, 0
5830, 0.049479, 7.951261, 11, 1, 11, 0
5840, 0.048177, 7.951639, 11, 1, 11, 0
5850, 0.045573, 7.952024, 10, 1, 10, 0
5860, 0.042969, 7.952418, 11, 1, 11, 0
5870, 0.040365, 7.952825, 11, 1, 11, 0
5880, 0.039062, 7.953244, 11, 1, 11, 0
5890, 0.037760, 7.953671, 10, 1, 10, 0
5900, 0.035156, 7.954111, 11, 1, 11, 0
5910, 0.032552, 7.954557, 11, 1, 11, 0
5920, 0.031250, 7.955018, 11, 1, 11, 0
5930, 0.028646, 7.955488, 11, 1, 11, 0
5940, 0.026042, 7.955973, 11, 1, 11, 0
5950, 0.023438, 7.956469, 11, 1, 11, 0
5960, 0.022135, 7.956980, 12, 1, 12, 0
5970, 0.019531, 7.957503, 11, 1, 11, 0
5980, 0.016927, 7.958041, 11, 1, 11, 0
5990, 0.015625, 7.958591, 11, 1, 11, 0
6000, 0.014323, 7.959159, 12, 1, 12, 0
6010, 0.011719, 7.959747, 11, 1, 11, 0
6020, 0.009115, 7.960355, 11, 1, 11, 0
6030, 0.006510, 7.960978, 12, 1, 12, 0
6040, -0.001302, 7.961619, 12, 2, 11, 1
6050, -0.009115, 7.962269, 12, 2, 11, 1
6060, -0.020232, 7.962924, 13, 2, 11, 2
6070, -0.025255, 7.963578, 14, 2, 12, 2
6080, -0.035485, 7.964237, 14, 2, 11, 3
6090, -0.041109, 7.964901, 14, 2, 11, 3
6100, -0.049802, 7.965568, 15, 2, 11, 4
6110, -0.053286, 7.966239, 15, 2, 11, 4
6120, -0.060959, 7.966917, 16, 2, 11, 5
6130, -0.067005, 7.967597, 17, 2, 11, 6
6140, -0.074557, 7.968273, 18, 2, 11, 7
6150, -0.081331, 7.968914, 21, 3, 11, 9
6160, -0.086428, 7.969569, 22, 3, 11, 9
6170, -0.090985, 7.970232, 24, 3, 11, 10
6180, -0.093599, 7.970891, 25, 3, 11, 10
6190, -0.096808, 7.971543, 27, 2, 16, 11
6200, -0.100467, 7.972183, 28, 2, 17, 11
6210, -0.102785, 7.972818, 27, 2, 16, 11
6220, -0.104329, 7.973454, 27, 2, 16, 11
6230, -0.104456, 7.974089, 27, 2, 16, 11
6240, -0.105996, 7.974722, 26, 2, 16, 10
6250, -0.107535, 7.975351, 26, 2, 16, 10
6260, -0.110012, 7.975970, 28, 2, 17, 11
6270, -0.110949, 7.976585, 28, 2, 17, 11
6280, -0.111886, 7.977199, 28, 2, 17, 11
6290, -0.112014, 7.977816, 27, 2, 16, 11
6300, -0.113681, 7.978403, 26, 2, 16, 10
6310, -0.115348, 7.978991, 26, 2, 16, 10
6320, -0.116887, 7.979585, 26, 2, 16, 10
6330, -0.117824, 7.980185, 28, 2, 17, 11
6340, -0.118761, 7.980788, 28, 2, 17, 11
6350, -0.119699, 7.981368, 28, 2, 17, 11
6360, -0.119699, 7.981952, 28, 2, 17, 11
6370, -0.119699, 7.982543, 28, 2, 17, 11
6380, -0.121366, 7.983115, 26, 2, 16, 10
6390, -0.123033, 7.983695, 26, 2, 16, 10
6400, -0.124700, 7.984296, 26, 2, 16, 10
6410, -0.125637, 7.984877, 28, 2, 17, 11
6420, -0.126574, 7.985461, 28, 2, 17, 11
6430, -0.127511, 7.986030, 28, 2, 17, 11
6440, -0.127511, 7.986609, 28, 2, 17, 11
6450, -0.127511, 7.987178, 28, 2, 17, 11
6460, -0.128989, 7.987726, 27, 2, 17, 10
6470, -0.130467, 7.988289, 27, 2, 17, 10
6480, -0.132134, 7.988840, 26, 2, 16, 10
6490, -0.132323, 7.989372, 26, 2, 16, 10
6500, -0.133449, 7.989898, 28, 2, 17, 11
6510, -0.134386, 7.990416, 28, 2, 17, 11
6520, -0.135324, 7.990931, 28, 2, 17, 11
6530, -0.135324, 7.991439, 28, 2, 17, 11
6540, -0.135324, 7.991941, 28, 2, 17, 11
6550, -0.135324, 7.992434, 28, 2, 17, 11
6560, -0.135324, 7.992927, 28, 2, 17, 11
6570, -0.136801, 7.993423, 27, 2, 17, 10
6580, -0.138279, 7.993917, 27, 2, 17, 10
6590, -0.139757, 7.994406, 27, 2, 17, 10
6600, -0.139757, 7.994887, 27, 2, 17, 10
6610, -0.141162, 7.995368, 28, 2, 18, 10
6620, -0.142568, 7.995842, 28, 2, 18, 10
6630, -0.143973, 7.996311, 28, 2, 18, 10
6640, -0.143694, 7.996776, 28, 2, 17, 11
6650, -0.143415, 7.997238, 28, 2, 17, 11
6660, -0.143136, 7.997701, 28, 2, 17, 11
6670, -0.143136, 7.998160, 28, 2, 17, 11
6680, -0.143136, 7.998610, 28, 2, 17, 11
6690, -0.143136, 7.999057, 28, 2, 17, 11
6700, -0.143136, 7.999498, 28, 2, 17, 11
6710, -0.143136, 7.999938, 28, 2, 17, 11
6720, -0.144614, 8.000369, 27, 2, 17, 10
6730, -0.146092, 8.000794, 27, 2, 17, 10
6740, -0.147569, 8.001210, 27, 2, 17, 10
6750, -0.147569, 8.001624, 27, 2, 17, 10
6760, -0.147569, 8.002033, 27, 2, 17, 10
6770, -0.147569, 8.002447, 27, 2, 17, 10
6780, -0.147569, 8.002845, 27, 2, 17, 10
6790, -0.147569, 8.003240, 27, 2, 17, 10
6800, -0.147569, 8.003623, 27, 2, 17, 10
6810, -0.147569, 8.004003, 27, 2, 17, 10
6820, -0.147569, 8.004414, 27, 2, 17, 10
6830, -0.147569, 8.004816, 27, 2, 17, 10
6840, -0.147569, 8.005201, 27, 2, 17, 10
6850, -0.147569, 8.005604, 27, 2, 17, 10
6860, -0.147115, 8.005991, 28, 2, 17, 11
6870, -0.146660, 8.006368, 28, 2, 17, 11
6880, -0.146205, 8.006755, 28, 2, 17, 11
6890, -0.146205, 8.007122, 28, 2, 17, 11
6900, -0.146205, 8.007499, 28, 2, 17, 11
6910, -0.146205, 8.007864, 28, 2, 17, 11
6920, -0.146205, 8.008247, 28, 2, 17, 11
6930, -0.146205, 8.008643, 28, 2, 17, 11
6940, -0.146205, 8.009004, 28, 2, 17, 11
6950, -0.146205, 8.009370, 28, 2, 17, 11
6960, -0.146205, 8.009747, 28, 2, 17, 11
6970, -0.146205, 8.010138, 28, 2, 17, 11
6980, -0.146205, 8.010523, 28, 2, 17, 11
6990, -0.146205, 8.010912, 28, 2, 17, 11
7000, -0.144794, 8.011285, 29, 2, 17, 12
7010, -0.143383, 8.011663, 29, 2, 17, 12
7020, -0.141972, 8.012030, 29, 2, 17, 12
7030, -0.141972, 8.012401, 29, 2, 17, 12
7040, -0.141972, 8.012765, 29, 2, 17, 12
7050, -0.141972, 8.013128, 29, 2, 17, 12
7060, -0.141972, 8.013493, 29, 2, 17, 12
7070, -0.140593, 8.013853, 28, 2, 16, 12
7080, -0.139214, 8.014206, 28, 2, 16, 12
7090, -0.137835, 8.014532, 28, 2, 16, 12
7100, -0.137835, 8.014861, 28, 2, 16, 12
7110, -0.137835, 8.015190, 28, 2, 16, 12
7120, -0.137835, 8.015525, 28, 2, 16, 12
7130, -0.137835, 8.015835, 28, 2, 16, 12
7140, -0.136719, 8.016144, 28, 2, 16, 12
7150, -0.135603, 8.016439, 28, 2, 16, 12
7160, -0.133061, 8.016720, 27, 2, 15, 12
7170, -0.131634, 8.016982, 27, 2, 15, 12
7180, -0.130208, 8.017240, 27, 2, 15, 12
7190, -0.130208, 8.017491, 27, 2, 15, 12
7200, -0.130208, 8.017734, 27, 2, 15, 12
7210, -0.130208, 8.017969, 27, 2, 15, 12
7220, -0.130208, 8.018307, 27, 2, 15, 12
7230, -0.130175, 8.018622, 26, 2, 14, 12
7240, -0.128647, 8.018902, 25, 2, 13, 12
7250, -0.127119, 8.019138, 25, 2, 13, 12
7260, -0.125625, 8.019335, 25, 2, 13, 12
7270, -0.125625, 8.019619, 25, 2, 13, 12
7280, -0.125625, 8.019895, 25, 2, 13, 12
7290, -0.125959, 8.020532, 24, 2, 13, 11
7300, -0.124732, 8.021317, 23, 2, 12, 11
7310, -0.123504, 8.022158, 23, 2, 12, 11
7320, -0.121943, 8.022992, 23, 2, 12, 11
7330, -0.120358, 8.023949, 24, 2, 12, 12
7340, -0.118433, 8.024897, 23, 2, 12, 11
7350, -0.116508, 8.025798, 23, 2, 12, 11
7360, -0.116136, 8.026784, 21, 2, 11, 10
7370, -0.116104, 8.027762, 21, 2, 11, 10
7380, -0.116071, 8.028734, 21, 2, 11, 10
7390, -0.116071, 8.029829, 21, 2, 11, 10
7400, -0.116071, 8.030927, 21, 2, 11, 10
7410, -0.114360, 8.032137, 20, 2, 11, 9
7420, -0.112649, 8.033328, 20, 2, 11, 9
7430, -0.110280, 8.034606, 19, 2, 11, 8
7440, -0.106058, 8.035860, 19, 2, 12, 7
7450, -0.101891, 8.037171, 20, 2, 13, 7
7460, -0.098383, 8.038437, 20, 2, 13, 7
7470, -0.097423, 8.039766, 19, 2, 13, 6
7480, -0.092297, 8.041063, 19, 3, 13, 5
7490, -0.089288, 8.042402, 18, 2, 13, 5
7500, -0.086135, 8.043694, 20, 2, 15, 5
7510, -0.081612, 8.045034, 19, 3, 15, 3
7520, -0.076983, 8.046417, 18, 2, 15, 3
7530, -0.074242, 8.047724, 19, 2, 16, 3
7540, -0.071651, 8.049032, 20, 3, 17, 2
7550, -0.067022, 8.050215, 18, 2, 17, 1
7560, -0.060648, 8.051425, 18, 1, 18, 0
7570, -0.058304, 8.052572, 19, 1, 19, 0
7580, -0.057292, 8.053664, 20, 1, 20, 0
7590, -0.057292, 8.054819, 20, 1, 20, 0
7600, -0.058594, 8.055924, 22, 1, 22, 0
7610, -0.058594, 8.057107, 22, 1, 22, 0
7620, -0.059896, 8.058238, 23, 1, 23, 0
7630, -0.059896, 8.059316, 24, 1, 24, 0
7640, -0.059896, 8.060468, 24, 1, 24, 0
7650, -0.057292, 8.061574, 25, 1, 25, 0
7660, -0.054688, 8.062627, 24, 1, 24, 0
7670, -0.050781, 8.063637, 25, 1, 25, 0
7680, -0.046875, 8.064722, 24, 1, 24, 0
7690, -0.044271, 8.065781, 24, 1, 24, 0
7700, -0.040365, 8.066814, 24, 1, 24, 0
7710, -0.037760, 8.067920, 24, 1, 24, 0
7720, -0.032552, 8.069005, 24, 1, 24, 0
7730, -0.029948, 8.070057, 24, 1, 24, 0
7740, -0.026042, 8.071190, 23, 1, 23, 0
7750, -0.023438, 8.072303, 24, 1, 24, 0
7760, -0.019531, 8.073391, 23, 1, 23, 0
7770, -0.014323, 8.074551, 23, 1, 23, 0
7780, -0.010417, 8.075691, 23, 1, 23, 0
7790, -0.005208, 8.076810, 23, 1, 23, 0
7800, -0.002604, 8.077913, 23, 1, 23, 0
7810, 0.002604, 8.079010, 23, 1, 23, 0
7820, 0.005208, 8.080037, 23, 1, 23, 0
7830, 0.010417, 8.080928, 23, 1, 23, 0
7840, 0.014323, 8.081602, 24, 1, 24, 0
7850, 0.020833, 8.082081, 24, 1, 24, 0
7860, 0.027344, 8.082409, 26, 1, 26, 0
7870, 0.036458, 8.082657, 29, 1, 29, 0
7880, 0.044271, 8.082861, 30, 1, 30, 0
7890, 0.050781, 8.083058, 29, 1, 29, 0
7900, 0.053385, 8.083198, 29, 1, 29, 0
7910, 0.054688, 8.083303, 29, 1, 29, 0
7920, 0.055990, 8.083383, 30, 1, 30, 0
7930, 0.057292, 8.083414, 30, 1, 30, 0
7940, 0.058594, 8.083319, 30, 1, 30, 0
7950, 0.058594, 8.083177, 30, 1, 30, 0
7960, 0.058594, 8.082992, 30, 1, 30, 0
7970, 0.058594, 8.082807, 30, 1, 30, 0
7980, 0.058594, 8.082609, 30, 1, 30, 0
7990, 0.058594, 8.082372, 30, 1, 30, 0
8000, 0.058594, 8.082096, 30, 1, 30, 0
8010, 0.058594, 8.081787, 30, 1, 30, 0
8020, 0.057292, 8.081447, 29, 1, 29, 0
8030, 0.055990, 8.081082, 29, 1, 29, 0
8040, 0.054688, 8.080694, 29, 1, 29, 0
8050, 0.054688, 8.080285, 29, 1, 29, 0
8060, 0.054688, 8.079849, 29, 1, 29, 0
8070, 0.053385, 8.079395, 30, 1, 30, 0
8080, 0.052083, 8.078924, 30, 1, 30, 0
8090, 0.050781, 8.078442, 30, 1, 30, 0
8100, 0.049479, 8.077950, 29, 1, 29, 0
8110, 0.048177, 8.077450, 29, 1, 29, 0
8120, 0.046875, 8.076942, 29, 1, 29, 0
8130, 0.044271, 8.076423, 29, 1, 29, 0
8140, 0.039062, 8.075895, 27, 1, 27, 0
8150, 0.032552, 8.075356, 26, 1, 26, 0
8160, 0.027344, 8.074808, 25, 1, 25, 0
8170, 0.023438, 8.074250, 24, 1, 24, 0
8180, 0.019531, 8.073680, 25, 1, 25, 0
8190, 0.015625, 8.073097, 24, 1, 24, 0
8200, 0.013021, 8.072500, 24, 1, 24, 0
8210, 0.011719, 8.071888, 24, 1, 24, 0
8220, 0.010417, 8.071259, 23, 1, 23, 0
8230, 0.007812, 8.070614, 24, 1, 24, 0
8240, 0.005208, 8.069951, 24, 1, 24, 0
8250, 0.002604, 8.069270, 23, 1, 23, 0
8260, 0.001302, 8.068571, 23, 1, 23, 0
8270, -0.001302, 8.067828, 24, 1, 24, 0
8280, -0.003906, 8.067063, 23, 1, 23, 0
8290, -0.006510, 8.066278, 23, 1, 23, 0
8300, -0.007812, 8.065451, 23, 1, 23, 0
8310, -0.009115, 8.064610, 24, 1, 24, 0
8320, -0.011719, 8.063728, 23, 1, 23, 0
8330, -0.014323, 8.062813, 23, 1, 23, 0
8340, -0.015625, 8.061858, 23, 1, 23, 0
8350, -0.018229, 8.060861, 23, 1, 23, 0
8360, -0.020833, 8.059828, 23, 1, 23, 0
8370, -0.023438, 8.058760, 23, 1, 23, 0
8380, -0.023438, 8.057664, 23, 1, 23, 0
8390, -0.026042, 8.056538, 23, 1, 23, 0
8400, -0.028646, 8.055388, 23, 1, 23, 0
8410, -0.031250, 8.054212, 23, 1, 23, 0
8420, -0.032552, 8.053014, 22, 1, 22, 0
8430, -0.035156, 8.051789, 23, 1, 23, 0
8440, -0.037760, 8.050542, 23, 1, 23, 0
8450, -0.039062, 8.049271, 23, 1, 23, 0
8460, -0.041667, 8.047980, 23, 1, 23, 0
8470, -0.044271, 8.046668, 23, 1, 23, 0
8480, -0.046875, 8.045337, 23, 1, 23, 0
8490, -0.048177, 8.043989, 22, 1, 22, 0
8500, -0.050781, 8.042623, 23, 1, 23, 0
8510, -0.053385, 8.041247, 23, 1, 23, 0
8520, -0.054688, 8.039856, 23, 1, 23, 0
8530, -0.057292, 8.038453, 23, 1, 23, 0
8540, -0.059896, 8.037041, 23, 1, 23, 0
8550, -0.062500, 8.035618, 23, 1, 23, 0
8560, -0.063802, 8.034187, 24, 1, 24, 0
8570, -0.063236, 8.032609, 23, 2, 22, 1
8580, -0.064538, 8.031039, 22, 1, 22, 0
8590, -0.064538, 8.029490, 22, 1, 22, 0
8600, -0.063329, 8.027972, 22, 2, 21, 1
8610, -0.063329, 8.026476, 20, 1, 20, 0
8620, -0.063329, 8.024875, 20, 1, 20, 0
8630, -0.064608, 8.023295, 21, 2, 20, 1
8640, -0.064608, 8.021750, 18, 1, 18, 0
8650, -0.066596, 8.020111, 19, 2, 18, 1
8660, -0.070381, 8.018509, 19, 2, 18, 1
8670, -0.071249, 8.016956, 18, 2, 17, 1
8680, -0.073602, 8.015332, 18, 2, 16, 2
8690, -0.075955, 8.013762, 18, 2, 16, 2
8700, -0.079427, 8.012126, 18, 2, 16, 2
8710, -0.082899, 8.010552, 20, 2, 16, 4
8720, -0.087240, 8.008924, 18, 2, 14, 4
8730, -0.093522, 8.007369, 19, 2, 14, 5
8740, -0.096331, 8.005770, 19, 2, 14, 5
8750, -0.098273, 8.004255, 19, 2, 14, 5
8760, -0.099918, 8.002712, 19, 2, 13, 6
8770, -0.104167, 8.001254, 19, 2, 12, 7
8780, -0.108416, 7.999771, 19, 2, 12, 7
8790, -0.112815, 7.998251, 20, 2, 12, 8
8800, -0.114611, 7.996720, 20, 2, 12, 8
8810, -0.118899, 7.995297, 21, 2, 11, 10
8820, -0.123065, 7.993877, 20, 2, 10, 10
8830, -0.127232, 7.992435, 20, 2, 10, 10
8840, -0.130580, 7.991002, 21, 2, 11, 10
8850, -0.132109, 7.989687, 23, 2, 12, 11
8860, -0.133637, 7.988385, 23, 2, 12, 11
8870, -0.136521, 7.987079, 24, 2, 14, 10
8880, -0.139549, 7.985781, 24, 2, 14, 10
8890, -0.144010, 7.984503, 25, 2, 15, 10
8900, -0.145262, 7.983237, 26, 2, 16, 10
8910, -0.146514, 7.982014, 26, 2, 16, 10
8920, -0.147710, 7.980935, 27, 2, 17, 10
8930, -0.150807, 7.979882, 25, 2, 16, 9
8940, -0.153412, 7.978842, 26, 2, 16, 10
8950, -0.154639, 7.977812, 26, 2, 16, 10
8960, -0.154147, 7.976810, 26, 2, 16, 10
8970, -0.154147, 7.975835, 26, 2, 16, 10
8980, -0.152764, 7.974905, 25, 2, 15, 10
8990, -0.153013, 7.974017, 23, 2, 14, 9
9000, -0.155016, 7.973179, 24, 3, 14, 9
9010, -0.157933, 7.972387, 25, 3, 14, 10
9020, -0.160889, 7.971647, 26, 3, 14, 10
9030, -0.162091, 7.970961, 26, 3, 14, 10
9040, -0.166567, 7.970332, 26, 3, 14, 9
9050, -0.169972, 7.969852, 26, 3, 13, 9
9060, -0.173718, 7.969434, 25, 3, 12, 9
9070, -0.176222, 7.969074, 24, 3, 12, 8
9080, -0.179127, 7.968780, 26, 3, 12, 9
9090, -0.181691, 7.968553, 26, 3, 12, 9
9100, -0.187767, 7.968395, 27, 4, 12, 8
9110, -0.190872, 7.968290, 26, 3, 12, 8
9120, -0.194454, 7.968270, 25, 3, 11, 8
9130, -0.196190, 7.968319, 25, 3, 11, 7
9140, -0.199896, 7.968432, 25, 3, 11, 7
9150, -0.202582, 7.968638, 24, 3, 10, 7
9160, -0.201781, 7.968929, 26, 3, 11, 8
9170, -0.203656, 7.969278, 25, 3, 10, 8
9180, -0.206803, 7.969705, 26, 3, 10, 9
9190, -0.210208, 7.970216, 26, 3, 10, 9
9200, -0.213141, 7.970804, 26, 3, 10, 9
9210, -0.216995, 7.971464, 25, 3, 10, 9
9220, -0.220849, 7.972273, 25, 3, 10, 9
9230, -0.223083, 7.973147, 27, 3, 11, 9
9240, -0.223665, 7.974069, 27, 3, 11, 9
9250, -0.225821, 7.975113, 26, 3, 11, 9
9260, -0.227393, 7.976195, 26, 3, 11, 9
9270, -0.228966, 7.977394, 26, 3, 11, 9
9280, -0.230480, 7.978609, 27, 3, 12, 9
9290, -0.231993, 7.979921, 27, 3, 12, 9
9300, -0.235984, 7.981422, 25, 3, 12, 8
9310, -0.238461, 7.983124, 25, 3, 12, 8
9320, -0.240938, 7.985164, 25, 3, 12, 8
9330, -0.239852, 7.987797, 26, 3, 12, 8
9340, -0.238766, 7.990771, 26, 3, 12, 8
9350, -0.237680, 7.993980, 26, 3, 12, 8
9360, -0.239287, 7.997441, 25, 3, 12, 8
9370, -0.240893, 8.000910, 25, 3, 12, 8
9380, -0.242500, 8.004361, 25, 3, 12, 8
9390, -0.243372, 8.007866, 24, 3, 12, 7
9400, -0.243168, 8.011474, 26, 3, 12, 8
9410, -0.242647, 8.015163, 25, 3, 11, 8
9420, -0.241254, 8.018943, 25, 3, 11, 8
9430, -0.242456, 8.022799, 26, 3, 12, 8
9440, -0.246414, 8.026727, 25, 3, 12, 8
9450, -0.249018, 8.030748, 25, 3, 11, 8
9460, -0.250104, 8.034837, 25, 3, 11, 8
9470, -0.250268, 8.038962, 26, 3, 12, 8
9480, -0.251486, 8.043123, 26, 3, 11, 9
9490, -0.252704, 8.047302, 26, 3, 11, 9
9500, -0.252404, 8.051506, 26, 3, 11, 9
9510, -0.250831, 8.055705, 27, 3, 11, 9
9520, -0.249930, 8.059890, 26, 3, 11, 8
9530, -0.248728, 8.064062, 26, 3, 10, 9
9540, -0.249099, 8.068215, 26, 3, 10, 9
9550, -0.248798, 8.072348, 26, 3, 10, 9
9560, -0.246595, 8.076453, 26, 3, 10, 9
9570, -0.243662, 8.080514, 25, 3, 10, 8
9580, -0.239626, 8.084527, 27, 3, 11, 8
9590, -0.237793, 8.088479, 27, 3, 11, 8
9600, -0.235117, 8.092380, 26, 3, 11, 8
9610, -0.232574, 8.096218, 25, 3, 11, 8
9620, -0.229199, 8.099995, 25, 3, 11, 8
9630, -0.226458, 8.103703, 25, 3, 12, 8
9640, -0.223455, 8.107343, 24, 3, 12, 8
9650, -0.217921, 8.110914, 24, 3, 12, 9
9660, -0.214379, 8.114402, 25, 3, 13, 9
9670, -0.211742, 8.117816, 26, 3, 14, 9
9680, -0.209063, 8.121161, 26, 3, 15, 10
9690, -0.205329, 8.124436, 26, 3, 15, 10
9700, -0.198818, 8.127639, 26, 2, 15, 11
9710, -0.197097, 8.130754, 27, 2, 16, 11
9720, -0.195795, 8.133983, 26, 2, 16, 10
9730, -0.197533, 8.137171, 28, 2, 17, 11
9740, -0.196472, 8.140320, 27, 2, 16, 11
9750, -0.194992, 8.143400, 27, 2, 16, 11
9760, -0.192152, 8.146427, 26, 2, 15, 11
9770, -0.190751, 8.149372, 25, 2, 14, 11
9780, -0.187424, 8.152262, 22, 2, 11, 11
9790, -0.183307, 8.155078, 20, 2, 11, 9
9800, -0.178962, 8.157843, 21, 2, 12, 9
9810, -0.173959, 8.160538, 19, 2, 12, 7
9820, -0.166099, 8.163172, 19, 3, 13, 5
9830, -0.159547, 8.165724, 18, 2, 14, 4
9840, -0.152009, 8.168081, 19, 3, 15, 3
9850, -0.143593, 8.170310, 20, 3, 17, 2
9860, -0.133292, 8.172498, 20, 2, 18, 2
9870, -0.126184, 8.174620, 22, 2, 19, 3
9880, -0.124669, 8.176718, 22, 2, 19, 3
9890, -0.125314, 8.178815, 23, 2, 20, 3
9900, -0.125953, 8.180925, 25, 2, 21, 4
9910, -0.123822, 8.183053, 25, 2, 20, 5
9920, -0.118902, 8.185178, 24, 2, 19, 5
9930, -0.110673, 8.187295, 25, 2, 19, 6
9940, -0.103962, 8.189374, 26, 2, 19, 7
9950, -0.096518, 8.191431, 25, 2, 18, 7
9960, -0.091314, 8.193470, 24, 2, 17, 7
9970, -0.084275, 8.195501, 25, 2, 17, 8
9980, -0.076359, 8.197525, 25, 2, 16, 9
9990, -0.068337, 8.199540, 26, 2, 16, 10
10000, -0.062882, 8.201548, 24, 2, 15, 9
10010, -0.054624, 8.203565, 18, 2, 10, 8
10020, -0.038404, 8.205577, 15, 2, 11, 4
10030, -0.018027, 8.207539, 15, 2, 12, 3
10040, 0.005823, 8.209422, 13, 2, 12, 1
10050, 0.020152, 8.211042, 13, 2, 12, 1
10060, 0.036558, 8.212528, 12, 1, 12, 0
10070, 0.046274, 8.213892, 12, 1, 12, 0
10080, 0.055990, 8.215090, 12, 1, 12, 0
10090, 0.059896, 8.216095, 11, 1, 11, 0
10100, 0.063802, 8.216867, 11, 1, 11, 0
10110, 0.070312, 8.217390, 9, 1, 9, 0
10120, 0.076823, 8.217678, 8, 1, 8, 0
10130, 0.083333, 8.217770, 8, 1, 8, 0
10140, 0.085565, 8.217901, 7, 2, 6, 1
10150, 0.086496, 8.218089, 7, 2, 6, 1
10160, 0.085193, 8.218299, 6, 2, 5, 1
10170, 0.090774, 8.218378, 5, 1, 5, 0
10180, 0.096354, 8.218444, 5, 1, 5, 0
10190, 0.100260, 8.218475, 6, 1, 6, 0
10200, 0.072700, 8.218555, 12, 2, 7, 5
10210, 0.041450, 8.218517, 14, 2, 7, 7
10220, 0.010583, 8.218374, 17, 2, 9, 8
10230, 0.006208, 8.218153, 19, 2, 10, 9
10240, 0.005712, 8.217901, 21, 2, 11, 10
10250, 0.006291, 8.217614, 23, 2, 12, 11
10260, 0.008279, 8.217299, 24, 2, 12, 12
10270, 0.008678, 8.216962, 27, 2, 14, 13
10280, 0.009018, 8.216609, 29, 1, 29, 0
10290, 0.007716, 8.216242, 29, 1, 29, 0
10300, 0.007812, 8.215866, 29, 1, 29, 0
10310, 0.007812, 8.215480, 29, 1, 29, 0
10320, 0.007812, 8.215079, 29, 1, 29, 0
10330, 0.007812, 8.214676, 29, 1, 29, 0
10340, 0.007812, 8.214273, 29, 1, 29, 0
10350, 0.007812, 8.213872, 29, 1, 29, 0
10360, 0.007812, 8.213472, 29, 1, 29, 0
10370, 0.006510, 8.213074, 28, 1, 28, 0
10380, 0.003906, 8.212651, 29, 1, 29, 0
10390, 0.001302, 8.212228, 29, 1, 29, 0
10400, 0.000000, 8.211782, 29, 1, 29, 0
10410, 0.000000, 8.211338, 29, 1, 29, 0
10420, 0.000000, 8.210898, 29, 1, 29, 0
10430, -0.001302, 8.210435, 28, 1, 28, 0
10440, -0.003906, 8.209948, 29, 1, 29, 0
10450, -0.006510, 8.209464, 29, 1, 29, 0
10460, -0.007812, 8.208954, 29, 1, 29, 0
10470, -0.007812, 8.208418, 29, 1, 29, 0
10480, -0.007812, 8.207858, 29, 1, 29, 0
10490, -0.009115, 8.207279, 28, 1, 28, 0
10500, -0.011719, 8.206679, 29, 1, 29, 0
10510, -0.014323, 8.206061, 29, 1, 29, 0
10520, -0.015625, 8.205424, 29, 1, 29, 0
10530, -0.015625, 8.204738, 27, 1, 27, 0
10540, -0.014323, 8.204011, 26, 1, 26, 0
10550, -0.011719, 8.203260, 25, 1, 25, 0
10560, -0.006510, 8.202490, 23, 1, 23, 0
10570, 0.000000, 8.201703, 21, 1, 21, 0
10580, 0.005208, 8.200898, 19, 1, 19, 0
10590, 0.010417, 8.200081, 17, 1, 17, 0
10600, 0.015625, 8.199249, 15, 1, 15, 0
10610, 0.020833, 8.198405, 13, 1, 13, 0
10620, 0.022135, 8.197547, 14, 1, 14, 0
10630, 0.020833, 8.196682, 14, 1, 14, 0
10640, 0.018229, 8.195810, 13, 1, 13, 0
10650, 0.012835, 8.194922, 14, 2, 13, 1
10660, 0.007440, 8.194028, 14, 2, 13, 1
10670, 0.000930, 8.193126, 14, 2, 13, 1
10680, -0.007836, 8.192220, 16, 2, 13, 3
10690, -0.016602, 8.191305, 16, 2, 13, 3
10700, -0.024674, 8.190389, 15, 2, 12, 3
10710, -0.029586, 8.189472, 17, 2, 13, 4
10720, -0.034498, 8.188439, 17, 2, 13, 4
10730, -0.042126, 8.187427, 17, 2, 12, 5
10740, -0.048228, 8.186438, 18, 2, 12, 6
10750, -0.054330, 8.185483, 18, 2, 12, 6
10760, -0.061024, 8.184555, 20, 2, 12, 8
10770, -0.066059, 8.183534, 20, 2, 12, 8
10780, -0.071949, 8.182550, 21, 2, 12, 9
10790, -0.076401, 8.181596, 21, 2, 11, 10
10800, -0.080853, 8.180684, 21, 2, 11, 10
10810, -0.084606, 8.179809, 23, 2, 12, 11
10820, -0.088248, 8.178870, 24, 2, 13, 11
10830, -0.091974, 8.177966, 25, 2, 14, 11
10840, -0.095518, 8.177106, 26, 2, 15, 11
10850, -0.098482, 8.176289, 26, 2, 16, 10
10860, -0.101062, 8.175404, 26, 2, 15, 11
10870, -0.103666, 8.174565, 26, 2, 15, 11
10880, -0.106270, 8.173780, 26, 2, 16, 10
10890, -0.109175, 8.172941, 26, 2, 16, 10
10900, -0.113493, 8.172156, 27, 2, 17, 10
10910, -0.116097, 8.171438, 26, 2, 16, 10
10920, -0.118701, 8.170668, 26, 2, 16, 10
10930, -0.121305, 8.169968, 27, 2, 17, 10
10940, -0.124210, 8.169337, 26, 2, 17, 9
10950, -0.127114, 8.168667, 26, 2, 17, 9
10960, -0.130008, 8.168070, 27, 2, 18, 9
10970, -0.132612, 8.167538, 26, 2, 17, 9
10980, -0.135216, 8.167002, 26, 2, 17, 9
10990, -0.137821, 8.166531, 27, 2, 18, 9
11000, -0.140725, 8.166147, 26, 2, 18, 8
11010, -0.142232, 8.165736, 25, 2, 17, 8
11020, -0.142666, 8.165405, 24, 2, 16, 8
11030, -0.142465, 8.165161, 24, 2, 16, 8
11040, -0.143663, 8.164989, 24, 2, 16, 8
11050, -0.144531, 8.164817, 24, 2, 16, 8
11060, -0.146060, 8.164713, 23, 2, 16, 7
11070, -0.148427, 8.164696, 22, 3, 14, 7
11080, -0.150795, 8.164749, 22, 3, 14, 7
11090, -0.152462, 8.164797, 22, 3, 14, 7
11100, -0.155133, 8.164921, 23, 3, 14, 7
11110, -0.157804, 8.165130, 23, 3, 14, 7
11120, -0.163604, 8.165420, 22, 3, 13, 6
11130, -0.167562, 8.165785, 22, 3, 13, 6
11140, -0.170619, 8.166223, 23, 3, 13, 7
11150, -0.173115, 8.166732, 23, 3, 13, 6
11160, -0.175611, 8.167312, 23, 3, 13, 6
11170, -0.178169, 8.167956, 22, 3, 12, 6
11180, -0.180882, 8.168666, 22, 3, 12, 5
11190, -0.184332, 8.169438, 21, 3, 11, 5
11200, -0.188681, 8.170280, 23, 3, 11, 6
11210, -0.191187, 8.171246, 24, 3, 11, 7
11220, -0.194643, 8.172273, 23, 3, 11, 7
11230, -0.198039, 8.173515, 23, 3, 11, 7
11240, -0.201403, 8.175066, 24, 3, 11, 8
11250, -0.204800, 8.176979, 23, 3, 11, 8
11260, -0.208197, 8.179226, 23, 3, 11, 8
11270, -0.209579, 8.181675, 23, 3, 10, 8
11280, -0.210895, 8.184265, 24, 3, 10, 9
11290, -0.213952, 8.186897, 23, 3, 10, 9
11300, -0.217349, 8.189621, 23, 3, 10, 9
11310, -0.220713, 8.192375, 24, 3, 10, 10
11320, -0.222010, 8.195104, 24, 3, 10, 9
11330, -0.225067, 8.197849, 23, 3, 10, 9
11340, -0.226501, 8.200636, 23, 3, 10, 9
11350, -0.229431, 8.203469, 24, 3, 10, 10
11360, -0.230275, 8.206365, 24, 3, 10, 9
11370, -0.231120, 8.209317, 24, 3, 10, 9
11380, -0.230794, 8.212327, 24, 3, 10, 9
11390, -0.232554, 8.215377, 23, 3, 10, 9
11400, -0.233861, 8.218485, 23, 3, 10, 9
11410, -0.233969, 8.221629, 24, 3, 10, 9
11420, -0.233177, 8.224802, 23, 3, 9, 9
11430, -0.234474, 8.227987, 24, 3, 10, 9
11440, -0.236970, 8.231187, 24, 3, 10, 9
11450, -0.238173, 8.234519, 24, 3, 10, 9
11460, -0.237739, 8.237839, 24, 3, 10, 9
11470, -0.237305, 8.241120, 24, 3, 10, 9
11480, -0.236871, 8.244364, 24, 3, 11, 8
11490, -0.234762, 8.247684, 23, 3, 11, 7
11500, -0.232653, 8.250720, 23, 3, 11, 7
11510, -0.230525, 8.253720, 23, 3, 12, 6
11520, -0.230072, 8.256896, 23, 3, 12, 6
11530, -0.228482, 8.260138, 22, 3, 12, 5
11540, -0.227345, 8.263446, 22, 3, 12, 5
11550, -0.225241, 8.266719, 24, 3, 13, 6
11560, -0.224274, 8.269751, 24, 3, 13, 6
11570, -0.220672, 8.272575, 21, 3, 12, 6
11580, -0.219035, 8.275139, 22, 3, 13, 6
11590, -0.217397, 8.277422, 22, 3, 13, 6
11600, -0.217921, 8.279382, 22, 3, 14, 6
11610, -0.215002, 8.281050, 24, 3, 14, 8
11620, -0.209798, 8.282434, 23, 2, 15, 8
11630, -0.205069, 8.283397, 23, 2, 15, 8
11640, -0.204201, 8.283987, 24, 2, 16, 8
11650, -0.204106, 8.284141, 25, 2, 16, 9
11660, -0.205421, 8.283688, 26, 2, 17, 9
11670, -0.205321, 8.283020, 26, 2, 17, 9
11680, -0.205829, 8.282147, 26, 2, 17, 9
11690, -0.204928, 8.281075, 26, 2, 17, 9
11700, -0.202324, 8.280313, 26, 2, 17, 9
11710, -0.199130, 8.279776, 27, 2, 17, 10
11720, -0.194522, 8.279000, 26, 2, 16, 10
11730, -0.190138, 8.277956, 27, 2, 16, 11
11740, -0.186120, 8.276635, 26, 2, 16, 10
11750, -0.182036, 8.275030, 27, 2, 16, 11
11760, -0.178448, 8.273132, 25, 2, 15, 10
11770, -0.172939, 8.270927, 26, 2, 15, 11
11780, -0.167441, 8.267351, 27, 2, 15, 12
11790, -0.160695, 8.262110, 21, 2, 11, 10
11800, -0.152542, 8.256929, 20, 2, 12, 8
11810, -0.142687, 8.252695, 17, 2, 11, 6
11820, -0.131541, 8.249091, 17, 2, 12, 5
11830, -0.117739, 8.245299, 15, 2, 12, 3
11840, -0.101490, 8.241292, 14, 2, 12, 2
11850, -0.078277, 8.237055, 13, 2, 12, 1
11860, -0.061870, 8.232547, 12, 1, 12, 0
11870, -0.048478, 8.227958, 12, 1, 12, 0
11880, -0.042969, 8.223111, 12, 1, 12, 0
11890, -0.036458, 8.218062, 13, 1, 13, 0
11900, -0.031250, 8.212814, 12, 1, 12, 0
11910, -0.038484, 8.207373, 18, 3, 12, 5
11920, -0.049240, 8.201815, 23, 3, 13, 9
11930, -0.058548, 8.196170, 27, 3, 15, 11
11940, -0.055938, 8.190428, 29, 3, 16, 12
11950, -0.048741, 8.184403, 30, 2, 29, 1
11960, -0.041691, 8.178085, 30, 2, 29, 1
11970, -0.035764, 8.171502, 29, 1, 29, 0
11980, -0.029601, 8.164692, 29, 1, 29, 0
11990, -0.022135, 8.157690, 30, 1, 30, 0
12000, -0.009847, 8.150523, 32, 2, 30, 2
12010, 0.001035, 8.143203, 28, 3, 24, 2
12020, 0.004349, 8.135580, 22, 3, 19, 2
12030, 0.003519, 8.127618, 15, 3, 11, 3
12040, 0.004096, 8.119330, 15, 3, 11, 3
12050, 0.015104, 8.110756, 16, 3, 10, 5
12060, 0.036589, 8.101890, 20, 3, 9, 8
12070, 0.058984, 8.092772, 23, 3, 11, 9
12080, 0.076136, 8.083411, 29, 3, 18, 8
12090, 0.084674, 8.073817, 28, 3, 18, 7
12100, 0.091040, 8.064005, 27, 3, 19, 6
12110, 0.095242, 8.054047, 25, 2, 20, 5
12120, 0.097832, 8.043979, 26, 2, 21, 5
12130, 0.103341, 8.033887, 25, 3, 20, 4
12140, 0.110819, 8.023785, 28, 3, 22, 5
12150, 0.118624, 8.013662, 25, 4, 16, 4
12160, 0.123311, 8.003500, 25, 4, 15, 5
12170, 0.130521, 7.993648, 25, 4, 15, 5
12180, 0.138750, 7.983791, 25, 4, 13, 7
12190, 0.150833, 7.973916, 25, 4, 12, 8
12200, 0.160907, 7.964347, 24, 4, 11, 8
12210, 0.169379, 7.955147, 24, 4, 11, 10
12220, 0.176512, 7.946341, 23, 3, 11, 10
12230, 0.182793, 7.938008, 25, 4, 13, 9
12240, 0.192446, 7.930230, 25, 3, 15, 8
12250, 0.200379, 7.923039, 28, 4, 12, 8
12260, 0.207507, 7.916468, 28, 4, 12, 8
12270, 0.212701, 7.910532, 29, 4, 12, 7
12280, 0.218109, 7.905174, 29, 4, 11, 7
12290, 0.224904, 7.900351, 30, 4, 10, 9
12300, 0.220960, 7.896031, 25, 3, 9, 9
12310, 0.219873, 7.892158, 27, 4, 11, 9
12320, 0.223194, 7.888706, 31, 4, 15, 9
12330, 0.232777, 7.885665, 25, 5, 9, 7
12340, 0.241535, 7.883045, 26, 5, 9, 7
12350, 0.245776, 7.880792, 27, 5, 9, 7
12360, 0.255768, 7.878888, 27, 5, 8, 7
12370, 0.264268, 7.877352, 28, 5, 9, 8
12380, 0.275820, 7.876176, 31, 5, 10, 9
12390, 0.288295, 7.875360, 29, 6, 11, 8
12400, 0.295922, 7.875131, 30, 6, 8, 8
12410, 0.301634, 7.881992, 29, 7, 8, 8
12420, 0.299687, 7.889161, 25, 5, 8, 7
12430, 0.300652, 7.896704, 27, 5, 8, 7
12440, 0.303835, 7.904744, 27, 6, 7, 7
12450, 0.312500, 7.913247, 27, 6, 7, 6
12460, 0.325951, 7.922195, 28, 5, 7, 7
12470, 0.328302, 7.931413, 24, 4, 7, 6
12480, 0.330218, 7.940944, 28, 4, 8, 8
12490, 0.328051, 7.950591, 27, 4, 8, 8
12500, 0.334477, 7.960432, 27, 4, 9, 8
12510, 0.335006, 7.970470, 26, 4, 7, 7
12520, 0.336179, 7.980650, 26, 4, 8, 7
12530, 0.337440, 7.990004, 26, 5, 8, 7
12540, 0.343722, 7.996614, 29, 5, 8, 8
12550, 0.345829, 8.001202, 27, 5, 7, 7
12560, 0.349969, 8.006091, 27, 5, 8, 7
12570, 0.353622, 8.011274, 31, 5, 8, 8
12580, 0.357811, 8.016699, 28, 5, 7, 7
12590, 0.361934, 8.022105, 28, 5, 8, 7
12600, 0.363580, 8.027491, 29, 5, 8, 7
12610, 0.366184, 8.032844, 28, 5, 7, 7
12620, 0.365719, 8.038217, 28, 5, 8, 7
12630, 0.368862, 8.043650, 29, 5, 8, 8
12640, 0.370536, 8.049180, 28, 5, 8, 7
12650, 0.372375, 8.054781, 27, 5, 8, 7
12660, 0.371173, 8.060445, 26, 5, 7, 7
12670, 0.372907, 8.066155, 25, 5, 7, 7
12680, 0.376524, 8.071931, 24, 5, 8, 6
12690, 0.379288, 8.077748, 25, 4, 8, 7
12700, 0.381163, 8.083572, 25, 4, 8, 7
12710, 0.381272, 8.089385, 24, 4, 8, 7
12720, 0.382856, 8.095180, 24, 4, 8, 7
12730, 0.384440, 8.100967, 24, 4, 8, 7
12740, 0.385673, 8.106732, 22, 4, 8, 6
12750, 0.387395, 8.112467, 23, 4, 9, 6
12760, 0.389117, 8.118165, 23, 4, 9, 6
12770, 0.389606, 8.123813, 23, 4, 9, 6
12780, 0.389719, 8.129396, 23, 5, 8, 6
12790, 0.391479, 8.134913, 22, 5, 8, 6
12800, 0.393239, 8.140364, 22, 5, 8, 6
12810, 0.394886, 8.145726, 22, 5, 8, 6
12820, 0.394886, 8.150985, 22, 5, 8, 6
12830, 0.394886, 8.156126, 22, 5, 8, 6
12840, 0.395164, 8.161159, 23, 5, 9, 6
12850, 0.394763, 8.166080, 23, 5, 9, 6
12860, 0.394361, 8.170883, 23, 5, 9, 6
12870, 0.393682, 8.175567, 23, 5, 9, 6
12880, 0.393682, 8.180129, 23, 5, 9, 6
12890, 0.393682, 8.184568, 23, 5, 9, 6
12900, 0.392167, 8.188874, 21, 5, 8, 6
12910, 0.390652, 8.193039, 21, 5, 8, 6
12920, 0.389137, 8.197074, 21, 5, 8, 6
12930, 0.389137, 8.201041, 21, 5, 8, 6
12940, 0.389137, 8.204936, 21, 5, 8, 6
12950, 0.389137, 8.208694, 21, 5, 8, 6
12960, 0.389137, 8.212309, 21, 5, 8, 6
12970, 0.389137, 8.215778, 21, 5, 8, 6
12980, 0.390462, 8.219098, 22, 5, 9, 6
12990, 0.391786, 8.222271, 22, 5, 9, 6
13000, 0.393111, 8.225289, 22, 5, 9, 6
13010, 0.391098, 8.228148, 22, 5, 8, 6
13020, 0.390625, 8.230844, 22, 5, 8, 6
13030, 0.390152, 8.233410, 22, 5, 8, 6
13040, 0.391690, 8.235842, 22, 5, 8, 6
13050, 0.389977, 8.238145, 23, 5, 8, 6
13060, 0.388263, 8.240302, 23, 5, 8, 6
13070, 0.386549, 8.242283, 23, 5, 8, 6
13080, 0.386549, 8.244150, 23, 5, 8, 6
13090, 0.384001, 8.245921, 24, 5, 7, 7
13100, 0.381454, 8.247592, 24, 5, 7, 7
13110, 0.377917, 8.249184, 25, 5, 7, 7
13120, 0.375413, 8.250707, 26, 5, 7, 7
13130, 0.372909, 8.252350, 26, 5, 7, 7
13140, 0.371394, 8.253963, 26, 5, 7, 7
13150, 0.370893, 8.255342, 26, 5, 7, 7
13160, 0.370393, 8.256486, 26, 5, 7, 7
13170, 0.370240, 8.257500, 25, 5, 7, 7
13180, 0.368760, 8.261232, 27, 5, 8, 7
13190, 0.367952, 8.262388, 28, 5, 8, 8
13200, 0.366795, 8.263676, 28, 5, 8, 8
13210, 0.365141, 8.264838, 28, 4, 8, 8
13220, 0.362816, 8.265907, 28, 4, 8, 8
13230, 0.360491, 8.266536, 28, 4, 8, 8
13240, 0.360491, 8.267257, 28, 4, 8, 8
13250, 0.358216, 8.268115, 26, 4, 8, 6
13260, 0.354275, 8.268977, 27, 5, 8, 6
13270, 0.348695, 8.277012, 25, 5, 7, 6
13280, 0.343887, 8.285865, 26, 5, 7, 6
13290, 0.338713, 8.291643, 28, 5, 8, 7
13300, 0.334855, 8.297407, 27, 5, 7, 7
13310, 0.328044, 8.303159, 26, 5, 7, 7
13320, 0.324538, 8.308867, 27, 5, 8, 7
13330, 0.318981, 8.314529, 26, 5, 8, 7
13340, 0.316252, 8.320122, 25, 4, 8, 7
13350, 0.312784, 8.325644, 28, 4, 9, 8
13360, 0.309490, 8.331082, 25, 4, 8, 6
13370, 0.306209, 8.336428, 24, 4, 8, 6
13380, 0.301962, 8.341675, 24, 4, 8, 6
13390, 0.299371, 8.346814, 24, 4, 9, 6
13400, 0.295109, 8.351851, 22, 4, 8, 7
13410, 0.292229, 8.356773, 22, 4, 8, 7
13420, 0.286582, 8.361591, 23, 4, 8, 8
13430, 0.281615, 8.366288, 23, 4, 8, 7
13440, 0.274683, 8.370868, 23, 4, 9, 6
13450, 0.268229, 8.375322, 23, 4, 9, 6
13460, 0.260842, 8.379654, 25, 4, 10, 7
13470, 0.252643, 8.383861, 24, 4, 11, 7
13480, 0.243812, 8.387943, 23, 4, 10, 7
13490, 0.237951, 8.391898, 23, 3, 10, 8
13500, 0.233845, 8.395741, 25, 3, 11, 8
13510, 0.229764, 8.399486, 25, 3, 9, 9
13520, 0.222292, 8.403132, 24, 3, 9, 8
13530, 0.214556, 8.406671, 23, 3, 10, 7
13540, 0.205745, 8.410100, 22, 3, 10, 8
13550, 0.201782, 8.413418, 23, 3, 11, 8
13560, 0.196084, 8.416652, 22, 3, 12, 8
13570, 0.193125, 8.419798, 21, 3, 12, 8
13580, 0.187238, 8.422874, 23, 2, 14, 9
13590, 0.183424, 8.425865, 23, 2, 14, 9
13600, 0.182971, 8.428868, 23, 2, 14, 9
13610, 0.183149, 8.431992, 21, 2, 12, 9
13620, 0.179458, 8.435050, 20, 3, 10, 9
13630, 0.169768, 8.438032, 19, 3, 9, 8
13640, 0.157696, 8.440908, 20, 3, 10, 7
13650, 0.146978, 8.443657, 19, 3, 11, 5
13660, 0.137383, 8.446294, 19, 3, 12, 4
13670, 0.127056, 8.448831, 19, 3, 13, 4
13680, 0.117462, 8.451274, 20, 3, 13, 5
13690, 0.110376, 8.453631, 20, 3, 14, 5
13700, 0.104688, 8.455918, 20, 2, 15, 5
13710, 0.100545, 8.458142, 22, 2, 16, 6
13720, 0.095551, 8.460322, 23, 2, 16, 7
13730, 0.091749, 8.462449, 25, 2, 17, 8
13740, 0.088948, 8.464536, 24, 2, 17, 7
13750, 0.084740, 8.466587, 24, 2, 16, 8
13760, 0.079427, 8.468597, 24, 2, 15, 9
13770, 0.070226, 8.470529, 25, 2, 15, 10
13780, 0.061545, 8.472321, 24, 2, 14, 10
13790, 0.053733, 8.474064, 20, 2, 10, 10
13800, 0.044796, 8.475764, 19, 2, 11, 8
13810, 0.036637, 8.477418, 20, 2, 12, 8
13820, 0.025786, 8.479035, 18, 2, 12, 6
13830, 0.013337, 8.480605, 17, 2, 13, 4
13840, -0.000041, 8.482118, 16, 2, 13, 3
13850, -0.013670, 8.483408, 15, 2, 13, 2
13860, -0.026139, 8.484650, 15, 2, 14, 1
13870, -0.036336, 8.485823, 17, 2, 16, 1
13880, -0.044409, 8.486836, 16, 1, 16, 0
13890, -0.050398, 8.487656, 16, 1, 16, 0
13900, -0.055990, 8.488229, 16, 1, 16, 0
13910, -0.061198, 8.488493, 14, 1, 14, 0
13920, -0.065104, 8.488460, 13, 1, 13, 0
13930, -0.071615, 8.488117, 13, 1, 13, 0
13940, -0.076823, 8.487453, 12, 1, 12, 0
13950, -0.082031, 8.486582, 11, 1, 11, 0
13960, -0.085938, 8.485531, 10, 1, 10, 0
13970, -0.088542, 8.484630, 10, 1, 10, 0
13980, -0.089844, 8.483748, 10, 1, 10, 0
13990, -0.089844, 8.482881, 10, 1, 10, 0
14000, -0.088542, 8.482012, 11, 1, 11, 0
14010, -0.087240, 8.481142, 11, 1, 11, 0
14020, -0.083333, 8.480170, 11, 1, 11, 0
14030, -0.079427, 8.479080, 12, 1, 12, 0
14040, -0.075521, 8.477920, 12, 1, 12, 0
14050, -0.057631, 8.476684, 23, 2, 13, 10
14060, -0.038100, 8.475358, 27, 1, 27, 0
14070, -0.015965, 8.474000, 27, 1, 27, 0
14080, -0.010417, 8.472592, 27, 1, 27, 0
14090, -0.007812, 8.471155, 27, 1, 27, 0
14100, -0.006510, 8.469706, 28, 1, 28, 0
14110, -0.005208, 8.468249, 28, 1, 28, 0
14120, -0.002604, 8.466806, 27, 1, 27, 0
14130, -0.001302, 8.465414, 27, 1, 27, 0
14140, 0.001302, 8.464041, 28, 1, 28, 0
14150, 0.003906, 8.462670, 27, 1, 27, 0
14160, 0.005208, 8.461315, 26, 1, 26, 0
14170, 0.005208, 8.459970, 26, 1, 26, 0
14180, 0.003906, 8.458648, 26, 1, 26, 0
14190, 0.003906, 8.457351, 24, 1, 24, 0
14200, 0.003906, 8.456081, 24, 1, 24, 0
14210, 0.003906, 8.454839, 24, 1, 24, 0
14220, 0.003906, 8.453625, 22, 1, 22, 0
14230, 0.003906, 8.452446, 22, 1, 22, 0
14240, 0.002604, 8.451340, 21, 1, 21, 0
14250, 0.002604, 8.450273, 20, 1, 20, 0
14260, 0.001302, 8.449223, 19, 1, 19, 0
14270, 0.002604, 8.448237, 18, 1, 18, 0
14280, 0.002604, 8.447273, 18, 1, 18, 0
14290, 0.005353, 8.446333, 18, 2, 17, 1
14300, 0.008187, 8.445456, 17, 2, 16, 1
14310, 0.012859, 8.444655, 17, 2, 15, 2
14320, 0.016085, 8.443874, 17, 2, 15, 2
14330, 0.021226, 8.443159, 16, 2, 13, 3
14340, 0.027200, 8.442514, 17, 2, 13, 4
14350, 0.034898, 8.441927, 16, 2, 12, 4
14360, 0.041969, 8.441354, 18, 2, 13, 5
14370, 0.046369, 8.440828, 18, 2, 13, 5
14380, 0.050773, 8.440369, 17, 2, 12, 5
14390, 0.056080, 8.439981, 19, 2, 12, 7
14400, 0.063169, 8.439659, 18, 2, 11, 7
14410, 0.070587, 8.439390, 19, 2, 11, 8
14420, 0.074191, 8.439235, 20, 2, 12, 8
14430, 0.078488, 8.439151, 20, 2, 11, 9
14440, 0.082509, 8.439314, 21, 2, 11, 10
14450, 0.086762, 8.439709, 21, 2, 11, 10
14460, 0.092290, 8.440287, 22, 2, 12, 10
14470, 0.095762, 8.440987, 24, 2, 13, 11
14480, 0.100754, 8.441763, 24, 2, 14, 10
14490, 0.103429, 8.442575, 25, 2, 15, 10
14500, 0.106467, 8.443402, 24, 2, 14, 10
14510, 0.110503, 8.444263, 25, 2, 15, 10
14520, 0.113108, 8.445172, 25, 2, 15, 10
14530, 0.117047, 8.446156, 26, 2, 16, 10
14540, 0.120172, 8.447117, 24, 2, 15, 9
14550, 0.122776, 8.448133, 25, 2, 15, 10
14560, 0.125381, 8.449311, 26, 2, 16, 10
14570, 0.127776, 8.450566, 25, 2, 16, 9
14580, 0.130901, 8.451885, 24, 2, 15, 9
14590, 0.133506, 8.453262, 26, 2, 16, 10
14600, 0.136110, 8.454690, 25, 2, 16, 9
14610, 0.138506, 8.456166, 25, 2, 16, 9
14620, 0.141667, 8.457685, 25, 2, 16, 9
14630, 0.144271, 8.459242, 25, 2, 16, 9
14640, 0.146875, 8.460835, 25, 2, 16, 9
14650, 0.149223, 8.462458, 26, 2, 17, 9
14660, 0.150633, 8.464108, 26, 2, 17, 9
14670, 0.153880, 8.465783, 24, 2, 16, 8
14680, 0.155716, 8.467477, 24, 2, 16, 8
14690, 0.156910, 8.469189, 25, 2, 16, 9
14700, 0.157678, 8.470913, 26, 2, 17, 9
14710, 0.158446, 8.472648, 26, 2, 17, 9
14720, 0.159856, 8.474389, 26, 2, 17, 9
14730, 0.161692, 8.476134, 24, 2, 16, 8
14740, 0.163528, 8.477876, 24, 2, 16, 8
14750, 0.166806, 8.479613, 25, 2, 17, 8
14760, 0.168247, 8.481341, 25, 2, 17, 8
14770, 0.169687, 8.483059, 25, 2, 17, 8
14780, 0.169687, 8.484764, 25, 2, 17, 8
14790, 0.169687, 8.486455, 25, 2, 17, 8
14800, 0.169687, 8.488128, 25, 2, 17, 8
14810, 0.169687, 8.489781, 25, 2, 17, 8
14820, 0.169687, 8.491465, 25, 2, 17, 8
14830, 0.169687, 8.493128, 25, 2, 17, 8
14840, 0.169687, 8.494763, 25, 2, 17, 8
14850, 0.169687, 8.496359, 25, 2, 17, 8
14860, 0.169687, 8.497932, 25, 2, 17, 8
14870, 0.169983, 8.499466, 24, 2, 16, 8
14880, 0.169983, 8.500966, 25, 2, 17, 8
14890, 0.170278, 8.502413, 24, 2, 16, 8
14900, 0.170278, 8.503753, 24, 2, 16, 8
14910, 0.170573, 8.504921, 24, 2, 16, 8
14920, 0.170573, 8.506049, 24, 2, 16, 8
14930, 0.170573, 8.507127, 24, 2, 16, 8
14940, 0.169082, 8.508157, 23, 2, 15, 8
14950, 0.167591, 8.509162, 23, 2, 15, 8
14960, 0.166101, 8.510113, 23, 2, 15, 8
14970, 0.164275, 8.510994, 25, 2, 16, 9
14980, 0.162450, 8.511821, 25, 2, 16, 9
14990, 0.159167, 8.512620, 24, 2, 15, 9
15000, 0.157708, 8.513359, 24, 2, 15, 9
15010, 0.156250, 8.514025, 24, 2, 15, 9
15020, 0.156250, 8.514674, 24, 2, 15, 9
15030, 0.151727, 8.515260, 19, 2, 10, 9
15040, 0.146374, 8.515826, 18, 2, 10, 8
15050, 0.139940, 8.516333, 17, 2, 10, 7
15060, 0.132907, 8.516790, 16, 2, 11, 5
15070, 0.123850, 8.517215, 15, 2, 11, 4
15080, 0.113357, 8.517678, 14, 2, 11, 3
15090, 0.104881, 8.518120, 13, 2, 11, 2
15100, 0.093650, 8.518498, 13, 2, 12, 1
15110, 0.079327, 8.518804, 11, 1, 11, 0
15120, 0.068109, 8.519031, 11, 1, 11, 0
15130, 0.062500, 8.519186, 11, 1, 11, 0
15140, 0.061198, 8.519265, 12, 1, 12, 0
15150, 0.059896, 8.519264, 12, 1, 12, 0
15160, 0.058594, 8.519177, 12, 1, 12, 0
15170, 0.057292, 8.519005, 13, 1, 13, 0
15180, 0.055990, 8.518179, 13, 1, 13, 0
15190, 0.069602, 8.517004, 22, 2, 13, 9
15200, 0.086529, 8.515825, 28, 1, 28, 0
15210, 0.103456, 8.515246, 28, 1, 28, 0
15220, 0.102865, 8.514664, 28, 1, 28, 0
15230, 0.100260, 8.514071, 28, 1, 28, 0
15240, 0.095052, 8.513433, 28, 1, 28, 0
15250, 0.092448, 8.512773, 28, 1, 28, 0
15260, 0.087240, 8.512092, 28, 1, 28, 0
15270, 0.083333, 8.511357, 27, 1, 27, 0
15280, 0.078125, 8.510599, 28, 1, 28, 0
15290, 0.074219, 8.509788, 27, 1, 27, 0
15300, 0.070312, 8.509018, 28, 1, 28, 0
15310, 0.066406, 8.508202, 27, 1, 27, 0
15320, 0.062500, 8.507392, 28, 1, 28, 0
15330, 0.058594, 8.506536, 27, 1, 27, 0
15340, 0.053385, 8.505696, 27, 1, 27, 0
15350, 0.049479, 8.504850, 27, 1, 27, 0
15360, 0.044271, 8.503969, 27, 1, 27, 0
15370, 0.040365, 8.503120, 28, 1, 28, 0
15380, 0.035156, 8.502242, 27, 1, 27, 0
15390, 0.029948, 8.501325, 27, 1, 27, 0
15400, 0.024740, 8.500382, 28, 1, 28, 0
15410, 0.017857, 8.499422, 28, 2, 27, 1
15420, 0.012649, 8.498455, 27, 1, 27, 0
15430, 0.007440, 8.497487, 28, 1, 28, 0
15440, 0.003906, 8.496524, 27, 1, 27, 0
15450, -0.001302, 8.495574, 27, 1, 27, 0
15460, -0.006510, 8.494622, 28, 1, 28, 0
15470, -0.011719, 8.493598, 27, 1, 27, 0
15480, -0.016927, 8.492519, 27, 1, 27, 0
15490, -0.020833, 8.491392, 27, 1, 27, 0
15500, -0.026042, 8.490235, 27, 1, 27, 0
15510, -0.028646, 8.489059, 27, 1, 27, 0
15520, -0.033854, 8.487901, 27, 1, 27, 0
15530, -0.035156, 8.486753, 26, 1, 26, 0
15540, -0.036458, 8.485626, 24, 1, 24, 0
15550, -0.033854, 8.484500, 23, 1, 23, 0
15560, -0.033854, 8.483261, 22, 1, 22, 0
15570, -0.032552, 8.482037, 21, 1, 21, 0
15580, -0.032552, 8.480820, 19, 1, 19, 0
15590, -0.031250, 8.479640, 19, 1, 19, 0
15600, -0.034951, 8.478484, 19, 2, 18, 1
15610, -0.038934, 8.477353, 17, 2, 16, 1
15620, -0.045444, 8.476121, 18, 2, 16, 2
15630, -0.049709, 8.474915, 17, 2, 15, 2
15640, -0.056143, 8.473737, 18, 2, 15, 3
15650, -0.061581, 8.472600, 17, 2, 14, 3
15660, -0.067938, 8.471395, 18, 2, 14, 4
15670, -0.073453, 8.470227, 17, 2, 13, 4
15680, -0.079733, 8.469112, 18, 2, 13, 5
15690, -0.085010, 8.468044, 19, 2, 13, 6
15700, -0.092379, 8.466912, 19, 2, 12, 7
15710, -0.097451, 8.465822, 19, 2, 12, 7
15720, -0.101151, 8.464796, 19, 2, 12, 7
15730, -0.104674, 8.463827, 20, 2, 12, 8
15740, -0.108196, 8.462811, 20, 2, 12, 8
15750, -0.113542, 8.461859, 21, 2, 12, 9
15760, -0.117057, 8.460880, 20, 2, 11, 9
15770, -0.122352, 8.459975, 21, 2, 11, 10
15780, -0.125976, 8.459164, 23, 2, 12, 11
15790, -0.129491, 8.458313, 22, 2, 11, 11
15800, -0.132812, 8.457554, 23, 2, 12, 11
15810, -0.136134, 8.456763, 24, 2, 13, 11
15820, -0.140908, 8.456076, 24, 2, 14, 10
15830, -0.143698, 8.455369, 25, 2, 14, 11
15840, -0.147821, 8.454774, 24, 2, 14, 10
15850, -0.150339, 8.454169, 25, 2, 15, 10
15860, -0.153255, 8.453676, 25, 2, 15, 10
15870, -0.157604, 8.453186, 25, 2, 16, 9
15880, -0.160521, 8.452805, 25, 2, 16, 9
15890, -0.163125, 8.452432, 25, 2, 15, 10
15900, -0.164310, 8.452166, 24, 2, 15, 9
15910, -0.165495, 8.451916, 24, 2, 15, 9
15920, -0.166992, 8.451771, 24, 2, 15, 9
15930, -0.168507, 8.451807, 23, 2, 15, 8
15940, -0.170021, 8.451859, 23, 2, 15, 8
15950, -0.170284, 8.452004, 21, 2, 13, 8
15960, -0.170026, 8.452165, 21, 2, 13, 8
15970, -0.171678, 8.452431, 22, 3, 13, 8
15980, -0.176142, 8.452803, 21, 3, 13, 7
15990, -0.179614, 8.453173, 21, 3, 13, 7
16000, -0.183047, 8.453631, 22, 3, 13, 7
16010, -0.186978, 8.454089, 20, 3, 12, 6
16020, -0.190909, 8.454643, 20, 3, 12, 6
16030, -0.193987, 8.455299, 22, 3, 12, 7
16040, -0.195005, 8.455961, 22, 3, 12, 7
16050, -0.197646, 8.456719, 21, 3, 12, 6
16060, -0.200262, 8.457575, 21, 3, 11, 6
16070, -0.202877, 8.458522, 21, 3, 11, 6
16080, -0.206225, 8.459461, 19, 3, 10, 5
16090, -0.210534, 8.460502, 20, 3, 10, 5
16100, -0.213759, 8.461631, 21, 3, 10, 6
16110, -0.214627, 8.462864, 21, 3, 10, 6
16120, -0.217138, 8.464069, 21, 3, 10, 6
16130, -0.220734, 8.465371, 21, 3, 10, 6
16140, -0.225570, 8.466788, 21, 3, 10, 6
16150, -0.225723, 8.468315, 22, 3, 10, 6
16160, -0.229308, 8.469919, 22, 3, 10, 7
16170, -0.231652, 8.471527, 22, 3, 10, 7
16180, -0.235085, 8.473212, 22, 3, 10, 7
16190, -0.235085, 8.474989, 22, 3, 10, 7
16200, -0.236773, 8.476837, 23, 3, 10, 8
16210, -0.241125, 8.478759, 21, 3, 9, 8
16220, -0.244203, 8.480748, 22, 3, 9, 8
16230, -0.245592, 8.482891, 22, 3, 9, 8
16240, -0.244318, 8.485311, 22, 3, 9, 8
16250, -0.245986, 8.488104, 23, 3, 9, 9
16260, -0.247653, 8.491240, 23, 3, 9, 9
16270, -0.251086, 8.494743, 22, 3, 9, 9
16280, -0.252851, 8.498360, 22, 3, 9, 9
16290, -0.254616, 8.501975, 22, 3, 9, 9
16300, -0.254616, 8.505564, 22, 3, 9, 9
16310, -0.255908, 8.509111, 23, 3, 10, 8
16320, -0.257200, 8.512759, 23, 3, 10, 8
16330, -0.258492, 8.516403, 23, 3, 10, 8
16340, -0.258039, 8.520175, 23, 3, 9, 9
16350, -0.257586, 8.524069, 23, 3, 9, 9
16360, -0.257133, 8.528063, 23, 3, 9, 9
16370, -0.258543, 8.532138, 22, 3, 9, 8
16380, -0.259953, 8.536280, 22, 3, 9, 8
16390, -0.260890, 8.540458, 22, 3, 9, 8
16400, -0.258687, 8.544675, 23, 3, 9, 8
16410, -0.256485, 8.548903, 23, 3, 9, 8
16420, -0.254755, 8.553123, 23, 3, 9, 8
16430, -0.254755, 8.557341, 23, 3, 9, 8
16440, -0.254303, 8.561550, 23, 3, 10, 7
16450, -0.252126, 8.565754, 22, 3, 10, 6
16460, -0.249949, 8.569928, 22, 3, 10, 6
16470, -0.248224, 8.574077, 22, 3, 10, 6
16480, -0.247080, 8.578189, 21, 3, 10, 6
16490, -0.244955, 8.582264, 23, 3, 11, 7
16500, -0.241048, 8.586304, 22, 3, 11, 7
16510, -0.238286, 8.590283, 22, 3, 11, 7
16520, -0.236506, 8.594205, 22, 3, 11, 7
16530, -0.235535, 8.598076, 20, 3, 11, 6
16540, -0.232345, 8.601896, 21, 3, 12, 7
16550, -0.229154, 8.605653, 21, 3, 12, 7
16560, -0.224702, 8.609345, 21, 3, 13, 7
16570, -0.222201, 8.612965, 23, 3, 14, 8
16580, -0.217934, 8.616520, 22, 2, 14, 8
16590, -0.215899, 8.620003, 22, 2, 14, 8
16600, -0.214045, 8.623424, 24, 2, 15, 9
16610, -0.213956, 8.626782, 24, 2, 15, 9
16620, -0.213867, 8.630085, 24, 2, 15, 9
16630, -0.213792, 8.633335, 26, 2, 16, 10
16640, -0.212816, 8.636569, 24, 2, 15, 9
16650, -0.210276, 8.639901, 25, 2, 15, 10
16660, -0.206337, 8.643156, 24, 2, 14, 10
16670, -0.201753, 8.646335, 25, 2, 14, 11
16680, -0.197089, 8.649429, 23, 2, 12, 11
16690, -0.189710, 8.652448, 21, 2, 12, 9
16700, -0.183877, 8.655377, 21, 2, 12, 9
16710, -0.176946, 8.658231, 19, 2, 12, 7
16720, -0.174205, 8.661011, 19, 2, 12, 7
16730, -0.168078, 8.663733, 17, 2, 12, 5
16740, -0.162700, 8.666382, 17, 2, 13, 4
16750, -0.156097, 8.668972, 17, 2, 14, 3
16760, -0.150506, 8.671493, 16, 2, 14, 2
16770, -0.145604, 8.673930, 16, 2, 15, 1
16780, -0.140625, 8.676144, 16, 1, 16, 0
16790, -0.139323, 8.678327, 17, 1, 17, 0
16800, -0.140625, 8.680498, 18, 1, 18, 0
16810, -0.144531, 8.682669, 19, 1, 19, 0
16820, -0.148438, 8.684848, 20, 1, 20, 0
16830, -0.148872, 8.687043, 21, 2, 20, 1
16840, -0.146658, 8.689234, 20, 2, 19, 1
16850, -0.139627, 8.691421, 20, 2, 18, 2
16860, -0.131250, 8.693559, 20, 2, 17, 3
16870, -0.120071, 8.695656, 21, 2, 17, 4
16880, -0.112407, 8.697688, 21, 2, 17, 4
16890, -0.104911, 8.699700, 21, 2, 16, 5
16900, -0.099423, 8.701690, 20, 2, 15, 5
16910, -0.090123, 8.703682, 21, 2, 15, 6
16920, -0.084170, 8.705650, 21, 2, 15, 6
16930, -0.077009, 8.707622, 21, 2, 14, 7
16940, -0.070371, 8.709588, 19, 3, 9, 7
16950, -0.056792, 8.711554, 14, 2, 8, 6
16960, -0.038800, 8.713480, 11, 2, 8, 3
16970, -0.021907, 8.715338, 12, 2, 9, 3
16980, -0.005859, 8.717134, 11, 2, 9, 2
16990, 0.013909, 8.718873, 10, 1, 10, 0
17000, 0.032789, 8.720310, 9, 1, 9, 0
17010, 0.048177, 8.721393, 9, 1, 9, 0
17020, 0.054688, 8.722170, 7, 1, 7, 0
17030, 0.055013, 8.722686, 8, 2, 7, 1
17040, 0.052843, 8.723011, 6, 2, 5, 1
17050, 0.041775, 8.723214, 8, 3, 5, 2
17060, 0.029545, 8.723382, 7, 3, 3, 2
17070, 0.021949, 8.723542, 4, 2, 3, 1
17080, 0.012184, 8.723666, 3, 1, 3, 0
17090, 0.009766, 8.723855, 2, 1, 2, 0
17100, 0.003906, 8.724083, 1, 1, 1, 0
17110, 99999.990000, 8.724172, 0, 1, 0, 0
17120, 99999.990000, 8.724026, 0, 1, 0, 0
17130, 99999.990000, 8.723727, 0, 1, 0, 0
17140, 99999.990000, 8.723332, 0, 1, 0, 0
17150, 99999.990000, 8.722876, 0, 1, 0, 0
17160, 99999.990000, 8.722426, 0, 1, 0, 0
17170, 99999.990000, 8.721956, 0, 1, 0, 0
17180, 0.016493, 8.721457, 3, 2, 2, 1
17190, 0.026910, 8.720930, 9, 2, 5, 4
17200, 0.034722, 8.720377, 12, 2, 6, 6
17210, 0.027083, 8.719796, 15, 2, 8, 7
17220, 0.024479, 8.719189, 18, 2, 9, 9
17230, 0.024479, 8.718562, 20, 2, 10, 10
17240, 0.023438, 8.717919, 22, 2, 11, 11
17250, 0.023664, 8.717262, 23, 2, 12, 11
17260, 0.023664, 8.716587, 24, 2, 12, 12
17270, 0.023664, 8.715898, 26, 2, 13, 13
17280, 0.023438, 8.715201, 27, 1, 27, 0
17290, 0.022135, 8.714496, 26, 1, 26, 0
17300, 0.020833, 8.713757, 26, 1, 26, 0
17310, 0.019531, 8.713011, 26, 1, 26, 0
17320, 0.019531, 8.712261, 26, 1, 26, 0
17330, 0.019531, 8.711484, 26, 1, 26, 0
17340, 0.018229, 8.710706, 27, 1, 27, 0
17350, 0.016927, 8.709901, 27, 1, 27, 0
17360, 0.015625, 8.709096, 27, 1, 27, 0
17370, 0.015625, 8.708261, 27, 1, 27, 0
17380, 0.015625, 8.707397, 27, 1, 27, 0
17390, 0.014323, 8.706534, 26, 1, 26, 0
17400, 0.013021, 8.705642, 26, 1, 26, 0
17410, 0.011719, 8.704718, 26, 1, 26, 0
17420, 0.010417, 8.703764, 27, 1, 27, 0
17430, 0.009115, 8.702779, 26, 2, 13, 13
17440, 0.011127, 8.701764, 22, 2, 13, 9
17450, 0.017714, 8.700721, 17, 2, 12, 5
17460, 0.034641, 8.699652, 12, 1, 12, 0
17470, 0.048254, 8.698563, 12, 1, 12, 0
17480, 0.058594, 8.697457, 12, 1, 12, 0
17490, 0.057292, 8.696307, 11, 1, 11, 0
17500, 0.055990, 8.695112, 11, 1, 11, 0
17510, 0.054688, 8.693886, 11, 1, 11, 0
17520, 0.053385, 8.692628, 10, 1, 10, 0
17530, 0.052083, 8.691335, 10, 1, 10, 0
17540, 0.049479, 8.690016, 11, 1, 11, 0
17550, 0.046875, 8.688672, 10, 1, 10, 0
17560, 0.044271, 8.687301, 10, 1, 10, 0
17570, 0.042969, 8.685909, 10, 1, 10, 0
17580, 0.040365, 8.684492, 10, 1, 10, 0
17590, 0.037760, 8.682931, 10, 1, 10, 0
17600, 0.035156, 8.681364, 10, 1, 10, 0
17610, 0.033854, 8.679806, 9, 1, 9, 0
17620, 0.022135, 8.678268, 12, 2, 10, 2
17630, 0.010417, 8.676740, 12, 2, 10, 2
17640, -0.001894, 8.675090, 11, 2, 9, 2
17650, -0.007703, 8.673449, 13, 2, 10, 3
17660, -0.015516, 8.671822, 12, 2, 9, 3
17670, -0.024038, 8.670090, 13, 2, 9, 4
17680, -0.031622, 8.668387, 14, 2, 9, 5
17690, -0.040476, 8.666715, 15, 2, 9, 6
17700, -0.049102, 8.664954, 16, 2, 9, 7
17710, -0.055777, 8.663231, 17, 2, 9, 8
17720, -0.061246, 8.661545, 16, 2, 8, 8
17730, -0.066189, 8.659776, 19, 2, 10, 9
17740, -0.070470, 8.658050, 20, 2, 11, 9
17750, -0.074495, 8.656244, 22, 2, 14, 8
17760, -0.078326, 8.654491, 22, 2, 14, 8
17770, -0.081795, 8.652671, 22, 2, 14, 8
17780, -0.084399, 8.650930, 22, 2, 14, 8
17790, -0.086812, 8.649136, 23, 2, 15, 8
17800, -0.089226, 8.647281, 23, 2, 15, 8
17810, -0.092580, 8.645504, 21, 2, 14, 7
17820, -0.095966, 8.643682, 22, 2, 15, 7
17830, -0.099353, 8.641822, 22, 2, 15, 7
17840, -0.103127, 8.640049, 23, 2, 16, 7
17850, -0.105402, 8.638250, 23, 2, 16, 7
17860, -0.107677, 8.636427, 23, 2, 16, 7
17870, -0.111202, 8.634694, 22, 2, 16, 6
17880, -0.114727, 8.632948, 22, 2, 16, 6
17890, -0.117332, 8.631174, 23, 2, 16, 7
17900, -0.119467, 8.629403, 23, 2, 17, 6
17910, -0.121603, 8.627727, 23, 2, 17, 6
17920, -0.126076, 8.626053, 24, 2, 18, 6
17930, -0.128297, 8.624369, 21, 2, 16, 5
17940, -0.130518, 8.622694, 21, 2, 16, 5
17950, -0.130282, 8.621034, 22, 2, 16, 6
17960, -0.130902, 8.619400, 21, 2, 16, 5
17970, -0.132514, 8.617807, 21, 3, 15, 5
17980, -0.135065, 8.616242, 18, 2, 14, 4
17990, -0.135954, 8.614720, 18, 2, 14, 4
18000, -0.135851, 8.613236, 18, 2, 14, 4
18010, -0.138402, 8.611805, 19, 3, 14, 4
18020, -0.140952, 8.610429, 19, 3, 14, 4
18030, -0.144326, 8.609111, 19, 3, 13, 4
18040, -0.146983, 8.607855, 18, 3, 13, 3
18050, -0.150466, 8.606644, 17, 3, 12, 3
18060, -0.155195, 8.605491, 18, 3, 12, 3
18070, -0.158522, 8.604386, 18, 3, 12, 3
18080, -0.161024, 8.603346, 18, 3, 12, 3
18090, -0.162760, 8.602448, 18, 3, 11, 4
18100, -0.166079, 8.601634, 17, 3, 11, 4
18110, -0.172567, 8.600974, 19, 3, 11, 6
18120, -0.177753, 8.600365, 19, 3, 11, 6
18130, -0.184340, 8.599788, 17, 3, 10, 6
18140, -0.187629, 8.599241, 19, 3, 10, 7
18150, -0.190835, 8.598731, 18, 3, 9, 7
18160, -0.190622, 8.598362, 18, 3, 9, 7
18170, -0.195145, 8.598049, 19, 3, 9, 9
18180, -0.199752, 8.597769, 19, 3, 9, 9
18190, -0.204359, 8.597607, 19, 3, 9, 9
18200, -0.208196, 8.597470, 19, 2, 10, 9
18210, -0.212034, 8.597350, 19, 2, 10, 9
18220, -0.215323, 8.597359, 19, 3, 10, 8
18230, -0.214775, 8.597395, 19, 3, 10, 8
18240, -0.218078, 8.597555, 20, 2, 12, 8
18250, -0.221930, 8.597735, 20, 2, 12, 8
18260, -0.225781, 8.598022, 20, 2, 12, 8
18270, -0.227282, 8.598328, 21, 2, 13, 8
18280, -0.228782, 8.598735, 21, 2, 13, 8
18290, -0.229753, 8.599161, 22, 2, 13, 9
18300, -0.229223, 8.599681, 22, 2, 13, 9
18310, -0.230215, 8.600220, 21, 2, 13, 8
18320, -0.231737, 8.600850, 21, 2, 13, 8
18330, -0.231647, 8.601486, 21, 2, 13, 8
18340, -0.230035, 8.602212, 21, 2, 13, 8
18350, -0.228423, 8.603162, 21, 2, 13, 8
18360, -0.228423, 8.604497, 21, 2, 13, 8
18370, -0.228584, 8.606277, 20, 2, 12, 8
18380, -0.228745, 8.608447, 20, 2, 12, 8
18390, -0.228906, 8.610900, 20, 2, 12, 8
18400, -0.230729, 8.613512, 21, 3, 12, 8
18410, -0.232552, 8.616309, 21, 3, 12, 8
18420, -0.234375, 8.619089, 21, 3, 12, 8
18430, -0.233902, 8.621742, 22, 3, 12, 9
18440, -0.234894, 8.624377, 21, 3, 12, 8
18450, -0.237616, 8.627182, 22, 3, 12, 8
18460, -0.240812, 8.630035, 22, 3, 12, 8
18470, -0.242796, 8.632925, 21, 3, 11, 8
18480, -0.243050, 8.635998, 21, 3, 11, 8
18490, -0.243206, 8.639097, 19, 3, 11, 7
18500, -0.243826, 8.642346, 21, 3, 12, 8
18510, -0.244446, 8.645605, 21, 3, 12, 8
18520, -0.245164, 8.648987, 21, 3, 12, 8
18530, -0.245164, 8.652478, 21, 3, 12, 8
18540, -0.245344, 8.656051, 20, 3, 11, 8
18550, -0.245133, 8.659682, 20, 2, 12, 8
18560, -0.244922, 8.663350, 20, 2, 12, 8
18570, -0.246080, 8.667026, 19, 2, 12, 7
18580, -0.247122, 8.670720, 20, 2, 12, 8
18590, -0.249565, 8.674423, 21, 2, 13, 8
18600, -0.250459, 8.678122, 21, 2, 13, 8
18610, -0.252021, 8.681815, 20, 2, 12, 8
18620, -0.253633, 8.685488, 21, 2, 13, 8
18630, -0.255246, 8.689148, 21, 2, 13, 8
18640, -0.253281, 8.692780, 22, 3, 12, 9
18650, -0.251792, 8.696365, 21, 2, 12, 9
18660, -0.248779, 8.699906, 20, 2, 11, 9
18670, -0.249182, 8.703394, 20, 2, 11, 9
18680, -0.245696, 8.706846, 19, 3, 10, 8
18690, -0.244333, 8.710240, 17, 2, 9, 8
18700, -0.241208, 8.713584, 18, 2, 9, 9
18710, -0.237781, 8.716868, 19, 3, 9, 9
18720, -0.231969, 8.720090, 18, 3, 9, 8
18730, -0.230207, 8.723237, 17, 2, 9, 8
18740, -0.224946, 8.726327, 18, 3, 10, 7
18750, -0.221473, 8.729344, 18, 3, 10, 7
18760, -0.217050, 8.732295, 16, 2, 10, 6
18770, -0.213831, 8.735177, 16, 3, 10, 5
18780, -0.209491, 8.737995, 18, 3, 12, 5
18790, -0.199761, 8.740782, 18, 3, 12, 4
18800, -0.196487, 8.743617, 17, 3, 12, 4
18810, -0.192237, 8.746396, 16, 3, 12, 3
18820, -0.188927, 8.749085, 17, 3, 13, 2
18830, -0.180501, 8.751722, 17, 3, 14, 2
18840, -0.173866, 8.754265, 17, 3, 14, 2
18850, -0.169424, 8.756729, 17, 2, 15, 2
18860, -0.166258, 8.759132, 18, 2, 15, 3
18870, -0.164815, 8.761467, 19, 2, 16, 3
18880, -0.162441, 8.763768, 20, 2, 16, 4
18890, -0.163433, 8.766004, 21, 2, 17, 4
18900, -0.161227, 8.768221, 22, 2, 17, 5
18910, -0.159133, 8.770394, 23, 2, 17, 6
18920, -0.154747, 8.772518, 22, 2, 17, 5
18930, -0.148947, 8.774400, 22, 2, 16, 6
18940, -0.144886, 8.776231, 22, 2, 16, 6
18950, -0.138494, 8.778045, 22, 2, 15, 7
18960, -0.132102, 8.779820, 22, 2, 14, 8
18970, -0.124183, 8.781551, 21, 2, 13, 8
18980, -0.117518, 8.783228, 20, 2, 11, 9
18990, -0.109232, 8.784887, 18, 2, 10, 8
19000, -0.099219, 8.786516, 16, 2, 10, 6
19010, -0.087891, 8.788111, 15, 2, 10, 5
19020, -0.074312, 8.789651, 14, 2, 11, 3
19030, -0.060640, 8.791132, 13, 2, 11, 2
19040, -0.048549, 8.792558, 14, 2, 12, 2
19050, -0.034784, 8.793940, 13, 1, 13, 0
19060, -0.023065, 8.795280, 12, 1, 12, 0
19070, -0.011719, 8.796585, 13, 1, 13, 0
19080, -0.010417, 8.797856, 16, 1, 16, 0
19090, -0.013021, 8.799153, 18, 1, 18, 0
19100, -0.018229, 8.800498, 21, 1, 21, 0
19110, -0.023438, 8.801910, 24, 1, 24, 0
19120, -0.028646, 8.803383, 26, 1, 26, 0
19130, -0.029948, 8.804909, 26, 1, 26, 0
19140, -0.028646, 8.806463, 27, 1, 27, 0
19150, -0.023438, 8.808025, 26, 1, 26, 0
19160, -0.018229, 8.809576, 26, 1, 26, 0
19170, -0.011719, 8.811113, 26, 1, 26, 0
19180, -0.005208, 8.812636, 27, 1, 27, 0
19190, 0.000000, 8.814152, 26, 1, 26, 0
19200, 0.005208, 8.815404, 26, 1, 26, 0
19210, 0.011719, 8.816348, 26, 1, 26, 0
19220, 0.016927, 8.817058, 26, 1, 26, 0
19230, 0.022135, 8.817565, 26, 1, 26, 0
19240, 0.024740, 8.817870, 26, 1, 26, 0
19250, 0.029948, 8.817987, 26, 1, 26, 0
19260, 0.032552, 8.817937, 26, 1, 26, 0
19270, 0.036458, 8.817765, 27, 1, 27, 0
19280, 0.039062, 8.817604, 26, 1, 26, 0
19290, 0.041667, 8.817469, 26, 1, 26, 0
19300, 0.042969, 8.817378, 26, 1, 26, 0
19310, 0.042969, 8.817200, 26, 1, 26, 0
19320, 0.044271, 8.816922, 27, 1, 27, 0
19330, 0.045573, 8.816562, 27, 1, 27, 0
19340, 0.048177, 8.816117, 26, 1, 26, 0
19350, 0.049479, 8.815599, 26, 1, 26, 0
19360, 0.050781, 8.815041, 26, 1, 26, 0
19370, 0.050781, 8.814462, 26, 1, 26, 0
19380, 0.050781, 8.813828, 26, 1, 26, 0
19390, 0.050781, 8.813145, 26, 1, 26, 0
19400, 0.050781, 8.812421, 26, 1, 26, 0
19410, 0.050781, 8.811660, 26, 1, 26, 0
19420, 0.050781, 8.810867, 26, 1, 26, 0
19430, 0.050781, 8.810045, 26, 1, 26, 0
19440, 0.050781, 8.809198, 26, 1, 26, 0
19450, 0.050781, 8.808316, 26, 1, 26, 0
19460, 0.049479, 8.807417, 27, 1, 27, 0
19470, 0.048177, 8.806502, 27, 1, 27, 0
19480, 0.045573, 8.805572, 26, 1, 26, 0
19490, 0.044271, 8.804630, 26, 1, 26, 0
19500, 0.042969, 8.803676, 26, 1, 26, 0
19510, 0.042969, 8.802682, 26, 1, 26, 0
19520, 0.042969, 8.801681, 26, 1, 26, 0
19530, 0.042969, 8.800676, 26, 1, 26, 0
19540, 0.040365, 8.799670, 26, 1, 26, 0
19550, 0.037760, 8.798631, 26, 1, 26, 0
19560, 0.035156, 8.797590, 26, 1, 26, 0
19570, 0.035156, 8.796549, 26, 1, 26, 0
19580, 0.035156, 8.795470, 26, 1, 26, 0
19590, 0.032552, 8.794387, 26, 1, 26, 0
19600, 0.029948, 8.793270, 26, 1, 26, 0
19610, 0.027344, 8.792152, 26, 1, 26, 0
19620, 0.027344, 8.791035, 26, 1, 26, 0
19630, 0.024740, 8.789882, 26, 1, 26, 0
19640, 0.022135, 8.788728, 26, 1, 26, 0
19650, 0.019531, 8.787537, 26, 1, 26, 0
19660, 0.019531, 8.786342, 26, 1, 26, 0
19670, 0.016927, 8.785107, 26, 1, 26, 0
19680, 0.014323, 8.783822, 26, 1, 26, 0
19690, 0.011719, 8.782540, 26, 1, 26, 0
19700, 0.010417, 8.781227, 25, 1, 25, 0
19710, 0.007812, 8.779880, 26, 1, 26, 0
19720, 0.005208, 8.778541, 26, 1, 26, 0
19730, 0.003906, 8.777172, 26, 1, 26, 0
19740, 0.001302, 8.775776, 26, 1, 26, 0
19750, -0.001302, 8.774391, 26, 1, 26, 0
19760, -0.003906, 8.772982, 26, 1, 26, 0
19770, -0.006510, 8.771543, 26, 1, 26, 0
19780, -0.009115, 8.770083, 26, 1, 26, 0
19790, -0.011719, 8.768604, 26, 1, 26, 0
19800, -0.014323, 8.767114, 26, 1, 26, 0
19810, -0.018615, 8.765656, 27, 2, 26, 1
19820, -0.021219, 8.764189, 26, 1, 26, 0
19830, -0.022521, 8.762709, 25, 1, 25, 0
19840, -0.023938, 8.761223, 26, 2, 25, 1
