time,black_car_angle,distance_sensors,num_pixel_black,agglomerate_count,agglomerate_size_1,agglomerate_size_2
10, -0.011719, 9.625175, 24, 1, 24, 0
20, -0.045573, 9.626442, 7, 1, 7, 0
30, -0.045573, 9.627050, 15, 1, 15, 0
40, -0.045573, 9.628059, 24, 1, 24, 0
50, 99999.990000, 9.629628, 0, 1, 0, 0
60, -0.010417, 9.631658, 23, 1, 23, 0
70, -0.032197, 9.633970, 11, 2, 9, 2
80, -0.035843, 9.636406, 5, 2, 4, 1
90, -0.035843, 9.638845, 23, 1, 23, 0
100, -0.024479, 9.641192, 23, 1, 23, 0
110, -0.057292, 9.643357, 3, 1, 3, 0
120, -0.057292, 9.645326, 1, 1, 1, 0
130, -0.046875, 9.647090, 15, 1, 15, 0
140, -0.014666, 9.648648, 19, 2, 18, 1
150, -0.009457, 9.650015, 19, 1, 19, 0
160, -0.014666, 9.651214, 19, 1, 19, 0
170, -0.014666, 9.652282, 19, 2, 18, 1
180, -0.010108, 9.653261, 16, 2, 15, 1
190, -0.014275, 9.654186, 5, 2, 4, 1
200, -0.020443, 9.655093, 1, 1, 1, 0
210, -0.030208, 9.656023, 1, 1, 1, 0
220, -0.050781, 9.657008, 6, 2, 5, 1
230, -0.053906, 9.658077, 15, 3, 9, 5
240, -0.053689, 9.659253, 24, 2, 23, 1
250, -0.033941, 9.660560, 24, 2, 23, 1
260, -0.030599, 9.662014, 24, 2, 23, 1
270, -0.030599, 9.663613, 24, 2, 23, 1
280, -0.030816, 9.665365, 23, 1, 23, 0
290, -0.031033, 9.667266, 23, 1, 23, 0
300, -0.031250, 9.669323, 23, 1, 23, 0
310, -0.031250, 9.671535, 23, 1, 23, 0
320, -0.031250, 9.673899, 23, 1, 23, 0
330, -0.031250, 9.676411, 23, 1, 23, 0
340, -0.031250, 9.679065, 23, 1, 23, 0
350, -0.031250, 9.681855, 23, 1, 23, 0
360, -0.031250, 9.684777, 23, 1, 23, 0
370, -0.031250, 9.687824, 23, 1, 23, 0
380, -0.031250, 9.690989, 23, 1, 23, 0
390, -0.031250, 9.694265, 23, 1, 23, 0
400, -0.031250, 9.697649, 23, 1, 23, 0
410, -0.030938, 9.701129, 25, 2, 23, 2
420, -0.031939, 9.704701, 26, 3, 24, 1
430, -0.032981, 9.708363, 25, 2, 24, 1
440, -0.034335, 9.712130, 25, 2, 24, 1
450, -0.034375, 9.716066, 25, 2, 24, 1
460, -0.034635, 9.720095, 24, 1, 24, 0
470, -0.036198, 9.724215, 23, 1, 23, 0
480, -0.037760, 9.728425, 23, 1, 23, 0
490, -0.038845, 9.732725, 24, 2, 23, 1
500, -0.038628, 9.737112, 24, 2, 23, 1
510, -0.038411, 9.741574, 24, 2, 23, 1
520, -0.038303, 9.746022, 24, 2, 23, 1
530, -0.037919, 9.750550, 26, 2, 23, 3
540, -0.037535, 9.755157, 26, 2, 23, 3
550, -0.037260, 9.759835, 26, 2, 23, 3
560, -0.037444, 9.764587, 25, 3, 23, 1
570, -0.036274, 9.769416, 25, 2, 22, 3
580, -0.035332, 9.774324, 27, 2, 22, 5
590, -0.034205, 9.779311, 27, 2, 22, 5
600, -0.034433, 9.784378, 27, 2, 22, 5
610, -0.034374, 9.789527, 26, 3, 22, 3
620, -0.034374, 9.794760, 27, 2, 22, 5
630, -0.034615, 9.800076, 22, 1, 22, 0
640, -0.034915, 9.805473, 22, 1, 22, 0
650, -0.033854, 9.810955, 23, 1, 23, 0
660, -0.037760, 9.816521, 19, 1, 19, 0
670, -0.044271, 9.822157, 17, 1, 17, 0
680, -0.051525, 9.827884, 14, 2, 12, 2
690, -0.050223, 9.833680, 8, 1, 8, 0
700, -0.043713, 9.839564, 6, 1, 6, 0
710, -0.037760, 9.845517, 4, 1, 4, 0
720, -0.033854, 9.851549, 3, 1, 3, 0
730, -0.032552, 9.857661, 1, 1, 1, 0
740, 99999.990000, 9.863853, 0, 1, 0, 0
750, 99999.990000, 9.870002, 0, 1, 0, 0
760, 99999.990000, 9.875795, 0, 1, 0, 0
770, 99999.990000, 9.880868, 0, 1, 0, 0
780, 99999.990000, 9.884951, 0, 1, 0, 0
790, 99999.990000, 9.887785, 0, 1, 0, 0
800, 0.016927, 9.889304, 2, 1, 2, 0
810, 0.029948, 9.889746, 5, 1, 5, 0
820, 0.037760, 9.889443, 9, 1, 9, 0
830, 0.010417, 9.888619, 23, 1, 23, 0
840, -0.014323, 9.887535, 22, 1, 22, 0
850, -0.033854, 9.886232, 22, 1, 22, 0
860, -0.045573, 9.884753, 14, 1, 14, 0
870, 99999.990000, 9.883125, 0, 1, 0, 0
880, 0.006510, 9.881368, 8, 1, 8, 0
890, -0.005208, 9.879524, 22, 1, 22, 0
900, -0.016927, 9.877631, 22, 1, 22, 0
910, -0.046875, 9.875696, 13, 1, 13, 0
920, -0.022135, 9.873728, 3, 1, 3, 0
930, -0.017940, 9.871774, 18, 2, 11, 7
940, -0.006221, 9.869849, 22, 1, 22, 0
950, -0.030961, 9.867974, 22, 1, 22, 0
960, -0.046875, 9.866146, 15, 1, 15, 0
970, -0.076823, 9.864383, 1, 1, 1, 0
980, -0.054688, 9.862715, 5, 1, 5, 0
990, -0.026042, 9.861282, 9, 1, 9, 0
1000, 0.007812, 9.860097, 19, 1, 19, 0
1010, -0.015625, 9.859102, 23, 1, 23, 0
1020, -0.035156, 9.858263, 22, 1, 22, 0
1030, -0.041667, 9.857603, 22, 1, 22, 0
1040, -0.044271, 9.857056, 23, 1, 23, 0
1050, -0.045573, 9.856604, 23, 1, 23, 0
1060, -0.046875, 9.856292, 23, 1, 23, 0
1070, -0.046875, 9.856122, 23, 1, 23, 0
1080, -0.048177, 9.856089, 22, 1, 22, 0
1090, -0.048177, 9.856170, 21, 1, 21, 0
1100, -0.044271, 9.856357, 18, 1, 18, 0
1110, -0.028646, 9.856659, 10, 1, 10, 0
1120, -0.013021, 9.857066, 9, 1, 9, 0
1130, 0.001302, 9.857625, 7, 1, 7, 0
1140, 0.007812, 9.858283, 5, 1, 5, 0
1150, -0.011719, 9.859020, 4, 2, 2, 2
1160, -0.048698, 9.859809, 10, 2, 7, 3
1170, -0.087760, 9.860621, 13, 1, 13, 0
1180, -0.099479, 9.861347, 15, 1, 15, 0
1190, -0.095052, 9.862087, 16, 1, 16, 0
1200, -0.088542, 9.862856, 18, 1, 18, 0
1210, -0.080729, 9.863662, 21, 1, 21, 0
1220, -0.072917, 9.864490, 22, 1, 22, 0
1230, -0.067708, 9.865323, 22, 1, 22, 0
1240, -0.066406, 9.866143, 22, 1, 22, 0
1250, -0.066406, 9.866938, 22, 1, 22, 0
1260, -0.063802, 9.867700, 20, 1, 20, 0
1270, -0.059896, 9.868424, 19, 1, 19, 0
1280, -0.054688, 9.869109, 18, 1, 18, 0
1290, -0.050781, 9.869744, 17, 1, 17, 0
1300, -0.048177, 9.870342, 17, 1, 17, 0
1310, -0.046875, 9.870905, 17, 1, 17, 0
1320, -0.048177, 9.871435, 16, 1, 16, 0
1330, -0.052083, 9.871929, 18, 1, 18, 0
1340, -0.057292, 9.872391, 19, 1, 19, 0
1350, -0.062500, 9.872820, 20, 1, 20, 0
1360, -0.066406, 9.873218, 21, 1, 21, 0
1370, -0.070312, 9.873591, 22, 1, 22, 0
1380, -0.074219, 9.873939, 23, 1, 23, 0
1390, -0.076823, 9.874267, 23, 1, 23, 0
1400, -0.078125, 9.874577, 23, 1, 23, 0
1410, -0.078125, 9.874873, 23, 1, 23, 0
1420, -0.078125, 9.875160, 23, 1, 23, 0
1430, -0.078125, 9.875436, 23, 1, 23, 0
1440, -0.078125, 9.875705, 23, 1, 23, 0
1450, -0.078125, 9.875967, 23, 1, 23, 0
1460, -0.078125, 9.876225, 23, 1, 23, 0
1470, -0.078125, 9.876481, 23, 1, 23, 0
1480, -0.079427, 9.876738, 22, 1, 22, 0
1490, -0.083333, 9.876993, 20, 1, 20, 0
1500, -0.088542, 9.877249, 19, 1, 19, 0
1510, -0.092448, 9.877502, 19, 1, 19, 0
1520, -0.093750, 9.877758, 19, 1, 19, 0
1530, -0.095052, 9.878014, 18, 1, 18, 0
1540, -0.096354, 9.878273, 18, 1, 18, 0
1550, -0.097656, 9.878534, 18, 1, 18, 0
1560, -0.097656, 9.878797, 18, 1, 18, 0
1570, -0.097656, 9.879062, 18, 1, 18, 0
1580, -0.097656, 9.879327, 18, 1, 18, 0
1590, -0.097656, 9.879591, 18, 1, 18, 0
1600, -0.095052, 9.879852, 18, 1, 18, 0
1610, -0.092448, 9.880111, 18, 1, 18, 0
1620, -0.089844, 9.880364, 18, 1, 18, 0
1630, -0.088542, 9.880613, 19, 1, 19, 0
1640, -0.087240, 9.880856, 19, 1, 19, 0
1650, -0.084635, 9.881094, 20, 1, 20, 0
1660, -0.079427, 9.881330, 23, 1, 23, 0
1670, -0.074219, 9.881566, 23, 1, 23, 0
1680, -0.070312, 9.881805, 23, 1, 23, 0
1690, -0.069010, 9.882042, 22, 1, 22, 0
1700, -0.067708, 9.882272, 22, 1, 22, 0
1710, -0.066406, 9.882492, 22, 1, 22, 0
1720, -0.065104, 9.882702, 23, 1, 23, 0
1730, -0.063802, 9.882896, 23, 1, 23, 0
1740, -0.062500, 9.883073, 23, 1, 23, 0
1750, -0.061198, 9.883231, 22, 1, 22, 0
1760, -0.059896, 9.883372, 22, 1, 22, 0
1770, -0.058594, 9.883493, 22, 1, 22, 0
1780, -0.057292, 9.883595, 23, 1, 23, 0
1790, -0.055990, 9.883561, 23, 1, 23, 0
1800, -0.054688, 9.883434, 23, 1, 23, 0
1810, -0.053385, 9.883312, 22, 1, 22, 0
1820, -0.052083, 9.883333, 22, 1, 22, 0
1830, -0.049479, 9.883345, 23, 1, 23, 0
1840, -0.048177, 9.883348, 23, 1, 23, 0
1850, -0.046875, 9.883342, 23, 1, 23, 0
1860, -0.045573, 9.883325, 22, 1, 22, 0
1870, -0.044271, 9.883299, 22, 1, 22, 0
1880, -0.041667, 9.883264, 23, 1, 23, 0
1890, -0.040365, 9.883222, 23, 1, 23, 0
1900, -0.037760, 9.883174, 22, 1, 22, 0
1910, -0.036458, 9.883121, 22, 1, 22, 0
1920, -0.033854, 9.883064, 23, 1, 23, 0
1930, -0.032552, 9.883003, 23, 1, 23, 0
1940, -0.029948, 9.882939, 22, 1, 22, 0
1950, -0.028646, 9.882873, 22, 1, 22, 0
1960, -0.026042, 9.882806, 23, 1, 23, 0
1970, -0.024740, 9.882739, 23, 1, 23, 0
1980, -0.022135, 9.882673, 22, 1, 22, 0
1990, -0.020833, 9.882611, 22, 1, 22, 0
2000, -0.018229, 9.882553, 23, 1, 23, 0
2010, -0.016927, 9.882500, 23, 1, 23, 0
2020, -0.014323, 9.882453, 22, 1, 22, 0
2030, -0.013021, 9.882412, 22, 1, 22, 0
2040, -0.010417, 9.882379, 23, 1, 23, 0
2050, -0.007812, 9.882355, 22, 1, 22, 0
2060, -0.005208, 9.882341, 22, 1, 22, 0
2070, -0.002604, 9.882337, 23, 1, 23, 0
2080, -0.001302, 9.882342, 23, 1, 23, 0
2090, 0.001302, 9.882359, 22, 1, 22, 0
2100, 0.002604, 9.882386, 22, 1, 22, 0
2110, 0.005208, 9.882418, 23, 1, 23, 0
2120, 0.006510, 9.882452, 23, 1, 23, 0
2130, 0.009115, 9.882487, 22, 1, 22, 0
2140, 0.014323, 9.882521, 19, 1, 19, 0
2150, 0.022135, 9.882557, 19, 1, 19, 0
2160, 0.028646, 9.882592, 19, 1, 19, 0
2170, 0.031250, 9.882628, 19, 1, 19, 0
2180, 0.032552, 9.882665, 18, 1, 18, 0
2190, 0.033854, 9.882703, 18, 1, 18, 0
2200, 0.036458, 9.882744, 19, 1, 19, 0
2210, 0.037760, 9.882789, 19, 1, 19, 0
2220, 0.040365, 9.882840, 18, 1, 18, 0
2230, 0.041667, 9.882894, 18, 1, 18, 0
2240, 0.042969, 9.882924, 18, 1, 18, 0
2250, 0.042969, 9.882991, 18, 1, 18, 0
2260, 0.042969, 9.883083, 18, 1, 18, 0
2270, 0.044271, 9.883195, 19, 1, 19, 0
2280, 0.046875, 9.883322, 18, 1, 18, 0
2290, 0.049479, 9.883458, 18, 1, 18, 0
2300, 0.050781, 9.883601, 18, 1, 18, 0
2310, 0.050781, 9.883753, 18, 1, 18, 0
2320, 0.050781, 9.883919, 18, 1, 18, 0
2330, 0.050781, 9.884076, 18, 1, 18, 0
2340, 0.053385, 9.884239, 18, 1, 18, 0
2350, 0.055990, 9.884412, 18, 1, 18, 0
2360, 0.058594, 9.884596, 18, 1, 18, 0
2370, 0.058594, 9.884790, 18, 1, 18, 0
2380, 0.058594, 9.884994, 18, 1, 18, 0
2390, 0.058594, 9.885208, 18, 1, 18, 0
2400, 0.058594, 9.885434, 18, 1, 18, 0
2410, 0.058594, 9.885669, 18, 1, 18, 0
2420, 0.058594, 9.885914, 18, 1, 18, 0
2430, 0.059896, 9.886167, 17, 1, 17, 0
2440, 0.062500, 9.886429, 18, 1, 18, 0
2450, 0.065104, 9.886700, 18, 1, 18, 0
2460, 0.066406, 9.886977, 18, 1, 18, 0
2470, 0.066406, 9.887260, 18, 1, 18, 0
2480, 0.066406, 9.887548, 18, 1, 18, 0
2490, 0.066406, 9.887842, 18, 1, 18, 0
2500, 0.066406, 9.888139, 18, 1, 18, 0
2510, 0.066406, 9.888442, 18, 1, 18, 0
2520, 0.066406, 9.888749, 18, 1, 18, 0
2530, 0.066406, 9.889060, 18, 1, 18, 0
2540, 0.066406, 9.889373, 18, 1, 18, 0
2550, 0.066406, 9.889687, 18, 1, 18, 0
2560, 0.066406, 9.890003, 18, 1, 18, 0
2570, 0.066406, 9.890320, 18, 1, 18, 0
2580, 0.066406, 9.890639, 18, 1, 18, 0
2590, 0.066406, 9.890959, 18, 1, 18, 0
2600, 0.066406, 9.891277, 18, 1, 18, 0
2610, 0.066406, 9.891595, 18, 1, 18, 0
2620, 0.066406, 9.891912, 18, 1, 18, 0
2630, 0.066406, 9.892228, 18, 1, 18, 0
2640, 0.066406, 9.892544, 18, 1, 18, 0
2650, 0.066406, 9.892857, 18, 1, 18, 0
2660, 0.066406, 9.893169, 18, 1, 18, 0
2670, 0.065104, 9.893479, 19, 1, 19, 0
2680, 0.063802, 9.893787, 19, 1, 19, 0
2690, 0.062500, 9.894093, 19, 1, 19, 0
2700, 0.062500, 9.894398, 19, 1, 19, 0
2710, 0.062500, 9.894700, 19, 1, 19, 0
2720, 0.062500, 9.895000, 19, 1, 19, 0
2730, 0.062500, 9.895296, 19, 1, 19, 0
2740, 0.062500, 9.895590, 19, 1, 19, 0
2750, 0.062500, 9.895881, 19, 1, 19, 0
2760, 0.062500, 9.896169, 19, 1, 19, 0
2770, 0.062500, 9.896454, 19, 1, 19, 0
2780, 0.062500, 9.896735, 19, 1, 19, 0
2790, 0.061198, 9.897014, 18, 1, 18, 0
2800, 0.059896, 9.897290, 18, 1, 18, 0
2810, 0.058594, 9.897563, 18, 1, 18, 0
2820, 0.057292, 9.897833, 19, 1, 19, 0
2830, 0.055990, 9.898100, 19, 1, 19, 0
2840, 0.054688, 9.898363, 19, 1, 19, 0
2850, 0.054688, 9.898623, 19, 1, 19, 0
2860, 0.054688, 9.898880, 19, 1, 19, 0
2870, 0.054688, 9.899133, 19, 1, 19, 0
2880, 0.054688, 9.899383, 19, 1, 19, 0
2890, 0.054688, 9.899629, 19, 1, 19, 0
2900, 0.053385, 9.899873, 18, 1, 18, 0
2910, 0.052083, 9.900113, 18, 1, 18, 0
2920, 0.050781, 9.900351, 18, 1, 18, 0
2930, 0.049479, 9.900587, 19, 1, 19, 0
2940, 0.048177, 9.900820, 19, 1, 19, 0
2950, 0.046875, 9.901051, 19, 1, 19, 0
2960, 0.046875, 9.901280, 19, 1, 19, 0
2970, 0.046875, 9.901507, 19, 1, 19, 0
2980, 0.045573, 9.901731, 18, 1, 18, 0
2990, 0.044271, 9.901954, 18, 1, 18, 0
3000, 0.041667, 9.902176, 19, 1, 19, 0
3010, 0.040365, 9.902396, 19, 1, 19, 0
3020, 0.039062, 9.902616, 19, 1, 19, 0
3030, 0.039062, 9.902834, 19, 1, 19, 0
3040, 0.039062, 9.903050, 19, 1, 19, 0
3050, 0.034635, 9.903266, 20, 2, 18, 2
3060, 0.030469, 9.903482, 20, 2, 19, 1
3070, 0.026302, 9.903699, 20, 2, 19, 1
3080, 0.023864, 9.903915, 22, 2, 19, 3
3090, 0.021165, 9.904132, 22, 2, 19, 3
3100, 0.018466, 9.904348, 22, 2, 19, 3
3110, 0.016217, 9.904563, 22, 1, 22, 0
3120, 0.013968, 9.904779, 22, 1, 22, 0
3130, 0.011719, 9.904993, 22, 1, 22, 0
3140, 0.010417, 9.905205, 23, 1, 23, 0
3150, 0.009115, 9.905404, 23, 1, 23, 0
3160, 0.007812, 9.905605, 23, 1, 23, 0
3170, 0.006510, 9.905817, 22, 1, 22, 0
3180, 0.005208, 9.906030, 22, 1, 22, 0
3190, 0.003906, 9.906246, 22, 1, 22, 0
3200, 0.002604, 9.906463, 23, 1, 23, 0
3210, 0.001302, 9.906682, 23, 1, 23, 0
3220, 0.000000, 9.906904, 23, 1, 23, 0
3230, -0.001302, 9.907128, 22, 1, 22, 0
3240, -0.002604, 9.907355, 22, 1, 22, 0
3250, -0.003906, 9.907581, 22, 1, 22, 0
3260, -0.005208, 9.907803, 23, 1, 23, 0
3270, -0.006510, 9.908021, 23, 1, 23, 0
3280, -0.007812, 9.908235, 23, 1, 23, 0
3290, -0.007812, 9.908445, 23, 1, 23, 0
3300, -0.009115, 9.908653, 22, 1, 22, 0
3310, -0.010417, 9.908859, 22, 1, 22, 0
3320, -0.011719, 9.909063, 22, 1, 22, 0
3330, -0.011719, 9.909264, 22, 1, 22, 0
3340, -0.011719, 9.909464, 22, 1, 22, 0
3350, -0.011719, 9.909662, 22, 1, 22, 0
3360, -0.011719, 9.909859, 22, 1, 22, 0
3370, -0.012649, 9.910052, 21, 2, 18, 3
3380, -0.014898, 9.910246, 22, 2, 19, 3
3390, -0.018308, 9.910440, 21, 2, 19, 2
3400, -0.020788, 9.910646, 21, 2, 19, 2
3410, -0.021949, 9.910850, 21, 2, 19, 2
3420, -0.024501, 9.911054, 19, 2, 18, 1
3430, -0.027053, 9.911255, 19, 2, 18, 1
3440, -0.031456, 9.911443, 18, 1, 18, 0
3450, -0.033306, 9.911630, 18, 1, 18, 0
3460, -0.035156, 9.911816, 18, 1, 18, 0
3470, -0.035156, 9.912002, 18, 1, 18, 0
3480, -0.035156, 9.912187, 18, 1, 18, 0
3490, -0.035156, 9.912373, 18, 1, 18, 0
3500, -0.036458, 9.912560, 17, 1, 17, 0
3510, -0.037760, 9.912746, 17, 1, 17, 0
3520, -0.039062, 9.912933, 17, 1, 17, 0
3530, -0.039062, 9.913120, 17, 1, 17, 0
3540, -0.039062, 9.913307, 17, 1, 17, 0
3550, -0.039062, 9.913496, 17, 1, 17, 0
3560, -0.039062, 9.913684, 17, 1, 17, 0
3570, -0.039062, 9.913873, 17, 1, 17, 0
3580, -0.039062, 9.914063, 17, 1, 17, 0
3590, -0.039062, 9.914253, 17, 1, 17, 0
3600, -0.039062, 9.914444, 17, 1, 17, 0
3610, -0.039062, 9.914636, 17, 1, 17, 0
3620, -0.039062, 9.914827, 17, 1, 17, 0
3630, -0.039062, 9.915020, 17, 1, 17, 0
3640, -0.039062, 9.915212, 17, 1, 17, 0
3650, -0.037760, 9.915405, 16, 1, 16, 0
3660, -0.036458, 9.915599, 16, 1, 16, 0
3670, -0.035156, 9.915793, 16, 1, 16, 0
3680, -0.033854, 9.915987, 17, 1, 17, 0
3690, -0.032552, 9.916181, 17, 1, 17, 0
3700, -0.031250, 9.916376, 17, 1, 17, 0
3710, -0.031250, 9.916570, 17, 1, 17, 0
3720, -0.031250, 9.916764, 17, 1, 17, 0
3730, -0.031250, 9.916959, 17, 1, 17, 0
3740, -0.031250, 9.917153, 17, 1, 17, 0
3750, -0.031250, 9.917348, 17, 1, 17, 0
3760, -0.031250, 9.917542, 17, 1, 17, 0
3770, -0.031250, 9.917737, 17, 1, 17, 0
3780, -0.031250, 9.917932, 17, 1, 17, 0
3790, -0.031250, 9.918127, 17, 1, 17, 0
3800, -0.031250, 9.918322, 17, 1, 17, 0
3810, -0.031250, 9.918518, 17, 1, 17, 0
3820, -0.031250, 9.918713, 17, 1, 17, 0
3830, -0.031250, 9.918910, 17, 1, 17, 0
3840, -0.029948, 9.919106, 16, 1, 16, 0
3850, -0.028646, 9.919303, 16, 1, 16, 0
3860, -0.026042, 9.919500, 17, 1, 17, 0
3870, -0.024740, 9.919698, 17, 1, 17, 0
3880, -0.023438, 9.919896, 17, 1, 17, 0
3890, -0.023438, 9.920095, 17, 1, 17, 0
3900, -0.023438, 9.920294, 17, 1, 17, 0
3910, -0.023438, 9.920493, 17, 1, 17, 0
3920, -0.023438, 9.920693, 17, 1, 17, 0
3930, -0.023438, 9.920894, 17, 1, 17, 0
3940, -0.023438, 9.921097, 17, 1, 17, 0
3950, -0.022624, 9.921300, 16, 2, 13, 3
3960, -0.021810, 9.921505, 16, 2, 13, 3
3970, -0.018648, 9.921710, 14, 2, 12, 2
3980, -0.016299, 9.921917, 14, 2, 12, 2
3990, -0.013951, 9.922124, 14, 2, 12, 2
4000, -0.012599, 9.922333, 15, 2, 13, 2
4010, -0.011248, 9.922542, 15, 2, 13, 2
4020, -0.009015, 9.922751, 14, 2, 12, 2
4030, -0.008135, 9.922962, 14, 2, 12, 2
4040, -0.007254, 9.923173, 14, 2, 12, 2
4050, -0.005010, 9.923386, 15, 3, 12, 2
4060, -0.002765, 9.923599, 15, 3, 12, 2
4070, 0.000397, 9.923814, 14, 3, 11, 2
4080, 0.004151, 9.924029, 16, 3, 12, 2
4090, 0.008045, 9.924242, 14, 3, 12, 1
4100, 0.013311, 9.924455, 13, 2, 12, 1
4110, 0.015739, 9.924665, 13, 2, 12, 1
4120, 0.019646, 9.924873, 14, 2, 12, 2
4130, 0.021263, 9.925079, 14, 2, 12, 2
4140, 0.024267, 9.925284, 13, 2, 11, 2
4150, 0.025655, 9.925487, 13, 2, 11, 2
4160, 0.027043, 9.925690, 13, 2, 11, 2
4170, 0.027043, 9.925892, 13, 2, 11, 2
4180, 0.027043, 9.926095, 13, 2, 11, 2
4190, 0.028966, 9.926309, 15, 2, 12, 3
4200, 0.030889, 9.926512, 15, 2, 12, 3
4210, 0.032813, 9.926711, 15, 2, 12, 3
4220, 0.032813, 9.926909, 15, 2, 12, 3
4230, 0.032813, 9.927106, 15, 2, 12, 3
4240, 0.032813, 9.927303, 15, 2, 12, 3
4250, 0.032813, 9.927498, 15, 2, 12, 3
4260, 0.032813, 9.927693, 15, 2, 12, 3
4270, 0.032813, 9.927887, 15, 2, 12, 3
4280, 0.034152, 9.928080, 14, 2, 11, 3
4290, 0.034152, 9.928272, 15, 2, 12, 3
4300, 0.033445, 9.928464, 14, 2, 11, 3
4310, 0.031399, 9.928656, 14, 2, 11, 3
4320, 0.030692, 9.928848, 14, 2, 11, 3
4330, 0.030692, 9.929039, 14, 2, 11, 3
4340, 0.030692, 9.929230, 14, 2, 11, 3
4350, 0.030878, 9.929421, 12, 2, 10, 2
4360, 0.030354, 9.929612, 11, 2, 9, 2
4370, 0.029830, 9.929802, 11, 2, 9, 2
4380, 0.027659, 9.929993, 12, 2, 10, 2
4390, 0.026199, 9.930183, 12, 2, 10, 2
4400, 0.022648, 9.930374, 11, 2, 10, 1
4410, 0.020557, 9.930565, 11, 2, 10, 1
4420, 0.018466, 9.930756, 11, 2, 10, 1
4430, 0.018466, 9.930947, 11, 2, 10, 1
4440, 0.018966, 9.931138, 9, 2, 8, 1
4450, 0.018019, 9.931329, 10, 2, 9, 1
4460, 0.014468, 9.931519, 9, 1, 9, 0
4470, 0.013021, 9.931710, 10, 2, 9, 1
4480, 0.013021, 9.931900, 10, 2, 9, 1
4490, 0.013021, 9.932091, 9, 1, 9, 0
4500, 0.010417, 9.932281, 9, 1, 9, 0
4510, 0.006510, 9.932471, 8, 1, 8, 0
4520, 0.005208, 9.932661, 8, 1, 8, 0
4530, 0.003906, 9.932851, 8, 1, 8, 0
4540, 0.003906, 9.933041, 8, 1, 8, 0
4550, 0.003906, 9.933231, 8, 1, 8, 0
4560, 0.003906, 9.933420, 8, 1, 8, 0
4570, 0.003906, 9.933610, 8, 1, 8, 0
4580, 0.003906, 9.933799, 8, 1, 8, 0
4590, 0.003906, 9.933988, 8, 1, 8, 0
4600, 0.002604, 9.934177, 7, 1, 7, 0
4610, 0.001302, 9.934366, 7, 1, 7, 0
4620, 0.000000, 9.934555, 7, 1, 7, 0
4630, 0.000000, 9.934744, 7, 1, 7, 0
4640, 0.000000, 9.934933, 7, 1, 7, 0
4650, 0.000000, 9.935121, 7, 1, 7, 0
4660, 0.000000, 9.935309, 7, 1, 7, 0
4670, 0.000000, 9.935497, 7, 1, 7, 0
4680, 0.000000, 9.935686, 7, 1, 7, 0
4690, 0.000000, 9.935874, 7, 1, 7, 0
4700, 0.000000, 9.936062, 7, 1, 7, 0
4710, 0.000000, 9.936250, 7, 1, 7, 0
4720, 0.000000, 9.936438, 7, 1, 7, 0
4730, 0.000000, 9.936627, 7, 1, 7, 0
4740, 0.000000, 9.936815, 7, 1, 7, 0
4750, -0.001302, 9.937004, 6, 1, 6, 0
4760, -0.002604, 9.937193, 6, 1, 6, 0
4770, -0.003906, 9.937382, 6, 1, 6, 0
4780, -0.003906, 9.937571, 6, 1, 6, 0
4790, -0.003906, 9.937759, 6, 1, 6, 0
4800, -0.003906, 9.937948, 6, 1, 6, 0
4810, -0.003906, 9.938137, 6, 1, 6, 0
4820, -0.003906, 9.938325, 6, 1, 6, 0
4830, -0.003906, 9.938513, 6, 1, 6, 0
4840, -0.003906, 9.938701, 6, 1, 6, 0
4850, -0.003906, 9.938889, 6, 1, 6, 0
4860, -0.003906, 9.939077, 6, 1, 6, 0
4870, -0.003906, 9.939264, 6, 1, 6, 0
4880, -0.003906, 9.939453, 6, 1, 6, 0
4890, -0.003906, 9.939641, 6, 1, 6, 0
4900, -0.003906, 9.939830, 6, 1, 6, 0
4910, -0.003906, 9.940021, 6, 1, 6, 0
4920, -0.003906, 9.940210, 6, 1, 6, 0
4930, -0.003906, 9.940398, 6, 1, 6, 0
4940, -0.003906, 9.940586, 6, 1, 6, 0
4950, -0.003906, 9.940774, 6, 1, 6, 0
4960, -0.003906, 9.940962, 6, 1, 6, 0
4970, -0.003906, 9.941151, 6, 1, 6, 0
4980, -0.003906, 9.941338, 6, 1, 6, 0
4990, -0.003906, 9.941526, 6, 1, 6, 0
5000, -0.003906, 9.941714, 6, 1, 6, 0
5010, -0.003906, 9.941902, 6, 1, 6, 0
5020, -0.003906, 9.942090, 6, 1, 6, 0
5030, -0.003906, 9.942278, 6, 1, 6, 0
5040, -0.003906, 9.942466, 6, 1, 6, 0
5050, -0.003906, 9.942654, 6, 1, 6, 0
5060, -0.003906, 9.942843, 6, 1, 6, 0
5070, -0.003906, 9.943031, 6, 1, 6, 0
5080, -0.003906, 9.943219, 6, 1, 6, 0
5090, -0.003906, 9.943406, 6, 1, 6, 0
5100, -0.003906, 9.943593, 6, 1, 6, 0
5110, -0.003906, 9.943780, 6, 1, 6, 0
5120, -0.003906, 9.943966, 6, 1, 6, 0
5130, -0.003906, 9.944153, 6, 1, 6, 0
5140, -0.003906, 9.944340, 6, 1, 6, 0
5150, -0.002604, 9.944528, 5, 1, 5, 0
5160, -0.001302, 9.944716, 5, 1, 5, 0
5170, 0.000000, 9.944903, 5, 1, 5, 0
5180, 0.000000, 9.945091, 5, 1, 5, 0
5190, 0.000000, 9.945277, 5, 1, 5, 0
5200, 0.000000, 9.945462, 5, 1, 5, 0
5210, 0.000000, 9.945647, 5, 1, 5, 0
5220, 0.000000, 9.945832, 5, 1, 5, 0
5230, 0.000000, 9.946017, 5, 1, 5, 0
5240, 0.000000, 9.946201, 5, 1, 5, 0
5250, 0.000000, 9.946386, 5, 1, 5, 0
5260, 0.000000, 9.946571, 5, 1, 5, 0
5270, 0.000000, 9.946755, 5, 1, 5, 0
5280, 0.000000, 9.946940, 5, 1, 5, 0
5290, 0.000000, 9.947124, 5, 1, 5, 0
5300, 0.000000, 9.947308, 5, 1, 5, 0
5310, -0.001302, 9.947492, 4, 1, 4, 0
5320, -0.002604, 9.947676, 4, 1, 4, 0
5330, -0.003906, 9.947860, 4, 1, 4, 0
5340, -0.003906, 9.948043, 4, 1, 4, 0
5350, -0.003906, 9.948226, 4, 1, 4, 0
5360, -0.003906, 9.948409, 4, 1, 4, 0
5370, -0.003906, 9.948592, 4, 1, 4, 0
5380, -0.003906, 9.948774, 4, 1, 4, 0
5390, -0.003906, 9.948956, 4, 1, 4, 0
5400, -0.003906, 9.949138, 4, 1, 4, 0
5410, -0.003906, 9.949320, 4, 1, 4, 0
5420, -0.003906, 9.949501, 4, 1, 4, 0
5430, -0.003906, 9.949682, 4, 1, 4, 0
5440, -0.003906, 9.949861, 4, 1, 4, 0
5450, -0.003906, 9.950040, 4, 1, 4, 0
5460, -0.003906, 9.950217, 4, 1, 4, 0
5470, -0.003906, 9.950394, 4, 1, 4, 0
5480, -0.003906, 9.950570, 4, 1, 4, 0
5490, -0.003906, 9.950745, 4, 1, 4, 0
5500, -0.003906, 9.950919, 4, 1, 4, 0
5510, -0.003906, 9.951092, 4, 1, 4, 0
5520, -0.003906, 9.951264, 4, 1, 4, 0
5530, -0.003906, 9.951435, 4, 1, 4, 0
5540, -0.003906, 9.951605, 4, 1, 4, 0
5550, -0.003906, 9.951774, 4, 1, 4, 0
5560, -0.003906, 9.951942, 4, 1, 4, 0
5570, -0.003906, 9.952108, 4, 1, 4, 0
5580, -0.003906, 9.952273, 4, 1, 4, 0
5590, -0.003906, 9.952436, 4, 1, 4, 0
5600, -0.003906, 9.952598, 4, 1, 4, 0
5610, -0.003906, 9.952758, 4, 1, 4, 0
5620, -0.003906, 9.952916, 4, 1, 4, 0
5630, -0.003906, 9.953072, 4, 1, 4, 0
5640, -0.003906, 9.953226, 4, 1, 4, 0
5650, -0.003906, 9.953378, 4, 1, 4, 0
5660, -0.003906, 9.953528, 4, 1, 4, 0
5670, -0.003906, 9.953675, 4, 1, 4, 0
5680, -0.003906, 9.953819, 4, 1, 4, 0
5690, -0.003906, 9.953961, 4, 1, 4, 0
5700, -0.003906, 9.954101, 4, 1, 4, 0
5710, -0.003906, 9.954238, 4, 1, 4, 0
5720, -0.003906, 9.954372, 4, 1, 4, 0
5730, -0.003906, 9.954503, 4, 1, 4, 0
5740, -0.003906, 9.954631, 4, 1, 4, 0
5750, -0.003906, 9.954757, 4, 1, 4, 0
5760, -0.003906, 9.954879, 4, 1, 4, 0
5770, -0.003906, 9.954997, 4, 1, 4, 0
5780, -0.005208, 9.955112, 3, 1, 3, 0
5790, -0.006510, 9.955222, 3, 1, 3, 0
5800, -0.007812, 9.955328, 3, 1, 3, 0
5810, -0.007812, 9.955431, 3, 1, 3, 0
5820, -0.007812, 9.955528, 3, 1, 3, 0
5830, -0.007812, 9.955622, 3, 1, 3, 0
5840, -0.007812, 9.955710, 3, 1, 3, 0
5850, -0.007812, 9.955795, 3, 1, 3, 0
5860, -0.007812, 9.955873, 3, 1, 3, 0
5870, -0.007812, 9.955947, 3, 1, 3, 0
5880, -0.007812, 9.956015, 3, 1, 3, 0
5890, -0.007812, 9.956077, 3, 1, 3, 0
5900, -0.007812, 9.956134, 3, 1, 3, 0
5910, -0.007812, 9.956184, 3, 1, 3, 0
5920, -0.007812, 9.956229, 3, 1, 3, 0
5930, -0.007812, 9.956267, 3, 1, 3, 0
5940, -0.007812, 9.956297, 3, 1, 3, 0
5950, -0.007812, 9.956320, 3, 1, 3, 0
5960, -0.007812, 9.956336, 3, 1, 3, 0
5970, -0.007812, 9.956344, 3, 1, 3, 0
5980, -0.007812, 9.956345, 3, 1, 3, 0
5990, -0.007812, 9.956339, 3, 1, 3, 0
6000, -0.009115, 9.956324, 4, 1, 4, 0
6010, -0.011719, 9.956302, 3, 1, 3, 0
6020, -0.014323, 9.956273, 3, 1, 3, 0
6030, -0.015625, 9.956235, 3, 1, 3, 0
6040, -0.015625, 9.956188, 3, 1, 3, 0
6050, -0.015625, 9.956131, 3, 1, 3, 0
6060, -0.015625, 9.956065, 3, 1, 3, 0
6070, -0.015625, 9.955991, 3, 1, 3, 0
6080, -0.015625, 9.955910, 3, 1, 3, 0
6090, -0.015625, 9.955821, 3, 1, 3, 0
6100, -0.015625, 9.955722, 3, 1, 3, 0
6110, -0.022786, 9.955612, 4, 2, 3, 1
6120, -0.029948, 9.955491, 4, 2, 3, 1
6130, -0.037109, 9.955356, 4, 2, 3, 1
6140, -0.036719, 9.955211, 5, 2, 4, 1
6150, -0.036328, 9.955056, 5, 2, 4, 1
6160, -0.035938, 9.954893, 5, 2, 4, 1
6170, -0.035938, 9.954722, 5, 2, 4, 1
6180, -0.035938, 9.954540, 5, 2, 4, 1
6190, -0.039149, 9.954346, 6, 2, 4, 2
6200, -0.042361, 9.954137, 6, 2, 4, 2
6210, -0.048090, 9.953912, 5, 2, 3, 2
6220, -0.050608, 9.953671, 5, 2, 3, 2
6230, -0.053125, 9.953415, 5, 2, 3, 2
6240, -0.053125, 9.953147, 5, 2, 3, 2
6250, -0.053125, 9.952865, 5, 2, 3, 2
6260, -0.054018, 9.952570, 7, 2, 4, 3
6270, -0.054911, 9.952259, 7, 2, 4, 3
6280, -0.055804, 9.951931, 7, 2, 4, 3
6290, -0.055804, 9.951589, 7, 2, 4, 3
6300, -0.055804, 9.951228, 7, 2, 4, 3
6310, -0.055804, 9.950850, 7, 2, 4, 3
6320, -0.055804, 9.950454, 7, 2, 4, 3
6330, -0.058817, 9.950039, 10, 2, 6, 4
6340, -0.061830, 9.949604, 10, 2, 6, 4
6350, -0.064773, 9.949147, 11, 2, 7, 4
6360, -0.063991, 9.948669, 13, 1, 13, 0
6370, -0.063210, 9.948173, 13, 1, 13, 0
6380, -0.062500, 9.947662, 13, 1, 13, 0
6390, -0.062500, 9.947136, 13, 1, 13, 0
6400, -0.062500, 9.946592, 13, 1, 13, 0
6410, -0.062500, 9.946027, 13, 1, 13, 0
6420, -0.062500, 9.945441, 13, 1, 13, 0
6430, -0.062500, 9.944833, 13, 1, 13, 0
6440, -0.062500, 9.944206, 13, 1, 13, 0
6450, -0.062500, 9.943561, 13, 1, 13, 0
6460, -0.062500, 9.942867, 13, 1, 13, 0
6470, -0.062500, 9.942156, 13, 1, 13, 0
6480, -0.062500, 9.941428, 13, 1, 13, 0
6490, -0.062500, 9.940663, 13, 1, 13, 0
6500, -0.062500, 9.939879, 13, 1, 13, 0
6510, -0.062500, 9.939047, 13, 1, 13, 0
6520, -0.062500, 9.938199, 13, 1, 13, 0
6530, -0.062500, 9.937336, 13, 1, 13, 0
6540, -0.062500, 9.936427, 13, 1, 13, 0
6550, -0.063802, 9.935503, 14, 1, 14, 0
6560, -0.066406, 9.934537, 13, 1, 13, 0
6570, -0.069010, 9.933560, 13, 1, 13, 0
6580, -0.070312, 9.932542, 13, 1, 13, 0
6590, -0.070312, 9.931516, 13, 1, 13, 0
6600, -0.070312, 9.930450, 13, 1, 13, 0
6610, -0.070312, 9.929375, 13, 1, 13, 0
6620, -0.070312, 9.928260, 13, 1, 13, 0
6630, -0.070312, 9.927102, 13, 1, 13, 0
6640, -0.070312, 9.925905, 13, 1, 13, 0
6650, -0.070312, 9.924709, 13, 1, 13, 0
6660, -0.071615, 9.923478, 14, 1, 14, 0
6670, -0.072917, 9.922210, 14, 1, 14, 0
6680, -0.074219, 9.920906, 14, 1, 14, 0
6690, -0.074219, 9.919571, 14, 1, 14, 0
6700, -0.074219, 9.918209, 14, 1, 14, 0
6710, -0.074219, 9.916823, 14, 1, 14, 0
6720, -0.074219, 9.915415, 14, 1, 14, 0
6730, -0.074219, 9.913983, 14, 1, 14, 0
6740, -0.074219, 9.912527, 14, 1, 14, 0
6750, -0.075521, 9.911047, 15, 1, 15, 0
6760, -0.076823, 9.909541, 15, 1, 15, 0
6770, -0.078125, 9.908009, 15, 1, 15, 0
6780, -0.078125, 9.906454, 15, 1, 15, 0
6790, -0.078125, 9.904876, 15, 1, 15, 0
6800, -0.078125, 9.903276, 15, 1, 15, 0
6810, -0.079915, 9.901653, 16, 2, 15, 1
6820, -0.079915, 9.900010, 15, 1, 15, 0
6830, -0.081217, 9.898344, 16, 1, 16, 0
6840, -0.080729, 9.896658, 16, 1, 16, 0
6850, -0.082031, 9.894952, 16, 1, 16, 0
6860, -0.082031, 9.893223, 16, 1, 16, 0
6870, -0.082031, 9.891478, 16, 1, 16, 0
6880, -0.082031, 9.889711, 16, 1, 16, 0
6890, -0.082031, 9.887929, 16, 1, 16, 0
6900, -0.083793, 9.886126, 17, 2, 16, 1
6910, -0.083793, 9.884304, 16, 1, 16, 0
6920, -0.085095, 9.882464, 17, 1, 17, 0
6930, -0.084635, 9.880603, 17, 1, 17, 0
6940, -0.087529, 9.878726, 18, 2, 17, 1
6950, -0.089120, 9.876826, 18, 2, 17, 1
6960, -0.089120, 9.874910, 17, 1, 17, 0
6970, -0.087529, 9.872974, 17, 1, 17, 0
6980, -0.085938, 9.871025, 17, 1, 17, 0
6990, -0.085938, 9.869058, 17, 1, 17, 0
7000, -0.085938, 9.867077, 17, 1, 17, 0
7010, -0.087240, 9.865075, 18, 1, 18, 0
7020, -0.088542, 9.863057, 18, 1, 18, 0
7030, -0.089844, 9.861014, 18, 1, 18, 0
7040, -0.091420, 9.858960, 19, 2, 18, 1
7050, -0.092996, 9.856889, 19, 2, 18, 1
7060, -0.094572, 9.854808, 19, 2, 18, 1
7070, -0.094572, 9.852713, 19, 2, 18, 1
7080, -0.092996, 9.850604, 18, 1, 18, 0
7090, -0.091420, 9.848481, 18, 1, 18, 0
7100, -0.089844, 9.846343, 18, 1, 18, 0
7110, -0.089844, 9.844196, 18, 1, 18, 0
7120, -0.089844, 9.842037, 18, 1, 18, 0
7130, -0.089844, 9.839867, 18, 1, 18, 0
7140, -0.089844, 9.837684, 18, 1, 18, 0
7150, -0.091831, 9.835490, 19, 3, 16, 2
7160, -0.093819, 9.833285, 19, 3, 16, 2
7170, -0.095806, 9.831072, 19, 3, 16, 2
7180, -0.095806, 9.828850, 19, 3, 16, 2
7190, -0.093129, 9.826624, 17, 2, 15, 2
7200, -0.089026, 9.824394, 16, 2, 15, 1
7210, -0.084923, 9.822163, 16, 2, 15, 1
7220, -0.083496, 9.819927, 16, 2, 15, 1
7230, -0.083496, 9.817686, 16, 2, 15, 1
7240, -0.081706, 9.815436, 15, 1, 15, 0
7250, -0.077311, 9.813183, 15, 1, 15, 0
7260, -0.075521, 9.810931, 16, 2, 15, 1
7270, -0.077359, 9.808675, 17, 3, 15, 1
7280, -0.079475, 9.806411, 16, 2, 15, 1
7290, -0.076871, 9.804144, 15, 1, 15, 0
7300, -0.072428, 9.801880, 15, 1, 15, 0
7310, -0.069010, 9.799622, 14, 1, 14, 0
7320, -0.070052, 9.797364, 15, 2, 14, 1
7330, -0.071094, 9.795105, 15, 2, 14, 1
7340, -0.073437, 9.792849, 15, 2, 14, 1
7350, -0.073437, 9.790596, 15, 2, 14, 1
7360, -0.073437, 9.788352, 15, 2, 14, 1
7370, -0.072396, 9.786116, 14, 2, 13, 1
7380, -0.073785, 9.783890, 15, 2, 13, 2
7390, -0.075174, 9.781671, 15, 2, 13, 2
7400, -0.077604, 9.779460, 15, 2, 13, 2
7410, -0.077604, 9.777258, 15, 2, 13, 2
7420, -0.077604, 9.775185, 15, 2, 13, 2
7430, -0.076848, 9.773201, 14, 2, 12, 2
7440, -0.076091, 9.771513, 14, 2, 12, 2
7450, -0.075335, 9.770072, 14, 2, 12, 2
7460, -0.075335, 9.768793, 14, 2, 12, 2
7470, -0.077939, 9.767593, 14, 3, 11, 2
7480, -0.082862, 9.766509, 15, 3, 11, 3
7490, -0.087785, 9.765526, 15, 3, 11, 3
7500, -0.087227, 9.764583, 14, 2, 11, 3
7510, -0.086024, 9.763645, 14, 2, 10, 4
7520, -0.084821, 9.762755, 14, 2, 10, 4
7530, -0.086496, 9.761942, 14, 2, 10, 4
7540, -0.086496, 9.761205, 14, 2, 10, 4
7550, -0.086496, 9.760578, 14, 2, 10, 4
7560, -0.086496, 9.760023, 14, 2, 10, 4
7570, -0.086496, 9.759528, 14, 2, 10, 4
7580, -0.086496, 9.759091, 14, 2, 10, 4
7590, -0.086496, 9.758741, 14, 2, 10, 4
7600, -0.086496, 9.758441, 14, 2, 10, 4
7610, -0.083906, 9.758182, 13, 2, 10, 3
7620, -0.081316, 9.757995, 13, 2, 10, 3
7630, -0.078726, 9.757844, 13, 2, 10, 3
7640, -0.078726, 9.757721, 13, 2, 10, 3
7650, -0.078726, 9.757663, 13, 2, 10, 3
7660, -0.077038, 9.757625, 14, 2, 11, 3
7670, -0.075349, 9.757635, 14, 2, 11, 3
7680, -0.073661, 9.757658, 14, 2, 11, 3
7690, -0.073346, 9.757688, 13, 2, 10, 3
7700, -0.073031, 9.757763, 13, 2, 10, 3
7710, -0.070179, 9.757843, 12, 2, 10, 2
7720, -0.067642, 9.757925, 12, 2, 10, 2
7730, -0.061632, 9.758046, 11, 2, 10, 1
7740, -0.058160, 9.758181, 11, 2, 10, 1
7750, -0.053168, 9.758363, 12, 2, 11, 1
7760, -0.051649, 9.758536, 12, 2, 11, 1
7770, -0.050130, 9.758751, 12, 2, 11, 1
7780, -0.050130, 9.758959, 12, 2, 11, 1
7790, -0.050130, 9.759156, 12, 2, 11, 1
7800, -0.050130, 9.759383, 12, 2, 11, 1
7810, -0.050130, 9.759596, 12, 2, 11, 1
7820, -0.050130, 9.759796, 12, 2, 11, 1
7830, -0.050130, 9.759980, 12, 2, 11, 1
7840, -0.050130, 9.760153, 12, 2, 11, 1
7850, -0.049282, 9.760358, 11, 2, 10, 1
7860, -0.044291, 9.760555, 10, 1, 10, 0
7870, -0.037997, 9.760737, 11, 1, 11, 0
7880, -0.032552, 9.760908, 11, 1, 11, 0
7890, -0.031250, 9.761064, 11, 1, 11, 0
7900, -0.031250, 9.761209, 11, 1, 11, 0
7910, -0.031250, 9.761383, 11, 1, 11, 0
7920, -0.031250, 9.761545, 11, 1, 11, 0
7930, -0.031250, 9.761684, 11, 1, 11, 0
7940, -0.031250, 9.761805, 11, 1, 11, 0
7950, -0.029948, 9.761954, 12, 1, 12, 0
7960, -0.028646, 9.762088, 12, 1, 12, 0
7970, -0.027344, 9.762198, 12, 1, 12, 0
7980, -0.027344, 9.762288, 12, 1, 12, 0
7990, -0.027344, 9.762357, 12, 1, 12, 0
8000, -0.027344, 9.762410, 12, 1, 12, 0
8010, -0.027344, 9.762493, 12, 1, 12, 0
8020, -0.026042, 9.762557, 13, 1, 13, 0
8030, -0.024740, 9.762602, 13, 1, 13, 0
8040, -0.023438, 9.762620, 13, 1, 13, 0
8050, -0.023438, 9.762620, 13, 1, 13, 0
8060, -0.024740, 9.762643, 14, 1, 14, 0
8070, -0.024740, 9.762648, 15, 1, 15, 0
8080, -0.024740, 9.762624, 15, 1, 15, 0
8090, -0.023438, 9.762619, 15, 1, 15, 0
8100, -0.023438, 9.762585, 15, 1, 15, 0
8110, -0.023438, 9.762520, 15, 1, 15, 0
8120, -0.022135, 9.762424, 16, 1, 16, 0
8130, -0.022135, 9.762342, 17, 1, 17, 0
8140, -0.022135, 9.762230, 17, 1, 17, 0
8150, -0.023438, 9.762087, 17, 1, 17, 0
8160, -0.023438, 9.761959, 17, 1, 17, 0
8170, -0.022135, 9.761789, 18, 1, 18, 0
8180, -0.020833, 9.761578, 18, 1, 18, 0
8190, -0.019531, 9.761375, 18, 1, 18, 0
8200, -0.020833, 9.761141, 19, 1, 19, 0
8210, -0.020833, 9.760872, 20, 1, 20, 0
8220, -0.020833, 9.760614, 20, 1, 20, 0
8230, -0.019531, 9.760323, 20, 1, 20, 0
8240, -0.018229, 9.759993, 19, 1, 19, 0
8250, -0.015625, 9.759670, 20, 1, 20, 0
8260, -0.014323, 9.759312, 21, 1, 21, 0
8270, -0.013021, 9.758915, 20, 1, 20, 0
8280, -0.013021, 9.758525, 20, 1, 20, 0
8290, -0.010417, 9.758096, 21, 1, 21, 0
8300, -0.009115, 9.757622, 21, 1, 21, 0
8310, -0.007812, 9.757105, 21, 1, 21, 0
8320, -0.007812, 9.756595, 21, 1, 21, 0
8330, -0.006510, 9.756048, 22, 1, 22, 0
8340, -0.005208, 9.755457, 22, 1, 22, 0
8350, -0.003906, 9.754824, 22, 1, 22, 0
8360, -0.005208, 9.754192, 23, 1, 23, 0
8370, -0.003906, 9.753519, 23, 1, 23, 0
8380, -0.002604, 9.752798, 23, 1, 23, 0
8390, 0.001302, 9.752032, 22, 1, 22, 0
8400, 0.001302, 9.751223, 23, 1, 23, 0
8410, 0.002604, 9.750335, 24, 1, 24, 0
8420, 0.003793, 9.749322, 23, 2, 22, 1
8430, 0.006284, 9.748216, 23, 2, 22, 1
8440, 0.007473, 9.747014, 23, 2, 22, 1
8450, 0.008651, 9.745723, 22, 2, 21, 1
8460, 0.009830, 9.744395, 22, 2, 21, 1
8470, 0.011009, 9.743020, 22, 2, 21, 1
8480, 0.011009, 9.741624, 22, 2, 21, 1
8490, 0.011009, 9.740162, 22, 2, 21, 1
8500, 0.011009, 9.738634, 22, 2, 21, 1
8510, 0.011009, 9.737051, 22, 2, 21, 1
8520, 0.009830, 9.735416, 23, 2, 22, 1
8530, 0.008651, 9.733731, 23, 2, 22, 1
8540, 0.004755, 9.732006, 23, 2, 21, 2
8550, 0.003330, 9.730275, 22, 2, 21, 1
8560, 0.001904, 9.728501, 22, 2, 21, 1
8570, 0.003196, 9.726688, 22, 2, 21, 1
8580, 0.003196, 9.724839, 22, 2, 21, 1
8590, 0.001678, 9.722954, 23, 2, 21, 2
8600, -0.002898, 9.721036, 23, 3, 20, 2
8610, -0.004335, 9.719083, 21, 2, 20, 1
8620, -0.004254, 9.717099, 21, 2, 20, 1
8630, -0.002756, 9.715085, 22, 2, 20, 2
8640, -0.004870, 9.713043, 22, 3, 20, 1
8650, -0.006321, 9.710971, 20, 2, 19, 1
8660, -0.006132, 9.708878, 20, 2, 19, 1
8670, -0.004468, 9.706762, 19, 2, 18, 1
8680, -0.005770, 9.704618, 20, 3, 18, 1
8690, -0.005020, 9.702459, 17, 2, 16, 1
8700, -0.005423, 9.700272, 17, 2, 16, 1
8710, -0.005362, 9.698071, 17, 3, 15, 1
8720, -0.002987, 9.695708, 14, 1, 14, 0
8730, -0.000460, 9.693343, 14, 1, 14, 0
8740, -0.001563, 9.690986, 15, 3, 13, 1
8750, -0.000260, 9.688642, 13, 1, 13, 0
8760, 0.001042, 9.686310, 11, 1, 11, 0
8770, 0.003038, 9.683863, 12, 2, 11, 1
8780, -0.005375, 9.681429, 13, 3, 11, 1
8790, -0.006677, 9.679014, 10, 1, 10, 0
8800, -0.003205, 9.676483, 10, 1, 10, 0
8810, -0.003078, 9.673984, 11, 2, 10, 1
8820, -0.010062, 9.671522, 11, 2, 10, 1
8830, -0.024985, 9.668972, 13, 3, 10, 2
8840, -0.030667, 9.666458, 11, 2, 9, 2
8850, -0.036823, 9.663849, 11, 2, 9, 2
8860, -0.038225, 9.661294, 13, 2, 10, 3
8870, -0.043788, 9.658672, 12, 2, 9, 3
8880, -0.051983, 9.656116, 13, 2, 9, 4
8890, -0.056991, 9.653501, 13, 2, 9, 4
8900, -0.065104, 9.650953, 13, 2, 8, 5
8910, -0.070112, 9.648348, 13, 2, 8, 5
8920, -0.077684, 9.645809, 15, 3, 9, 5
8930, -0.081848, 9.643210, 14, 2, 8, 6
8940, -0.086012, 9.640559, 14, 2, 8, 6
8950, -0.095517, 9.637988, 16, 3, 8, 7
8960, -0.101035, 9.635382, 15, 2, 8, 7
8970, -0.106554, 9.632746, 15, 2, 8, 7
8980, -0.108507, 9.630208, 15, 2, 9, 6
8990, -0.112081, 9.627650, 17, 2, 10, 7
9000, -0.117868, 9.625061, 18, 3, 10, 7
9010, -0.120932, 9.622457, 17, 2, 11, 6
9020, -0.124736, 9.619841, 18, 2, 12, 6
9030, -0.128107, 9.617232, 20, 3, 13, 6
9040, -0.131348, 9.614631, 19, 2, 14, 5
9050, -0.136513, 9.612055, 20, 3, 14, 5
9060, -0.138392, 9.609603, 21, 2, 15, 6
9070, -0.140551, 9.607164, 20, 2, 15, 5
9080, -0.142640, 9.604719, 21, 3, 15, 5
9090, -0.145864, 9.602332, 21, 2, 16, 5
9100, -0.149120, 9.600000, 20, 2, 16, 4
9110, -0.153020, 9.597678, 20, 3, 15, 4
9120, -0.156901, 9.595372, 20, 2, 16, 4
9130, -0.160944, 9.593091, 19, 2, 16, 3
9140, -0.162873, 9.590847, 21, 3, 16, 4
9150, -0.163654, 9.588639, 20, 3, 14, 4
9160, -0.163126, 9.586473, 20, 4, 14, 4
9170, -0.163064, 9.584356, 18, 4, 13, 3
9180, -0.164251, 9.582287, 18, 3, 13, 3
9190, -0.166173, 9.580267, 17, 4, 12, 3
9200, -0.169483, 9.578293, 16, 4, 12, 2
9210, -0.170727, 9.576362, 15, 3, 12, 2
9220, -0.173264, 9.574478, 16, 4, 12, 2
9230, -0.171257, 9.572643, 15, 3, 12, 2
9240, -0.173774, 9.570867, 16, 3, 12, 2
9250, -0.175401, 9.569149, 16, 4, 11, 2
9260, -0.179362, 9.567485, 16, 4, 11, 2
9270, -0.184198, 9.565878, 14, 3, 10, 3
9280, -0.189960, 9.564321, 15, 4, 10, 3
9290, -0.195722, 9.562818, 15, 4, 10, 3
9300, -0.200558, 9.561366, 14, 2, 10, 4
9310, -0.205246, 9.559965, 15, 3, 10, 4
9320, -0.207366, 9.558618, 14, 2, 10, 4
9330, -0.206808, 9.557418, 15, 3, 9, 5
9340, -0.206287, 9.556278, 14, 2, 9, 5
9350, -0.211751, 9.555184, 16, 3, 9, 6
9360, -0.215397, 9.554150, 15, 2, 9, 6
9370, -0.218327, 9.553257, 16, 2, 9, 7
9380, -0.217839, 9.552396, 16, 2, 9, 7
9390, -0.222005, 9.551575, 17, 3, 9, 7
9400, -0.222005, 9.550874, 16, 2, 9, 7
9410, -0.226194, 9.550213, 15, 2, 8, 7
9420, -0.228103, 9.549660, 15, 2, 8, 7
9430, -0.234614, 9.549128, 16, 3, 8, 7
9440, -0.239138, 9.548688, 17, 4, 8, 7
9450, -0.239138, 9.548257, 15, 2, 8, 7
9460, -0.238650, 9.547916, 16, 2, 9, 7
9470, -0.235959, 9.547791, 16, 2, 9, 7
9480, -0.238032, 9.548051, 17, 2, 10, 7
9490, -0.240365, 9.548792, 18, 3, 10, 7
9500, -0.242698, 9.549918, 18, 3, 10, 7
9510, -0.244358, 9.551348, 18, 2, 11, 7
9520, -0.243924, 9.553112, 18, 2, 11, 7
9530, -0.243490, 9.554934, 18, 2, 11, 7
9540, -0.243490, 9.556737, 18, 2, 11, 7
9550, -0.243490, 9.558439, 18, 2, 11, 7
9560, -0.243490, 9.560297, 18, 2, 11, 7
9570, -0.242781, 9.562195, 19, 2, 11, 8
9580, -0.244040, 9.564291, 20, 3, 11, 8
9590, -0.245299, 9.566441, 20, 3, 11, 8
9600, -0.248999, 9.568783, 19, 3, 11, 7
9610, -0.250733, 9.571165, 19, 3, 11, 7
9620, -0.252467, 9.573717, 19, 3, 11, 7
9630, -0.250487, 9.576430, 18, 2, 11, 7
9640, -0.248508, 9.579121, 18, 2, 11, 7
9650, -0.246528, 9.581916, 18, 2, 11, 7
9660, -0.244928, 9.584812, 17, 2, 10, 7
9670, -0.243328, 9.587792, 17, 2, 10, 7
9680, -0.241556, 9.590825, 16, 2, 9, 7
9690, -0.241383, 9.593910, 16, 2, 9, 7
9700, -0.241211, 9.597041, 16, 2, 9, 7
9710, -0.241211, 9.600191, 16, 2, 9, 7
9720, -0.239453, 9.603364, 15, 2, 8, 7
9730, -0.237695, 9.606543, 15, 2, 8, 7
9740, -0.235938, 9.609710, 15, 2, 8, 7
9750, -0.235938, 9.612873, 15, 2, 8, 7
9760, -0.235938, 9.616024, 15, 2, 8, 7
9770, -0.234115, 9.619172, 16, 2, 8, 8
9780, -0.229688, 9.622291, 14, 2, 8, 6
9790, -0.225260, 9.625367, 14, 2, 8, 6
9800, -0.222656, 9.628401, 14, 2, 8, 6
9810, -0.222656, 9.631401, 14, 2, 8, 6
9820, -0.220553, 9.634388, 13, 2, 8, 5
9830, -0.216847, 9.637335, 13, 2, 8, 5
9840, -0.213141, 9.640232, 13, 2, 8, 5
9850, -0.209168, 9.643079, 12, 2, 8, 4
9860, -0.206798, 9.645876, 12, 2, 8, 4
9870, -0.202591, 9.648629, 13, 2, 9, 4
9880, -0.198251, 9.651330, 12, 2, 9, 3
9890, -0.193910, 9.653975, 12, 2, 9, 3
9900, -0.191707, 9.656567, 13, 2, 10, 3
9910, -0.188001, 9.659115, 13, 2, 11, 2
9920, -0.184295, 9.661610, 13, 2, 11, 2
9930, -0.177701, 9.664055, 12, 2, 11, 1
9940, -0.175114, 9.666434, 12, 2, 11, 1
9950, -0.169705, 9.668769, 11, 1, 11, 0
9960, -0.165582, 9.671046, 12, 1, 12, 0
9970, -0.162760, 9.673274, 13, 1, 13, 0
9980, -0.162760, 9.675600, 13, 1, 13, 0
9990, -0.164062, 9.677920, 13, 1, 13, 0
10000, -0.164062, 9.680217, 13, 1, 13, 0
10010, -0.165365, 9.682470, 14, 1, 14, 0
10020, -0.164149, 9.684701, 15, 2, 14, 1
10030, -0.162934, 9.686894, 15, 2, 14, 1
10040, -0.161632, 9.689039, 16, 2, 15, 1
10050, -0.160406, 9.691145, 16, 2, 15, 1
10060, -0.156872, 9.693212, 17, 2, 15, 2
10070, -0.150687, 9.695227, 16, 2, 14, 2
10080, -0.144704, 9.697189, 17, 2, 14, 3
10090, -0.136866, 9.699094, 18, 2, 14, 4
10100, -0.128957, 9.700941, 17, 2, 13, 4
10110, -0.122677, 9.702726, 17, 2, 13, 4
10120, -0.118987, 9.704466, 16, 2, 12, 4
10130, -0.112860, 9.706145, 17, 2, 12, 5
10140, -0.107345, 9.707692, 17, 2, 12, 5
10150, -0.100584, 9.709219, 13, 2, 8, 5
10160, -0.095321, 9.710720, 14, 2, 8, 6
10170, -0.086896, 9.712204, 12, 2, 6, 6
10180, -0.077263, 9.713649, 11, 2, 6, 5
10190, -0.065578, 9.715051, 11, 2, 7, 4
10200, -0.053598, 9.716400, 10, 2, 7, 3
10210, -0.039654, 9.717696, 10, 2, 8, 2
10220, -0.030237, 9.718930, 9, 2, 7, 2
10230, -0.017622, 9.720130, 9, 2, 8, 1
10240, -0.003038, 9.721281, 8, 1, 8, 0
10250, 0.011574, 9.722369, 8, 1, 8, 0
10260, 0.022135, 9.723148, 8, 1, 8, 0
10270, 0.024740, 9.723687, 8, 1, 8, 0
10280, 0.029948, 9.723998, 8, 1, 8, 0
10290, 0.033854, 9.724103, 7, 1, 7, 0
10300, 0.039062, 9.724003, 6, 1, 6, 0
10310, 0.044271, 9.723705, 6, 1, 6, 0
10320, 0.050781, 9.723250, 4, 1, 4, 0
10330, 0.057292, 9.722661, 3, 1, 3, 0
10340, 0.062500, 9.721962, 2, 1, 2, 0
10350, 0.066406, 9.721369, 1, 1, 1, 0
10360, 0.069010, 9.720872, 1, 1, 1, 0
10370, 0.071615, 9.720311, 2, 1, 2, 0
10380, 0.071615, 9.719771, 3, 1, 3, 0
10390, 0.069010, 9.719209, 3, 1, 3, 0
10400, 0.063802, 9.718616, 4, 1, 4, 0
10410, 0.058594, 9.718027, 5, 1, 5, 0
10420, 0.054688, 9.717383, 6, 1, 6, 0
10430, 0.050781, 9.716703, 7, 1, 7, 0
10440, 0.046875, 9.716002, 8, 1, 8, 0
10450, 0.042969, 9.715290, 9, 1, 9, 0
10460, 0.026414, 9.714573, 14, 2, 9, 5
10470, 0.007157, 9.713856, 19, 2, 10, 9
10480, -0.010949, 9.713121, 21, 2, 11, 10
10490, -0.015227, 9.712388, 23, 1, 23, 0
10500, -0.016803, 9.711660, 22, 1, 22, 0
10510, -0.019531, 9.710946, 23, 1, 23, 0
10520, -0.022135, 9.710244, 23, 1, 23, 0
10530, -0.023438, 9.709551, 23, 1, 23, 0
10540, -0.023438, 9.708867, 23, 1, 23, 0
10550, -0.023438, 9.708163, 23, 1, 23, 0
10560, -0.023438, 9.707469, 23, 1, 23, 0
10570, -0.023438, 9.706787, 23, 1, 23, 0
10580, -0.024740, 9.706058, 22, 1, 22, 0
10590, -0.027344, 9.705332, 23, 1, 23, 0
10600, -0.028646, 9.704589, 22, 1, 22, 0
10610, -0.027344, 9.703865, 21, 1, 21, 0
10620, -0.024740, 9.703114, 21, 1, 21, 0
10630, -0.022135, 9.702334, 20, 1, 20, 0
10640, -0.019531, 9.701526, 19, 1, 19, 0
10650, -0.016927, 9.700718, 17, 1, 17, 0
10660, -0.013021, 9.699883, 15, 1, 15, 0
10670, -0.010417, 9.699018, 15, 1, 15, 0
10680, -0.002604, 9.698118, 11, 1, 11, 0
10690, 0.002604, 9.697195, 11, 1, 11, 0
10700, 0.006510, 9.696249, 10, 1, 10, 0
10710, 0.005208, 9.695281, 10, 1, 10, 0
10720, 0.003906, 9.694292, 10, 1, 10, 0
10730, 0.003906, 9.693282, 10, 1, 10, 0
10740, 0.002604, 9.692274, 9, 1, 9, 0
10750, 0.001302, 9.691246, 9, 1, 9, 0
10760, -0.001302, 9.690207, 10, 1, 10, 0
10770, -0.002604, 9.689152, 10, 1, 10, 0
10780, -0.010938, 9.688084, 10, 2, 9, 1
10790, -0.012240, 9.686996, 9, 1, 9, 0
10800, -0.013542, 9.685897, 9, 1, 9, 0
10810, -0.009115, 9.684791, 8, 1, 8, 0
10820, -0.010417, 9.683674, 8, 1, 8, 0
10830, -0.013021, 9.682561, 9, 1, 9, 0
10840, -0.022135, 9.681445, 9, 2, 8, 1
10850, -0.024740, 9.680317, 8, 1, 8, 0
10860, -0.026042, 9.679191, 8, 1, 8, 0
10870, -0.025174, 9.678057, 9, 2, 8, 1
10880, -0.033131, 9.676810, 9, 2, 8, 1
10890, -0.041088, 9.675575, 9, 2, 8, 1
10900, -0.047946, 9.674361, 10, 2, 8, 2
10910, -0.054601, 9.673175, 9, 2, 7, 2
10920, -0.061256, 9.672015, 9, 2, 7, 2
10930, -0.067103, 9.670871, 11, 2, 8, 3
10940, -0.073064, 9.669630, 10, 2, 7, 3
10950, -0.082481, 9.668413, 11, 2, 7, 4
10960, -0.090175, 9.667226, 12, 2, 7, 5
10970, -0.095644, 9.666068, 12, 2, 7, 5
10980, -0.101763, 9.664825, 13, 2, 7, 6
10990, -0.106971, 9.663631, 14, 2, 7, 7
11000, -0.112179, 9.662478, 14, 2, 7, 7
11010, -0.117746, 9.661366, 14, 2, 8, 6
11020, -0.122210, 9.660175, 14, 2, 8, 6
11030, -0.126674, 9.659020, 14, 2, 8, 6
11040, -0.129046, 9.657904, 16, 2, 10, 6
11050, -0.133696, 9.656720, 15, 2, 10, 5
11060, -0.137121, 9.655581, 17, 2, 11, 6
11070, -0.139674, 9.654488, 19, 2, 13, 6
11080, -0.139948, 9.653343, 19, 2, 13, 6
11090, -0.143343, 9.652245, 18, 2, 13, 5
11100, -0.146770, 9.651202, 19, 2, 14, 5
11110, -0.150196, 9.650103, 19, 2, 14, 5
11120, -0.151727, 9.649050, 19, 2, 14, 5
11130, -0.155154, 9.648056, 19, 2, 15, 4
11140, -0.157312, 9.647002, 20, 2, 15, 5
11150, -0.159471, 9.646013, 20, 2, 15, 5
11160, -0.158203, 9.645076, 20, 2, 15, 5
11170, -0.162075, 9.644112, 19, 2, 15, 4
11180, -0.165947, 9.643201, 19, 2, 15, 4
11190, -0.169819, 9.642346, 19, 2, 15, 4
11200, -0.172985, 9.641461, 21, 3, 16, 4
11210, -0.176411, 9.640629, 19, 2, 16, 3
11220, -0.179838, 9.639863, 19, 2, 16, 3
11230, -0.180099, 9.639147, 19, 2, 16, 3
11240, -0.183186, 9.638410, 21, 3, 17, 3
11250, -0.182007, 9.637723, 20, 3, 14, 4
11260, -0.181291, 9.637153, 18, 3, 14, 3
11270, -0.177488, 9.636661, 18, 3, 14, 3
11280, -0.180990, 9.636225, 18, 4, 13, 3
11290, -0.181875, 9.635831, 17, 3, 13, 3
11300, -0.182974, 9.635398, 15, 2, 13, 2
11310, -0.181036, 9.635007, 15, 2, 13, 2
11320, -0.181250, 9.634673, 15, 2, 13, 2
11330, -0.183822, 9.634399, 16, 3, 13, 2
11340, -0.182371, 9.634172, 14, 2, 12, 2
11350, -0.180920, 9.633997, 14, 2, 12, 2
11360, -0.179230, 9.633869, 13, 2, 12, 1
11370, -0.181562, 9.633788, 13, 2, 12, 1
11380, -0.188916, 9.633746, 15, 4, 12, 1
11390, -0.186955, 9.633735, 14, 2, 12, 2
11400, -0.184995, 9.633943, 14, 2, 12, 2
11410, -0.181176, 9.634460, 12, 2, 11, 1
11420, -0.184338, 9.635352, 12, 2, 11, 1
11430, -0.190905, 9.636537, 13, 3, 11, 1
11440, -0.193510, 9.637944, 13, 3, 11, 1
11450, -0.196114, 9.639485, 13, 3, 11, 1
11460, -0.194227, 9.641075, 12, 3, 10, 1
11470, -0.198134, 9.642727, 12, 2, 10, 2
11480, -0.202040, 9.644418, 12, 2, 10, 2
11490, -0.207031, 9.646073, 12, 2, 10, 2
11500, -0.204527, 9.647753, 13, 3, 10, 2
11510, -0.202023, 9.649466, 13, 3, 10, 2
11520, -0.199519, 9.651233, 13, 3, 10, 2
11530, -0.200721, 9.653062, 12, 3, 9, 2
11540, -0.201923, 9.654970, 12, 3, 9, 2
11550, -0.203559, 9.656950, 12, 3, 9, 2
11560, -0.202629, 9.658999, 14, 3, 10, 2
11570, -0.204031, 9.661094, 13, 3, 10, 2
11580, -0.204999, 9.663233, 13, 3, 10, 2
11590, -0.207332, 9.665413, 13, 3, 10, 2
11600, -0.207332, 9.667626, 13, 3, 10, 2
11610, -0.207332, 9.669866, 13, 3, 10, 2
11620, -0.207332, 9.672121, 13, 3, 10, 2
11630, -0.204999, 9.674389, 14, 3, 10, 2
11640, -0.202667, 9.676772, 14, 3, 10, 2
11650, -0.199219, 9.678885, 14, 3, 11, 2
11660, -0.195541, 9.680980, 13, 2, 11, 2
11670, -0.191864, 9.683195, 13, 2, 11, 2
11680, -0.191306, 9.685531, 12, 2, 11, 1
11690, -0.193309, 9.688030, 12, 2, 11, 1
11700, -0.195312, 9.690491, 12, 2, 11, 1
11710, -0.195312, 9.692919, 12, 2, 11, 1
11720, -0.196715, 9.695112, 13, 2, 12, 1
11730, -0.198117, 9.697031, 13, 2, 12, 1
11740, -0.197187, 9.698773, 14, 2, 12, 2
11750, -0.194855, 9.700175, 14, 2, 12, 2
11760, -0.192522, 9.701366, 14, 2, 12, 2
11770, -0.192522, 9.702277, 14, 2, 12, 2
11780, -0.193973, 9.702886, 15, 2, 13, 2
11790, -0.193276, 9.703251, 16, 2, 13, 3
11800, -0.192578, 9.703392, 16, 2, 13, 3
11810, -0.190430, 9.703239, 16, 2, 13, 3
11820, -0.191904, 9.702906, 17, 2, 14, 3
11830, -0.191362, 9.702435, 18, 2, 14, 4
11840, -0.190248, 9.701520, 19, 2, 15, 4
11850, -0.187660, 9.700282, 19, 2, 15, 4
11860, -0.185056, 9.698886, 18, 2, 14, 4
11870, -0.183023, 9.697319, 18, 2, 14, 4
11880, -0.177517, 9.695843, 18, 2, 13, 5
11890, -0.174913, 9.694766, 18, 2, 14, 4
11900, -0.170803, 9.693473, 17, 2, 13, 4
11910, -0.169552, 9.691943, 17, 2, 13, 4
11920, -0.165441, 9.690180, 17, 2, 13, 4
11930, -0.162224, 9.688161, 17, 2, 13, 4
11940, -0.157629, 9.685880, 17, 2, 13, 4
11950, -0.154412, 9.683319, 17, 2, 13, 4
11960, -0.149816, 9.680063, 17, 2, 13, 4
11970, -0.145029, 9.674782, 16, 2, 12, 4
11980, -0.139821, 9.669563, 17, 2, 13, 4
11990, -0.132927, 9.664711, 17, 2, 12, 5
12000, -0.125613, 9.660924, 17, 2, 12, 5
12010, -0.120787, 9.656972, 16, 2, 12, 4
12020, -0.117034, 9.652856, 16, 2, 12, 4
12030, -0.112630, 9.648566, 12, 3, 7, 4
12040, -0.101780, 9.644116, 9, 2, 5, 4
12050, -0.092376, 9.639600, 9, 2, 5, 4
12060, -0.073495, 9.634834, 8, 3, 4, 3
12070, -0.052166, 9.629765, 7, 3, 4, 2
12080, -0.028367, 9.624369, 4, 2, 3, 1
12090, -0.001023, 9.618636, 2, 1, 2, 0
12100, 0.001085, 9.612549, 3, 2, 2, 1
12110, 0.022569, 9.605946, 2, 1, 2, 0
12120, 0.023872, 9.598894, 4, 3, 2, 1
12130, 0.037326, 9.591398, 6, 3, 3, 2
12140, 0.013455, 9.583450, 6, 2, 5, 1
12150, -0.002604, 9.575343, 6, 2, 5, 1
12160, -0.001649, 9.567022, 10, 4, 6, 2
12170, 0.007248, 9.558518, 8, 2, 6, 2
12180, 0.018750, 9.549747, 12, 3, 7, 4
12190, 0.024050, 9.540662, 17, 3, 9, 6
12200, 0.033816, 9.531220, 16, 1, 16, 0
12210, 0.042074, 9.521416, 19, 3, 17, 1
12220, 0.046380, 9.511281, 18, 2, 16, 2
12230, 0.052022, 9.500840, 18, 2, 17, 1
12240, 0.055845, 9.490111, 18, 2, 16, 2
12250, 0.057870, 9.479107, 18, 2, 17, 1
12260, 0.063657, 9.467840, 18, 2, 16, 2
12270, 0.067510, 9.456325, 19, 2, 17, 2
12280, 0.071595, 9.444565, 17, 2, 16, 1
12290, 0.075448, 9.432567, 19, 2, 17, 2
12300, 0.074489, 9.420341, 17, 1, 17, 0
12310, 0.080044, 9.407898, 19, 2, 17, 2
12320, 0.084553, 9.395246, 20, 2, 17, 3
12330, 0.088459, 9.382395, 18, 1, 18, 0
12340, 0.091338, 9.369352, 19, 2, 17, 2
12350, 0.093551, 9.356131, 20, 2, 18, 2
12360, 0.098143, 9.342741, 19, 2, 18, 1
12370, 0.100630, 9.329192, 21, 2, 19, 2
12380, 0.101411, 9.315878, 20, 3, 16, 2
12390, 0.105022, 9.303044, 20, 4, 16, 2
12400, 0.103472, 9.290527, 18, 3, 15, 2
12410, 0.105562, 9.278398, 19, 3, 14, 3
12420, 0.104684, 9.266719, 16, 3, 12, 3
12430, 0.110326, 9.255555, 17, 3, 11, 4
12440, 0.116410, 9.244962, 18, 3, 10, 5
12450, 0.124328, 9.234922, 17, 4, 9, 6
12460, 0.130693, 9.225370, 18, 3, 8, 8
12470, 0.133930, 9.216286, 19, 3, 9, 8
12480, 0.144374, 9.207640, 22, 3, 11, 7
12490, 0.147309, 9.199389, 21, 3, 13, 7
12500, 0.153240, 9.191509, 22, 3, 14, 6
12510, 0.156013, 9.183968, 21, 5, 11, 5
12520, 0.164570, 9.176753, 21, 5, 11, 5
12530, 0.165629, 9.169839, 19, 4, 10, 5
12540, 0.167247, 9.163231, 20, 4, 10, 5
12550, 0.171731, 9.156924, 19, 4, 9, 5
12560, 0.182970, 9.150908, 19, 4, 8, 6
12570, 0.189282, 9.145166, 19, 4, 8, 7
12580, 0.196546, 9.139708, 19, 4, 8, 7
12590, 0.205969, 9.134530, 20, 4, 9, 6
12600, 0.219177, 9.129621, 22, 4, 10, 6
12610, 0.224248, 9.125022, 19, 3, 12, 6
12620, 0.225478, 9.120748, 18, 5, 8, 6
12630, 0.226049, 9.116794, 17, 5, 7, 5
12640, 0.226203, 9.113237, 16, 4, 7, 5
12650, 0.234449, 9.110043, 18, 4, 7, 5
12660, 0.239620, 9.107194, 20, 4, 8, 6
12670, 0.252445, 9.104637, 20, 5, 8, 5
12680, 0.255990, 9.102370, 20, 4, 8, 5
12690, 0.259121, 9.100319, 21, 4, 8, 6
12700, 0.259121, 9.098391, 20, 4, 8, 6
12710, 0.262376, 9.096585, 20, 4, 7, 6
12720, 0.265234, 9.094943, 20, 4, 8, 6
12730, 0.269775, 9.093482, 23, 4, 8, 7
12740, 0.271416, 9.092219, 23, 4, 8, 7
12750, 0.275999, 9.091148, 21, 4, 8, 7
12760, 0.280443, 9.090267, 24, 4, 9, 7
12770, 0.282234, 9.089592, 22, 4, 8, 7
12780, 0.287834, 9.089102, 25, 4, 10, 7
12790, 0.287806, 9.088678, 23, 4, 9, 7
12800, 0.297152, 9.088304, 27, 4, 11, 7
12810, 0.297465, 9.088046, 25, 4, 11, 7
12820, 0.306658, 9.088023, 26, 4, 11, 6
12830, 0.300389, 9.088142, 19, 4, 7, 6
12840, 0.304323, 9.091007, 22, 5, 7, 6
12850, 0.299093, 9.095377, 23, 5, 7, 7
12860, 0.307882, 9.099964, 24, 5, 7, 7
12870, 0.307335, 9.104508, 21, 5, 7, 6
12880, 0.311474, 9.109165, 20, 4, 7, 6
12890, 0.314877, 9.113929, 22, 5, 7, 6
12900, 0.318975, 9.118729, 22, 4, 8, 6
12910, 0.328084, 9.123420, 23, 5, 8, 6
12920, 0.333795, 9.128082, 24, 5, 8, 6
12930, 0.335952, 9.132523, 23, 4, 8, 6
12940, 0.334069, 9.136899, 24, 5, 8, 6
12950, 0.335957, 9.141151, 25, 5, 8, 6
12960, 0.341107, 9.145327, 25, 5, 9, 6
12970, 0.341404, 9.149400, 23, 4, 8, 6
12980, 0.340294, 9.153387, 23, 5, 8, 6
12990, 0.346670, 9.157361, 24, 5, 8, 7
13000, 0.355705, 9.161213, 24, 5, 8, 7
13010, 0.359101, 9.164852, 23, 5, 8, 7
13020, 0.355126, 9.168381, 22, 4, 8, 7
13030, 0.351506, 9.171672, 22, 4, 8, 7
13040, 0.351393, 9.174757, 23, 4, 9, 7
13050, 0.354234, 9.177844, 22, 4, 9, 7
13060, 0.358799, 9.180663, 21, 3, 9, 7
13070, 0.361209, 9.183371, 25, 3, 11, 8
13080, 0.362669, 9.185676, 24, 3, 11, 7
13090, 0.362049, 9.187570, 24, 3, 11, 7
13100, 0.359336, 9.189099, 22, 4, 7, 7
13110, 0.354995, 9.190348, 21, 4, 7, 7
13120, 0.352233, 9.191348, 22, 4, 7, 7
13130, 0.353535, 9.192153, 22, 4, 8, 7
13140, 0.354759, 9.192727, 22, 4, 8, 6
13150, 0.352391, 9.193035, 22, 4, 7, 7
13160, 0.346788, 9.193078, 21, 4, 7, 7
13170, 0.342961, 9.192865, 21, 4, 7, 7
13180, 0.341146, 9.192445, 21, 4, 7, 7
13190, 0.340402, 9.191813, 21, 4, 7, 7
13200, 0.341980, 9.190937, 22, 5, 7, 7
13210, 0.345113, 9.189781, 23, 5, 7, 7
13220, 0.351412, 9.188310, 25, 4, 11, 7
13230, 0.352785, 9.186484, 25, 3, 11, 8
13240, 0.352500, 9.184440, 25, 3, 11, 8
13250, 0.348542, 9.182151, 25, 4, 10, 7
13260, 0.350000, 9.179603, 25, 4, 10, 7
13270, 0.351827, 9.176819, 26, 4, 11, 7
13280, 0.349852, 9.173761, 23, 4, 9, 7
13290, 0.345518, 9.170425, 23, 4, 9, 7
13300, 0.340410, 9.166800, 26, 4, 9, 8
13310, 0.340353, 9.162965, 26, 4, 9, 8
13320, 0.337409, 9.158943, 23, 4, 8, 8
13330, 0.337084, 9.154713, 24, 5, 8, 8
13340, 0.336541, 9.150280, 24, 4, 8, 8
13350, 0.334527, 9.145634, 24, 4, 8, 7
13360, 0.328885, 9.140789, 24, 4, 8, 8
13370, 0.328229, 9.135780, 25, 5, 8, 8
13380, 0.328206, 9.130636, 23, 4, 8, 7
13390, 0.326870, 9.125337, 23, 4, 9, 7
13400, 0.321037, 9.120566, 25, 4, 9, 7
13410, 0.317480, 9.117729, 24, 4, 8, 7
13420, 0.315550, 9.114862, 22, 4, 8, 7
13430, 0.313240, 9.111990, 23, 4, 9, 6
13440, 0.311682, 9.109091, 22, 4, 8, 6
13450, 0.309788, 9.106334, 22, 4, 8, 7
13460, 0.307884, 9.103829, 22, 4, 8, 6
13470, 0.305526, 9.101709, 23, 4, 9, 6
13480, 0.302922, 9.100061, 22, 4, 8, 7
13490, 0.302077, 9.098917, 21, 4, 8, 6
13500, 0.299812, 9.098303, 23, 4, 8, 7
13510, 0.297208, 9.098222, 22, 4, 8, 7
13520, 0.294976, 9.098651, 21, 4, 7, 7
13530, 0.289785, 9.099433, 20, 3, 8, 7
13540, 0.287180, 9.100650, 22, 5, 8, 7
13550, 0.284803, 9.102195, 23, 4, 8, 7
13560, 0.283302, 9.103971, 19, 3, 8, 6
13570, 0.282597, 9.105920, 23, 5, 8, 7
13580, 0.275674, 9.108024, 21, 5, 7, 7
13590, 0.273820, 9.110133, 21, 5, 8, 6
13600, 0.269593, 9.112086, 21, 5, 8, 6
13610, 0.265755, 9.114009, 22, 5, 7, 7
13620, 0.261048, 9.115996, 22, 5, 7, 7
13630, 0.255538, 9.118061, 23, 5, 7, 7
13640, 0.253672, 9.120218, 21, 5, 7, 6
13650, 0.249766, 9.122493, 22, 5, 7, 6
13660, 0.246347, 9.124871, 21, 5, 7, 5
13670, 0.241040, 9.127330, 20, 5, 7, 5
13680, 0.231084, 9.129835, 19, 4, 7, 5
13690, 0.227116, 9.132339, 21, 5, 7, 5
13700, 0.218927, 9.134849, 18, 4, 7, 5
13710, 0.218151, 9.137333, 18, 5, 7, 5
13720, 0.208189, 9.139812, 18, 4, 7, 5
13730, 0.202402, 9.142238, 18, 3, 7, 6
13740, 0.197559, 9.144623, 19, 3, 8, 6
13750, 0.197023, 9.146968, 20, 3, 8, 7
13760, 0.198890, 9.149286, 20, 4, 7, 7
13770, 0.193270, 9.151588, 19, 3, 7, 6
13780, 0.188453, 9.153836, 20, 3, 8, 6
13790, 0.180900, 9.156027, 20, 4, 8, 7
13800, 0.174870, 9.158149, 18, 3, 8, 7
13810, 0.166368, 9.160208, 17, 3, 8, 7
13820, 0.160975, 9.162195, 19, 3, 10, 7
13830, 0.159604, 9.164125, 19, 4, 10, 7
13840, 0.158413, 9.166019, 18, 3, 10, 7
13850, 0.153688, 9.167882, 17, 2, 10, 7
13860, 0.153003, 9.169697, 19, 3, 11, 7
13870, 0.150254, 9.171486, 18, 2, 10, 8
13880, 0.150713, 9.173241, 17, 2, 10, 7
13890, 0.147408, 9.174979, 17, 2, 10, 7
13900, 0.146048, 9.176685, 15, 2, 8, 7
13910, 0.140472, 9.178368, 15, 2, 8, 7
13920, 0.134896, 9.180007, 15, 2, 8, 7
13930, 0.129353, 9.181606, 14, 2, 8, 6
13940, 0.121367, 9.183165, 15, 3, 9, 5
13950, 0.115749, 9.184676, 14, 2, 9, 5
13960, 0.107378, 9.186153, 14, 3, 9, 4
13970, 0.101376, 9.187587, 14, 3, 10, 3
13980, 0.093006, 9.188991, 14, 3, 10, 3
13990, 0.085565, 9.190359, 14, 3, 11, 2
14000, 0.077195, 9.191694, 14, 3, 11, 2
14010, 0.070670, 9.193069, 13, 3, 11, 1
14020, 0.064594, 9.194462, 15, 3, 12, 2
14030, 0.060502, 9.195822, 14, 2, 12, 2
14040, 0.053757, 9.197163, 15, 2, 13, 2
14050, 0.049938, 9.198471, 15, 2, 13, 2
14060, 0.045966, 9.199761, 17, 2, 14, 3
14070, 0.044447, 9.201038, 16, 2, 14, 2
14080, 0.041169, 9.202314, 17, 2, 14, 3
14090, 0.039560, 9.203582, 18, 2, 15, 3
14100, 0.036305, 9.204852, 18, 2, 15, 3
14110, 0.031113, 9.206116, 19, 2, 15, 4
14120, 0.026521, 9.207362, 19, 2, 15, 4
14130, 0.019874, 9.208593, 19, 2, 15, 4
14140, 0.015237, 9.209803, 18, 2, 14, 4
14150, 0.010028, 9.210992, 19, 2, 15, 4
14160, 0.003449, 9.212150, 19, 2, 14, 5
14170, -0.001759, 9.213311, 18, 2, 14, 4
14180, -0.009320, 9.214217, 18, 2, 13, 5
14190, -0.014529, 9.215009, 19, 2, 14, 5
14200, -0.019737, 9.215681, 18, 2, 14, 4
14210, -0.022052, 9.216206, 18, 2, 14, 4
14220, -0.023761, 9.216535, 17, 2, 14, 3
14230, -0.023735, 9.216630, 17, 2, 15, 2
14240, -0.023437, 9.216458, 17, 2, 15, 2
14250, -0.020221, 9.216005, 15, 1, 15, 0
14260, -0.019378, 9.215339, 16, 1, 16, 0
14270, -0.020833, 9.214501, 18, 1, 18, 0
14280, -0.026042, 9.213519, 19, 1, 19, 0
14290, -0.031250, 9.212585, 20, 1, 20, 0
14300, -0.033854, 9.211702, 20, 1, 20, 0
14310, -0.036458, 9.210840, 21, 1, 21, 0
14320, -0.037760, 9.209855, 21, 1, 21, 0
14330, -0.039062, 9.208814, 21, 1, 21, 0
14340, -0.039062, 9.207720, 21, 1, 21, 0
14350, -0.039062, 9.206628, 21, 1, 21, 0
14360, -0.037760, 9.205466, 20, 1, 20, 0
14370, -0.034660, 9.204239, 21, 2, 20, 1
14380, -0.032056, 9.202956, 19, 1, 19, 0
14390, -0.030754, 9.201634, 19, 1, 19, 0
14400, -0.029948, 9.200290, 18, 1, 18, 0
14410, -0.026042, 9.198937, 18, 1, 18, 0
14420, -0.022135, 9.197584, 18, 1, 18, 0
14430, -0.018229, 9.196238, 17, 1, 17, 0
14440, -0.013710, 9.194892, 17, 2, 16, 1
14450, -0.009804, 9.193563, 15, 1, 15, 0
14460, -0.007200, 9.192255, 15, 1, 15, 0
14470, -0.005208, 9.190973, 15, 1, 15, 0
14480, -0.002604, 9.189717, 15, 1, 15, 0
14490, 0.000000, 9.188488, 15, 1, 15, 0
14500, 0.001302, 9.187287, 14, 1, 14, 0
14510, 0.003906, 9.186113, 15, 1, 15, 0
14520, 0.006510, 9.184969, 15, 1, 15, 0
14530, 0.009115, 9.183855, 14, 1, 14, 0
14540, 0.010417, 9.182771, 14, 1, 14, 0
14550, 0.011719, 9.181717, 14, 1, 14, 0
14560, 0.010254, 9.180688, 16, 2, 15, 1
14570, 0.009820, 9.179688, 15, 2, 14, 1
14580, 0.012424, 9.178727, 14, 1, 14, 0
14590, 0.016493, 9.177794, 14, 1, 14, 0
14600, 0.020833, 9.176882, 15, 1, 15, 0
14610, 0.019368, 9.175992, 16, 2, 15, 1
14620, 0.020671, 9.175124, 15, 1, 15, 0
14630, 0.020671, 9.174277, 15, 1, 15, 0
14640, 0.024740, 9.173452, 16, 1, 16, 0
14650, 0.027344, 9.172643, 15, 1, 15, 0
14660, 0.029948, 9.171852, 15, 1, 15, 0
14670, 0.031250, 9.171078, 15, 1, 15, 0
14680, 0.032552, 9.170325, 16, 1, 16, 0
14690, 0.033854, 9.169630, 16, 1, 16, 0
14700, 0.035156, 9.168992, 16, 1, 16, 0
14710, 0.035156, 9.168406, 16, 1, 16, 0
14720, 0.036458, 9.167864, 17, 1, 17, 0
14730, 0.037760, 9.167363, 17, 1, 17, 0
14740, 0.039062, 9.166903, 17, 1, 17, 0
14750, 0.040365, 9.166483, 16, 1, 16, 0
14760, 0.042969, 9.166102, 17, 1, 17, 0
14770, 0.045573, 9.165758, 17, 1, 17, 0
14780, 0.046875, 9.165451, 17, 1, 17, 0
14790, 0.046875, 9.165185, 17, 1, 17, 0
14800, 0.048177, 9.164922, 18, 1, 18, 0
14810, 0.049479, 9.164692, 18, 1, 18, 0
14820, 0.052083, 9.164495, 17, 1, 17, 0
14830, 0.053385, 9.164336, 17, 1, 17, 0
14840, 0.055990, 9.164208, 18, 1, 18, 0
14850, 0.057292, 9.164116, 18, 1, 18, 0
14860, 0.058594, 9.164059, 18, 1, 18, 0
14870, 0.058594, 9.164033, 18, 1, 18, 0
14880, 0.059896, 9.164037, 17, 1, 17, 0
14890, 0.062500, 9.164068, 18, 1, 18, 0
14900, 0.065104, 9.164132, 18, 1, 18, 0
14910, 0.066406, 9.164221, 18, 1, 18, 0
14920, 0.066406, 9.164336, 18, 1, 18, 0
14930, 0.066406, 9.164475, 18, 1, 18, 0
14940, 0.067708, 9.164628, 19, 1, 19, 0
14950, 0.070312, 9.164788, 18, 1, 18, 0
14960, 0.072917, 9.164966, 18, 1, 18, 0
14970, 0.074219, 9.165161, 18, 1, 18, 0
14980, 0.074219, 9.165373, 18, 1, 18, 0
14990, 0.074219, 9.165602, 18, 1, 18, 0
15000, 0.074219, 9.165845, 18, 1, 18, 0
15010, 0.075521, 9.166106, 19, 1, 19, 0
15020, 0.076823, 9.166378, 19, 1, 19, 0
15030, 0.078125, 9.166661, 19, 1, 19, 0
15040, 0.078125, 9.166950, 19, 1, 19, 0
15050, 0.078125, 9.167249, 19, 1, 19, 0
15060, 0.078125, 9.167559, 19, 1, 19, 0
15070, 0.078125, 9.167877, 19, 1, 19, 0
15080, 0.078125, 9.168201, 19, 1, 19, 0
15090, 0.078125, 9.168526, 19, 1, 19, 0
15100, 0.079427, 9.168859, 20, 1, 20, 0
15110, 0.080729, 9.169190, 20, 1, 20, 0
15120, 0.082031, 9.169525, 20, 1, 20, 0
15130, 0.082031, 9.169854, 20, 1, 20, 0
15140, 0.082031, 9.170181, 20, 1, 20, 0
15150, 0.082031, 9.170507, 20, 1, 20, 0
15160, 0.082031, 9.170833, 20, 1, 20, 0
15170, 0.082031, 9.171152, 20, 1, 20, 0
15180, 0.082031, 9.171464, 20, 1, 20, 0
15190, 0.082031, 9.171771, 20, 1, 20, 0
15200, 0.082031, 9.172073, 20, 1, 20, 0
15210, 0.082031, 9.172363, 20, 1, 20, 0
15220, 0.082031, 9.172641, 20, 1, 20, 0
15230, 0.082031, 9.172909, 20, 1, 20, 0
15240, 0.082031, 9.173169, 20, 1, 20, 0
15250, 0.080729, 9.173418, 21, 1, 21, 0
15260, 0.079427, 9.173652, 21, 1, 21, 0
15270, 0.078125, 9.173871, 21, 1, 21, 0
15280, 0.078125, 9.174075, 21, 1, 21, 0
15290, 0.078125, 9.174267, 21, 1, 21, 0
15300, 0.076823, 9.174449, 20, 1, 20, 0
15310, 0.074219, 9.174626, 21, 1, 21, 0
15320, 0.071615, 9.174804, 21, 1, 21, 0
15330, 0.070312, 9.174984, 21, 1, 21, 0
15340, 0.070312, 9.175153, 21, 1, 21, 0
15350, 0.070312, 9.175300, 21, 1, 21, 0
15360, 0.069010, 9.175425, 22, 1, 22, 0
15370, 0.067708, 9.175526, 22, 1, 22, 0
15380, 0.066406, 9.175605, 22, 1, 22, 0
15390, 0.063802, 9.175655, 22, 1, 22, 0
15400, 0.059896, 9.175679, 23, 1, 23, 0
15410, 0.055990, 9.175675, 23, 1, 23, 0
15420, 0.053385, 9.175640, 24, 1, 24, 0
15430, 0.050781, 9.175570, 25, 1, 25, 0
15440, 0.048177, 9.175412, 25, 1, 25, 0
15450, 0.045573, 9.175003, 24, 1, 24, 0
15460, 0.042969, 9.174595, 25, 1, 25, 0
15470, 0.040365, 9.174190, 25, 1, 25, 0
15480, 0.039062, 9.173925, 25, 1, 25, 0
15490, 0.039062, 9.173673, 25, 1, 25, 0
15500, 0.037760, 9.173398, 24, 1, 24, 0
15510, 0.035156, 9.173100, 25, 1, 25, 0
15520, 0.032552, 9.172779, 25, 1, 25, 0
15530, 0.031250, 9.172433, 25, 1, 25, 0
15540, 0.031250, 9.172061, 25, 1, 25, 0
15550, 0.029948, 9.171665, 24, 1, 24, 0
15560, 0.027344, 9.171224, 25, 1, 25, 0
15570, 0.024740, 9.170766, 25, 1, 25, 0
15580, 0.023438, 9.170295, 25, 1, 25, 0
15590, 0.022135, 9.169784, 24, 1, 24, 0
15600, 0.019531, 9.169263, 25, 1, 25, 0
15610, 0.016927, 9.168706, 25, 1, 25, 0
15620, 0.014323, 9.168143, 24, 1, 24, 0
15630, 0.011719, 9.167546, 25, 1, 25, 0
15640, 0.009115, 9.166947, 25, 1, 25, 0
15650, 0.007812, 9.166314, 25, 1, 25, 0
15660, 0.005208, 9.165651, 25, 1, 25, 0
15670, 0.002604, 9.164961, 25, 1, 25, 0
15680, 0.000000, 9.164281, 25, 1, 25, 0
15690, -0.001302, 9.163581, 24, 1, 24, 0
15700, -0.003906, 9.162853, 25, 1, 25, 0
15710, -0.006510, 9.162096, 25, 1, 25, 0
15720, -0.011719, 9.161305, 22, 1, 22, 0
15730, -0.019531, 9.160483, 21, 1, 21, 0
15740, -0.027344, 9.159629, 21, 1, 21, 0
15750, -0.032552, 9.158704, 20, 1, 20, 0
15760, -0.033854, 9.157747, 20, 1, 20, 0
15770, -0.037760, 9.156764, 20, 1, 20, 0
15780, -0.040365, 9.155756, 20, 1, 20, 0
15790, -0.042969, 9.154721, 20, 1, 20, 0
15800, -0.044271, 9.153656, 19, 1, 19, 0
15810, -0.046875, 9.152562, 20, 1, 20, 0
15820, -0.049479, 9.151441, 20, 1, 20, 0
15830, -0.050781, 9.150293, 20, 1, 20, 0
15840, -0.052083, 9.149116, 19, 1, 19, 0
15850, -0.054688, 9.147909, 20, 1, 20, 0
15860, -0.057292, 9.146696, 20, 1, 20, 0
15870, -0.058594, 9.145457, 20, 1, 20, 0
15880, -0.059896, 9.144187, 19, 1, 19, 0
15890, -0.061198, 9.142891, 19, 1, 19, 0
15900, -0.063802, 9.141567, 20, 1, 20, 0
15910, -0.065104, 9.140217, 20, 1, 20, 0
15920, -0.066406, 9.138844, 20, 1, 20, 0
15930, -0.067708, 9.137448, 19, 1, 19, 0
15940, -0.070312, 9.136034, 20, 1, 20, 0
15950, -0.072917, 9.134476, 20, 1, 20, 0
15960, -0.074219, 9.132910, 20, 1, 20, 0
15970, -0.074219, 9.131353, 20, 1, 20, 0
15980, -0.075521, 9.129809, 21, 1, 21, 0
15990, -0.078125, 9.128275, 20, 1, 20, 0
16000, -0.080729, 9.126745, 20, 1, 20, 0
16010, -0.082031, 9.125096, 20, 1, 20, 0
16020, -0.083333, 9.123455, 21, 1, 21, 0
16030, -0.084635, 9.121831, 21, 1, 21, 0
16040, -0.085938, 9.120230, 21, 1, 21, 0
16050, -0.088542, 9.118642, 21, 1, 21, 0
16060, -0.091146, 9.116962, 21, 1, 21, 0
16070, -0.092448, 9.115296, 20, 1, 20, 0
16080, -0.089844, 9.113659, 19, 1, 19, 0
16090, -0.087240, 9.112053, 19, 1, 19, 0
16100, -0.085938, 9.110471, 19, 1, 19, 0
16110, -0.087240, 9.108807, 18, 1, 18, 0
16120, -0.087240, 9.107162, 17, 1, 17, 0
16130, -0.087240, 9.105550, 17, 1, 17, 0
16140, -0.085938, 9.103969, 17, 1, 17, 0
16150, -0.085938, 9.102315, 17, 1, 17, 0
16160, -0.084635, 9.100694, 16, 1, 16, 0
16170, -0.083333, 9.099116, 16, 1, 16, 0
16180, -0.083333, 9.097580, 15, 1, 15, 0
16190, -0.084635, 9.095970, 15, 1, 15, 0
16200, -0.084635, 9.094396, 14, 1, 14, 0
16210, -0.083333, 9.092868, 14, 1, 14, 0
16220, -0.084722, 9.091289, 15, 2, 14, 1
16230, -0.087413, 9.089758, 15, 2, 14, 1
16240, -0.090104, 9.088283, 15, 2, 14, 1
16250, -0.092622, 9.086862, 16, 2, 14, 2
16260, -0.095883, 9.085387, 14, 2, 12, 2
16270, -0.099144, 9.083966, 14, 2, 12, 2
16280, -0.105655, 9.082596, 16, 3, 12, 3
16290, -0.111421, 9.081177, 16, 3, 12, 3
16300, -0.114062, 9.079819, 15, 2, 12, 3
16310, -0.113411, 9.078528, 16, 2, 12, 4
16320, -0.112543, 9.077212, 15, 2, 11, 4
16330, -0.116482, 9.075964, 16, 2, 11, 5
16340, -0.122016, 9.074783, 16, 2, 10, 6
16350, -0.127633, 9.073566, 17, 2, 11, 6
16360, -0.131568, 9.072409, 17, 2, 11, 6
16370, -0.133485, 9.071317, 18, 2, 11, 7
16380, -0.138056, 9.070289, 19, 3, 11, 7
16390, -0.143333, 9.069229, 20, 3, 11, 8
16400, -0.144209, 9.068227, 19, 2, 11, 8
16410, -0.146128, 9.067289, 19, 2, 10, 9
16420, -0.147341, 9.066415, 19, 2, 10, 9
16430, -0.150905, 9.065510, 19, 2, 10, 9
16440, -0.152686, 9.064661, 20, 2, 10, 10
16450, -0.156250, 9.063872, 19, 2, 10, 9
16460, -0.160115, 9.063159, 20, 2, 11, 9
16470, -0.162198, 9.062550, 20, 2, 11, 9
16480, -0.163700, 9.061992, 23, 2, 13, 10
16490, -0.166470, 9.061480, 22, 2, 13, 9
16500, -0.169240, 9.060926, 22, 2, 13, 9
16510, -0.170810, 9.060413, 22, 2, 13, 9
16520, -0.172141, 9.059957, 24, 2, 15, 9
16530, -0.173473, 9.059558, 24, 2, 15, 9
16540, -0.176319, 9.059233, 23, 2, 15, 8
16550, -0.178065, 9.058957, 22, 2, 14, 8
16560, -0.179811, 9.058718, 22, 2, 14, 8
16570, -0.181509, 9.058621, 23, 2, 15, 8
16580, -0.182976, 9.058796, 23, 2, 15, 8
16590, -0.184443, 9.059352, 23, 2, 15, 8
16600, -0.184594, 9.060223, 21, 2, 14, 7
16610, -0.184745, 9.061319, 21, 2, 14, 7
16620, -0.183420, 9.062542, 20, 2, 13, 7
16630, -0.181944, 9.063814, 20, 2, 13, 7
16640, -0.179836, 9.065084, 21, 2, 13, 8
16650, -0.180748, 9.066386, 20, 2, 13, 7
16660, -0.181659, 9.067671, 20, 2, 13, 7
16670, -0.183402, 9.069035, 19, 2, 12, 7
16680, -0.183601, 9.070484, 19, 2, 12, 7
16690, -0.183799, 9.072021, 19, 2, 12, 7
16700, -0.183799, 9.073642, 19, 2, 12, 7
16710, -0.183799, 9.075342, 19, 2, 12, 7
16720, -0.183799, 9.077109, 19, 2, 12, 7
16730, -0.184759, 9.078937, 19, 2, 12, 7
16740, -0.185718, 9.080818, 19, 2, 12, 7
16750, -0.186678, 9.082746, 19, 2, 12, 7
16760, -0.188124, 9.084714, 20, 2, 13, 7
16770, -0.189570, 9.086707, 20, 2, 13, 7
16780, -0.191016, 9.088730, 20, 2, 13, 7
16790, -0.191016, 9.090778, 20, 2, 13, 7
16800, -0.191016, 9.092836, 20, 2, 13, 7
16810, -0.191214, 9.094903, 19, 2, 12, 7
16820, -0.191413, 9.096985, 19, 2, 12, 7
16830, -0.193106, 9.099199, 20, 2, 13, 7
16840, -0.194600, 9.101404, 20, 2, 13, 7
16850, -0.196094, 9.103577, 20, 2, 13, 7
16860, -0.194469, 9.105851, 21, 2, 13, 8
16870, -0.194327, 9.108074, 22, 2, 14, 8
16880, -0.194185, 9.110242, 22, 2, 14, 8
16890, -0.195668, 9.112488, 22, 2, 14, 8
16900, -0.195668, 9.114681, 22, 2, 14, 8
16910, -0.195668, 9.116939, 22, 2, 14, 8
16920, -0.195668, 9.119124, 22, 2, 14, 8
16930, -0.192492, 9.121362, 23, 2, 14, 9
16940, -0.189415, 9.123632, 22, 2, 13, 9
16950, -0.186239, 9.125803, 23, 2, 14, 9
16960, -0.186810, 9.127987, 22, 2, 14, 8
16970, -0.185863, 9.130206, 20, 2, 12, 8
16980, -0.183191, 9.132442, 20, 2, 11, 9
16990, -0.179948, 9.134677, 20, 2, 11, 9
17000, -0.177823, 9.137036, 19, 2, 10, 9
17010, -0.173958, 9.139371, 19, 2, 10, 9
17020, -0.169416, 9.141673, 18, 2, 10, 8
17030, -0.165174, 9.143932, 18, 2, 10, 8
17040, -0.162514, 9.146152, 17, 2, 10, 7
17050, -0.158752, 9.148346, 18, 2, 11, 7
17060, -0.154990, 9.150499, 18, 2, 11, 7
17070, -0.149884, 9.152611, 15, 2, 10, 5
17080, -0.144712, 9.154679, 16, 2, 11, 5
17090, -0.137044, 9.156697, 15, 2, 11, 4
17100, -0.130968, 9.158658, 16, 2, 12, 4
17110, -0.126736, 9.160564, 16, 2, 12, 4
17120, -0.122396, 9.162435, 15, 2, 12, 3
17130, -0.117708, 9.164269, 15, 2, 12, 3
17140, -0.107091, 9.166060, 13, 2, 12, 1
17150, -0.099079, 9.167771, 13, 2, 12, 1
17160, -0.089443, 9.169431, 14, 1, 14, 0
17170, -0.085737, 9.171013, 14, 1, 14, 0
17180, -0.082031, 9.172561, 16, 1, 16, 0
17190, -0.082031, 9.174077, 16, 1, 16, 0
17200, -0.083333, 9.175540, 17, 1, 17, 0
17210, -0.083333, 9.176937, 18, 1, 18, 0
17220, -0.084635, 9.178306, 19, 1, 19, 0
17230, -0.084635, 9.179544, 21, 1, 21, 0
17240, -0.087240, 9.180775, 22, 1, 22, 0
17250, -0.088542, 9.181893, 22, 1, 22, 0
17260, -0.091146, 9.183037, 23, 1, 23, 0
17270, -0.092448, 9.184090, 23, 1, 23, 0
17280, -0.093750, 9.185186, 23, 1, 23, 0
17290, -0.092448, 9.186195, 22, 1, 22, 0
17300, -0.091146, 9.187239, 22, 1, 22, 0
17310, -0.088542, 9.188331, 21, 1, 21, 0
17320, -0.087240, 9.189337, 21, 1, 21, 0
17330, -0.084635, 9.190372, 20, 1, 20, 0
17340, -0.083333, 9.191434, 20, 1, 20, 0
17350, -0.080729, 9.192525, 19, 1, 19, 0
17360, -0.078125, 9.193629, 18, 1, 18, 0
17370, -0.075521, 9.194742, 18, 1, 18, 0
17380, -0.071615, 9.195861, 18, 1, 18, 0
17390, -0.069010, 9.196974, 18, 1, 18, 0
17400, -0.065104, 9.198086, 17, 1, 17, 0
17410, -0.062500, 9.199193, 16, 1, 16, 0
17420, -0.059896, 9.200304, 16, 1, 16, 0
17430, -0.055990, 9.201424, 16, 1, 16, 0
17440, -0.052083, 9.202541, 15, 1, 15, 0
17450, -0.048177, 9.203654, 15, 1, 15, 0
17460, -0.044271, 9.204765, 15, 1, 15, 0
17470, -0.041667, 9.205876, 15, 1, 15, 0
17480, -0.036458, 9.206997, 15, 1, 15, 0
17490, -0.032552, 9.208105, 14, 1, 14, 0
17500, -0.027344, 9.209209, 15, 1, 15, 0
17510, -0.023438, 9.210303, 14, 1, 14, 0
17520, -0.018229, 9.211395, 14, 1, 14, 0
17530, -0.014323, 9.212480, 14, 1, 14, 0
17540, -0.009115, 9.213560, 14, 1, 14, 0
17550, -0.003906, 9.214630, 14, 1, 14, 0
17560, 0.002025, 9.215683, 9, 2, 5, 4
17570, 0.007234, 9.216448, 14, 1, 14, 0
17580, 0.011140, 9.216921, 15, 1, 15, 0
17590, 0.016927, 9.217078, 15, 1, 15, 0
17600, 0.022135, 9.216961, 16, 1, 16, 0
17610, 0.029948, 9.216628, 17, 1, 17, 0
17620, 0.037760, 9.216137, 19, 1, 19, 0
17630, 0.049479, 9.215536, 23, 1, 23, 0
17640, 0.061198, 9.214877, 24, 1, 24, 0
17650, 0.070312, 9.214128, 24, 1, 24, 0
17660, 0.074219, 9.213213, 24, 1, 24, 0
17670, 0.075521, 9.212235, 25, 1, 25, 0
17680, 0.076823, 9.211171, 25, 1, 25, 0
17690, 0.078125, 9.210043, 25, 1, 25, 0
17700, 0.078125, 9.208814, 25, 1, 25, 0
17710, 0.078125, 9.207483, 25, 1, 25, 0
17720, 0.078125, 9.206126, 25, 1, 25, 0
17730, 0.078125, 9.204671, 25, 1, 25, 0
17740, 0.078125, 9.203123, 25, 1, 25, 0
17750, 0.078125, 9.201490, 25, 1, 25, 0
17760, 0.076823, 9.199782, 24, 1, 24, 0
17770, 0.075521, 9.198006, 24, 1, 24, 0
17780, 0.074219, 9.196166, 24, 1, 24, 0
17790, 0.072917, 9.194266, 25, 1, 25, 0
17800, 0.071615, 9.192306, 25, 1, 25, 0
17810, 0.070312, 9.190288, 25, 1, 25, 0
17820, 0.063802, 9.188225, 20, 1, 20, 0
17830, 0.054688, 9.186119, 20, 1, 20, 0
17840, 0.044271, 9.183975, 19, 1, 19, 0
17850, 0.039062, 9.181790, 18, 1, 18, 0
17860, 0.036458, 9.179572, 18, 1, 18, 0
17870, 0.030839, 9.177317, 19, 2, 18, 1
17880, 0.026933, 9.175020, 17, 1, 17, 0
17890, 0.023026, 9.172698, 17, 1, 17, 0
17900, 0.020833, 9.170343, 17, 1, 17, 0
17910, 0.018229, 9.167954, 17, 1, 17, 0
17920, 0.015625, 9.165522, 17, 1, 17, 0
17930, 0.014323, 9.162927, 18, 1, 18, 0
17940, 0.009983, 9.160298, 18, 2, 17, 1
17950, 0.007378, 9.157650, 17, 1, 17, 0
17960, 0.004774, 9.154987, 18, 1, 18, 0
17970, 0.003495, 9.152300, 19, 2, 18, 1
17980, 0.000891, 9.149453, 17, 1, 17, 0
17990, -0.001713, 9.146582, 18, 1, 18, 0
18000, -0.004317, 9.143692, 19, 2, 18, 1
18010, -0.005620, 9.140787, 18, 1, 18, 0
18020, -0.006922, 9.137733, 19, 1, 19, 0
18030, -0.008203, 9.134660, 20, 2, 19, 1
18040, -0.010807, 9.131571, 20, 1, 20, 0
18050, -0.012109, 9.128355, 20, 1, 20, 0
18060, -0.014714, 9.125129, 20, 2, 19, 1
18070, -0.017318, 9.121778, 20, 1, 20, 0
18080, -0.019922, 9.118434, 20, 1, 20, 0
18090, -0.021205, 9.114972, 21, 2, 20, 1
18100, -0.022507, 9.111527, 21, 1, 21, 0
18110, -0.025467, 9.107977, 22, 2, 21, 1
18120, -0.028071, 9.104454, 21, 2, 20, 1
18130, -0.030675, 9.100830, 21, 1, 21, 0
18140, -0.033279, 9.097120, 22, 2, 21, 1
18150, -0.032907, 9.093446, 21, 1, 21, 0
18160, -0.034209, 9.089704, 22, 1, 22, 0
18170, -0.036813, 9.085895, 22, 2, 21, 1
18180, -0.039418, 9.082143, 21, 1, 21, 0
18190, -0.043664, 9.078324, 23, 2, 22, 1
18200, -0.043308, 9.074454, 22, 1, 22, 0
18210, -0.046285, 9.070646, 21, 2, 18, 3
18220, -0.047061, 9.066790, 21, 3, 18, 2
18230, -0.046170, 9.062891, 19, 2, 18, 1
18240, -0.048663, 9.058957, 20, 3, 17, 2
18250, -0.046823, 9.055000, 18, 2, 17, 1
18260, -0.049306, 9.051028, 18, 2, 16, 2
18270, -0.046730, 9.047164, 18, 2, 16, 2
18280, -0.047128, 9.043289, 16, 2, 15, 1
18290, -0.051179, 9.039411, 18, 3, 15, 2
18300, -0.050727, 9.035512, 16, 2, 15, 1
18310, -0.055189, 9.031626, 17, 3, 14, 2
18320, -0.053626, 9.027737, 15, 2, 13, 2
18330, -0.061754, 9.023877, 17, 3, 13, 3
18340, -0.062827, 9.020038, 16, 2, 13, 3
18350, -0.070176, 9.016241, 18, 3, 13, 4
18360, -0.071325, 9.012579, 16, 2, 12, 4
18370, -0.081163, 9.008936, 18, 3, 11, 6
18380, -0.083597, 9.005319, 17, 2, 11, 6
18390, -0.089818, 9.001718, 18, 3, 11, 6
18400, -0.091768, 8.998149, 19, 3, 11, 7
18410, -0.095597, 8.994616, 17, 2, 10, 7
18420, -0.100958, 8.991146, 19, 3, 10, 8
18430, -0.102336, 8.987731, 18, 2, 10, 8
18440, -0.108471, 8.984468, 20, 3, 10, 9
18450, -0.108608, 8.981258, 20, 2, 10, 10
18460, -0.116039, 8.978126, 22, 3, 11, 10
18470, -0.117323, 8.975155, 21, 2, 11, 10
18480, -0.123890, 8.972254, 23, 3, 12, 10
18490, -0.125243, 8.969395, 21, 2, 12, 9
18500, -0.132032, 8.966588, 24, 3, 14, 9
18510, -0.135053, 8.963832, 22, 2, 14, 8
18520, -0.140013, 8.961230, 24, 3, 15, 8
18530, -0.142167, 8.958696, 26, 3, 16, 9
18540, -0.146120, 8.956226, 25, 3, 16, 8
18550, -0.149659, 8.953819, 26, 3, 17, 8
18560, -0.151590, 8.951562, 22, 3, 13, 7
18570, -0.157215, 8.949366, 25, 4, 13, 7
18580, -0.156596, 8.947233, 22, 3, 13, 7
18590, -0.163163, 8.945251, 25, 4, 13, 7
18600, -0.159148, 8.943337, 22, 3, 13, 7
18610, -0.163433, 8.941571, 20, 4, 11, 6
18620, -0.160985, 8.939860, 20, 3, 11, 6
18630, -0.163802, 8.938288, 20, 3, 11, 6
18640, -0.166927, 8.936777, 20, 3, 11, 5
18650, -0.169544, 8.935395, 21, 3, 11, 6
18660, -0.177735, 8.934142, 22, 4, 11, 5
18670, -0.180860, 8.932925, 20, 3, 10, 5
18680, -0.188920, 8.931951, 22, 4, 10, 6
18690, -0.191146, 8.931407, 20, 3, 10, 6
18700, -0.194792, 8.931397, 20, 3, 10, 6
18710, -0.200248, 8.931841, 21, 4, 10, 7
18720, -0.203661, 8.932643, 19, 3, 9, 7
18730, -0.207890, 8.933664, 21, 4, 9, 7
18740, -0.208875, 8.934814, 19, 3, 8, 8
18750, -0.212165, 8.936062, 19, 3, 8, 8
18760, -0.216920, 8.937367, 20, 4, 8, 8
18770, -0.220758, 8.938800, 19, 3, 9, 8
18780, -0.222910, 8.940322, 20, 3, 9, 8
18790, -0.224975, 8.941900, 21, 4, 9, 8
18800, -0.226558, 8.943622, 18, 3, 9, 7
18810, -0.229828, 8.945492, 18, 3, 9, 7
18820, -0.232608, 8.947500, 19, 3, 10, 7
18830, -0.232594, 8.949634, 20, 3, 10, 7
18840, -0.234272, 8.951886, 20, 3, 10, 8
18850, -0.235506, 8.954244, 19, 3, 10, 7
18860, -0.238459, 8.956702, 19, 3, 10, 7
18870, -0.239385, 8.959258, 18, 3, 9, 7
18880, -0.242957, 8.961880, 18, 3, 10, 7
18890, -0.246528, 8.964587, 18, 3, 10, 7
18900, -0.248508, 8.967356, 19, 3, 10, 7
18910, -0.246280, 8.970178, 20, 3, 10, 8
18920, -0.244052, 8.973175, 20, 3, 10, 8
18930, -0.244676, 8.976198, 18, 3, 9, 7
18940, -0.247308, 8.979241, 19, 3, 10, 7
18950, -0.249939, 8.982301, 19, 3, 10, 7
18960, -0.253845, 8.985506, 18, 3, 10, 7
18970, -0.256046, 8.988710, 18, 3, 10, 7
18980, -0.257949, 8.992021, 17, 3, 9, 7
18990, -0.257225, 8.995294, 18, 3, 9, 8
19000, -0.256502, 8.998638, 18, 3, 9, 8
19010, -0.256076, 9.001928, 18, 3, 9, 8
19020, -0.256076, 9.005277, 18, 3, 9, 8
19030, -0.253914, 9.008684, 19, 3, 9, 8
19040, -0.251165, 9.012122, 18, 3, 8, 8
19050, -0.248651, 9.015571, 16, 3, 8, 7
19060, -0.248300, 9.019017, 16, 3, 8, 7
19070, -0.248411, 9.022452, 17, 3, 9, 7
19080, -0.248286, 9.025885, 17, 3, 9, 7
19090, -0.247310, 9.029306, 16, 3, 9, 6
19100, -0.246458, 9.032697, 16, 3, 9, 6
19110, -0.240024, 9.036067, 17, 3, 10, 5
19120, -0.234442, 9.039378, 17, 3, 10, 5
19130, -0.228860, 9.042644, 17, 3, 10, 5
19140, -0.230861, 9.045855, 16, 3, 10, 5
19150, -0.230790, 9.049057, 15, 3, 10, 4
19160, -0.227420, 9.052229, 16, 3, 11, 3
19170, -0.222049, 9.055358, 16, 3, 11, 3
19180, -0.217361, 9.058424, 15, 3, 12, 2
19190, -0.215972, 9.061432, 15, 3, 12, 2
19200, -0.212391, 9.064405, 16, 3, 12, 2
19210, -0.207878, 9.067323, 15, 3, 12, 2
19220, -0.203364, 9.070179, 15, 3, 12, 2
19230, -0.198969, 9.072982, 16, 3, 12, 3
19240, -0.196734, 9.075743, 16, 2, 14, 2
19250, -0.194499, 9.078617, 16, 2, 14, 2
19260, -0.192364, 9.081428, 17, 2, 14, 3
19270, -0.191821, 9.084191, 18, 2, 15, 3
19280, -0.189405, 9.086911, 19, 2, 15, 4
19290, -0.188962, 9.089580, 19, 2, 15, 4
19300, -0.186730, 9.092181, 21, 2, 16, 5
19310, -0.187648, 9.094729, 20, 2, 16, 4
19320, -0.188566, 9.097234, 20, 2, 16, 4
19330, -0.185962, 9.099706, 21, 2, 16, 5
19340, -0.182081, 9.102116, 21, 2, 16, 5
19350, -0.174975, 9.104456, 21, 2, 15, 6
19360, -0.170263, 9.106717, 20, 2, 14, 6
19370, -0.163814, 9.108916, 21, 2, 14, 7
19380, -0.159071, 9.111043, 20, 2, 13, 7
19390, -0.153981, 9.113106, 22, 2, 14, 8
19400, -0.147384, 9.115110, 20, 2, 11, 9
19410, -0.142214, 9.117058, 17, 2, 9, 8
19420, -0.134896, 9.118957, 17, 2, 9, 8
19430, -0.127604, 9.120731, 15, 2, 9, 6
19440, -0.116932, 9.122371, 15, 2, 10, 5
19450, -0.107577, 9.123938, 14, 2, 10, 4
19460, -0.096788, 9.125454, 14, 2, 11, 3
19470, -0.086372, 9.126904, 12, 2, 10, 2
19480, -0.073196, 9.128305, 12, 2, 11, 1
19490, -0.063151, 9.129635, 13, 2, 12, 1
19500, -0.052300, 9.130919, 12, 1, 12, 0
19510, -0.045573, 9.132152, 13, 1, 13, 0
19520, -0.041667, 9.133357, 14, 1, 14, 0
19530, -0.041667, 9.134549, 16, 1, 16, 0
19540, -0.045573, 9.135750, 18, 1, 18, 0
19550, -0.048177, 9.136982, 20, 1, 20, 0
19560, -0.050781, 9.138235, 22, 1, 22, 0
19570, -0.052083, 9.139502, 23, 1, 23, 0
19580, -0.053385, 9.140773, 25, 1, 25, 0
19590, -0.054688, 9.142050, 25, 1, 25, 0
19600, -0.052083, 9.143337, 25, 1, 25, 0
19610, -0.046875, 9.144608, 25, 1, 25, 0
19620, -0.041667, 9.145853, 25, 1, 25, 0
19630, -0.037760, 9.147075, 24, 1, 24, 0
19640, -0.035156, 9.148293, 23, 1, 23, 0
19650, -0.032552, 9.149513, 21, 1, 21, 0
19660, -0.031250, 9.150744, 21, 1, 21, 0
19670, -0.028646, 9.151995, 21, 1, 21, 0
19680, -0.024740, 9.153265, 20, 1, 20, 0
19690, -0.020833, 9.154539, 20, 1, 20, 0
19700, -0.016927, 9.155820, 20, 1, 20, 0
19710, -0.013021, 9.157109, 19, 1, 19, 0
19720, -0.007812, 9.158407, 20, 1, 20, 0
19730, -0.003906, 9.159710, 19, 1, 19, 0
19740, 0.001302, 9.161017, 19, 1, 19, 0
19750, 0.005208, 9.162062, 19, 1, 19, 0
19760, 0.011719, 9.162769, 20, 1, 20, 0
19770, 0.018229, 9.163223, 20, 1, 20, 0
19780, 0.029948, 9.163466, 24, 1, 24, 0
19790, 0.040365, 9.163528, 24, 1, 24, 0
19800, 0.049479, 9.163392, 25, 1, 25, 0
19810, 0.053385, 9.163055, 25, 1, 25, 0
19820, 0.054688, 9.162569, 25, 1, 25, 0
19830, 0.057292, 9.162083, 25, 1, 25, 0
19840, 0.059896, 9.161617, 25, 1, 25, 0
19850, 0.062500, 9.161114, 25, 1, 25, 0
19860, 0.062500, 9.160568, 25, 1, 25, 0
19870, 0.062500, 9.159945, 25, 1, 25, 0
19880, 0.062500, 9.159226, 25, 1, 25, 0
19890, 0.062500, 9.158414, 25, 1, 25, 0
19900, 0.062500, 9.157530, 25, 1, 25, 0
19910, 0.062500, 9.156643, 25, 1, 25, 0
19920, 0.062500, 9.155684, 25, 1, 25, 0
19930, 0.062500, 9.154659, 25, 1, 25, 0
19940, 0.062500, 9.153578, 25, 1, 25, 0
19950, 0.062500, 9.152453, 25, 1, 25, 0
19960, 0.062500, 9.151294, 25, 1, 25, 0
19970, 0.062500, 9.150102, 25, 1, 25, 0
19980, 0.062500, 9.148877, 25, 1, 25, 0
19990, 0.062500, 9.147611, 25, 1, 25, 0
20000, 0.061198, 9.146328, 24, 1, 24, 0
20010, 0.059896, 9.145033, 24, 1, 24, 0
