time,ego_x,ego_y,ego_heading,ego_vel_lin,ego_vel_lin_x,ego_vel_lin_y,ego_vel_ang_x,ego_vel_ang_y,lead_x,lead_y,lead_heading,lead_vel_lin,lead_vel_lin_x,lead_vel_lin_y,lead_vel_ang_x,lead_vel_ang_y,distance_true,direction,ob_color_1,ob_color_2,ob_color_3,color_dist_from_black,dist_obst_follower,dist_obst_lead,ob_pos_x,ob_pos_y,gamma
10,-63.76874686409928,-105.47711470380276,0.022455903650852035,0.287442522313327,0.2874067100331231,-0.004537252669156893,0.03453797016490712,-0.06187810038554638,-54.51048041005088,-104.74000419388656,-0.08172068706836662,0.2692734872563201,0.2692714323764292,-0.0010519720175541725,-0.02888677980941308,-0.07143984260148425,9.287563170067097,L,0.5,0.0,0.0,0.5,91.06168480092487,83.22025476413793,10.5,-52.785714285714285,4.287563170067097
20,-63.76350810391977,-105.47715167164895,0.022602023566883973,0.5122204375593434,0.5120710366064485,0.012370534438033426,0.028812083558319913,-0.11203021460266088,-54.5053220080745,-104.74033547857755,-0.08160114220946925,0.5049320123665807,0.5047078324066565,-0.015044634257405865,-0.025977572726005586,-0.12035903271924189,9.287459711227548,L,0.5,0.0,0.0,0.5,91.05743357736826,83.21643198712242,10.5,-52.785714285714285,4.287459711227548
30,-63.75561759028406,-105.47707330516565,0.02278714450312153,0.7722693208817626,0.7717208022547334,0.029101672503302728,0.02731002848653754,-0.16241417338037092,-54.49747594714206,-104.7408954107262,-0.08143928309536906,0.7693634390794197,0.7686701830299727,-0.032653500773733565,-0.023472606714099193,-0.16823458622764065,9.287364781074416,L,0.5,0.0,0.0,0.5,91.05095309238241,83.21065271485439,10.5,-52.785714285714285,4.287364781074416
40,-63.74501159528331,-105.47690246926274,0.02302832085596207,1.0390696296076745,1.0380562655859142,0.04587902190386905,0.02450774100713765,-0.20640238294313412,-54.486951565515675,-104.74168901595685,-0.08123811648810639,1.0334553101633763,1.0321918110661716,-0.05108760390561572,-0.021449778097814762,-0.20837660792027507,9.287207025618793,L,0.5,0.0,0.0,0.5,91.04220482269676,83.20292773663849,10.5,-52.785714285714285,4.287207025618793
50,-63.731841209509945,-105.47668449172743,0.023361209012825866,1.2915431834397524,1.2900102576517547,0.0629073115221385,0.019998291146936405,-0.23957178409445617,-54.47423440573508,-104.74268888506725,-0.08100633306555878,1.2505197678893245,1.2486776053541122,-0.06785224955069787,-0.01987221203481542,-0.23118254586582213,9.286658887021481,L,0.5,0.0,0.0,0.5,91.03133850825695,83.19361962391838,10.5,-52.785714285714285,4.286658887021481
60,-63.71654089715834,-105.47641627512179,0.023782002626064176,1.5021553266019512,1.5000417943454032,0.07965701761701516,0.016348496948999158,-0.2566142858643377,-54.459760547285434,-104.74385406375534,-0.08077207287225924,1.425250972730814,1.4227641121154642,-0.08415828269651356,-0.01832528886022933,-0.23910133100935355,9.285721826509517,L,0.5,0.0,0.0,0.5,91.01870697211716,83.18304382237473,10.5,-52.785714285714285,4.285721826509517
70,-63.699560226210366,-105.47607732733685,0.02424847334742036,1.6694211152620977,1.666833637502338,0.09291116710961328,0.013374217232656103,-0.2585374186406537,-54.44388893008439,-104.74514557650366,-0.08055513239416581,1.565258822850663,1.5621124636408177,-0.09919593464380662,-0.016187029688801747,-0.23485090026264427,9.284487727726628,L,0.5,0.0,0.0,0.5,91.00466523877226,83.17145669895052,10.5,-52.785714285714285,4.284487727726628
80,-63.68126751970535,-105.47568002043944,0.024770684722953407,1.801331421618963,1.7981958708341168,0.10623794344266671,0.010354189457962983,-0.248299783598101,-54.42690227919771,-104.74653271042509,-0.08036745976661006,1.678046303610381,1.674252571997963,-0.1127728789145187,-0.01356064040166589,-0.22110315036922223,9.283045394934637,L,0.5,0.0,0.0,0.5,90.98952104476979,83.1590601855159,10.5,-52.785714285714285,4.283045394934637
90,-63.66195037639898,-105.47522605664085,0.02530175549963305,1.9055635874061392,1.902182127337659,0.11347131833786497,0.005884104266919684,-0.22878922513202288,-54.40901038367385,-104.74799409763068,-0.08021637936569632,1.7707482138165629,1.7663166158932646,-0.12519923783279785,-0.01074159907521225,-0.200402311531434,9.281474281124622,L,0.5,0.0,0.0,0.5,90.9735100690859,83.14600502874312,10.5,-52.785714285714285,4.281474281124622
100,-63.64181596010095,-105.4747162722479,0.025852927501810903,1.9901505375524706,1.986411827512783,0.1219311840249016,0.0029594363689964217,-0.2027123492239264,-54.390355380266186,-104.7495162420242,-0.08010616319884585,1.8499342336942008,1.8448658511566918,-0.13684538804667598,-0.007948536280206437,-0.17508876110876126,9.279840405097117,L,0.5,0.0,0.0,0.5,90.95680185779635,83.13239401780656,10.5,-52.785714285714285,4.279840405097117
110,-63.62099928785241,-105.47415959715411,0.026447291564891375,2.062039205270041,2.0577825453074006,0.132426131480531,0.0007367694840339622,-0.17256953953231688,-54.371018849153906,-104.75109173623323,-0.08003917885100374,1.9214432176020375,1.9157304089759106,-0.14805755162726866,-0.0053170728015489825,-0.1472343604879858,9.2781983837274,L,0.5,0.0,0.0,0.5,90.9395117908954,83.11828643627216,10.5,-52.785714285714285,4.2781983837274
120,-63.59957259387259,-105.47356591311048,0.027096885862692724,2.127173030494592,2.122327392936961,0.14349752211432013,-0.0014784321972997451,-0.14052140745064962,-54.35103033295782,-104.7527180878681,-0.08001594443359115,1.9902634390508864,1.9838960178066176,-0.15907591695070086,-0.0029259400555983945,-0.11860017187830861,9.276591806212188,L,0.5,0.0,0.0,0.5,90.9217046018447,83.10370400541292,10.5,-52.785714285714285,4.276591806212188
130,-63.577555056951766,-105.47294467529576,0.02780084712969899,2.1905218143621425,2.185131625103912,0.15357604034207037,-0.00428172235181731,-0.10837693602549758,-54.33037648102324,-104.75439665834905,-0.08003599164863061,2.0604852546706525,2.0534482282771735,-0.17014657945583261,-0.0008426665546997433,-0.09061889460350717,9.275053793254767,L,0.5,0.0,0.0,0.5,90.9034015278887,83.08863738333305,10.5,-52.785714285714285,4.2750537932547665
140,-63.55492317767594,-105.47228258431079,0.028527267008014074,2.256088721855171,2.2503507653877977,0.16080346265131384,-0.006525521726040362,-0.07753639612028333,-54.3090103843329,-104.7561318251372,-0.08009823527987033,2.1352955863891965,2.1275694375332974,-0.18148148590815036,0.0008823358231861297,-0.06439727177521777,9.273606380042738,L,0.5,0.0,0.0,0.5,90.88457584174643,83.0730529487061,10.5,-52.785714285714285,4.273606380042738
150,-63.53161728952952,-105.4715853080552,0.029312080395846127,2.327526782565558,2.321162818202436,0.17200027603030807,-0.007594636872920827,-0.04913086808079706,-54.28686052267561,-104.75792966212772,-0.08020189371042942,2.217019417743441,2.2085777914929032,-0.19328537858770825,0.0022507612477247916,-0.04073651033546366,9.272261431778945,L,0.5,0.0,0.0,0.5,90.8651823521315,83.0568989760449,10.5,-52.785714285714285,4.272261431778945
160,-63.5075569874105,-105.47085715941971,0.030115382533912716,2.406358402454093,2.3997795437100367,0.17781704826102265,-0.010798741384167736,-0.023948993531041837,-54.263839304718395,-104.75979759302855,-0.08034428749075367,2.3071682480289355,2.2980022770571473,-0.20545281539340135,0.003339729225045909,-0.020157754950673897,9.271025957480171,L,0.5,0.0,0.0,0.5,90.8451582136746,83.0401120972451,10.5,-52.785714285714285,4.271025957480171
170,-63.4826468873025,-105.47008349364005,0.030886751920641112,2.4940698754375177,2.4876683592984428,0.17857961168708134,-0.014052263962628032,-0.002409047831617297,-54.23985027374191,-104.76174417902652,-0.08052133490478637,2.4065727121444573,2.396686155745787,-0.21791670356999054,0.004171401518488243,-0.0029355164991946153,9.269899342726129,L,0.5,0.0,0.0,0.5,90.82441741783059,83.02262280208333,10.5,-52.785714285714285,4.269899342726129
180,-63.45678155382194,-105.46924197614509,0.031615607972758315,2.591897882344902,2.5856423288111627,0.17996771922756996,-0.014923528770227117,0.015289679279123499,-54.21479414377049,-104.7637789086913,-0.08072802695869598,2.515495653507669,2.504899193853045,-0.23064780824958525,0.004733518812511307,0.010861171581042606,9.268873147642642,L,0.5,0.0,0.0,0.5,90.80286134097386,83.00436002416357,10.5,-52.785714285714285,4.268873147642642
190,-63.42985078747672,-105.46833217646015,0.03235996144282765,2.700474238070275,2.693876597502627,0.1886530887870645,-0.013297640704344787,0.02909180996018889,-54.188573434642514,-104.76591132820437,-0.08096095305100415,2.633762757212013,2.6224496138697977,-0.24385299668278632,0.004977135553828226,0.021325757239960934,9.267934082635175,L,0.5,0.0,0.0,0.5,90.7804002264856,82.98525421775383,10.5,-52.785714285714285,4.2679340826351755
200,-63.401749710693025,-105.46736498100145,0.03314112174148675,2.819025817712786,2.8119895215389894,0.19905147998989023,-0.012142736258711168,0.039119391703950956,-54.16109629151937,-104.76815038216216,-0.08121796698321539,2.7608360034854473,2.7487885179239075,-0.2576375785307428,0.0049215319944947095,0.028674316371370863,9.267069475757465,L,0.5,0.0,0.0,0.5,90.75695527221133,82.96523992698646,10.5,-52.785714285714285,4.267069475757465
210,-63.37238196158737,-105.4663423170314,0.03395685795195323,2.94668842771118,2.9392673708884827,0.20899763739643412,-0.011307599225466473,0.0456850440589114,-54.132279167201744,-104.77050398428396,-0.0814985026613072,2.895922473769938,2.8831102923449006,-0.2721066266387135,0.004601147972123182,0.03321182301262085,9.266266272676058,L,0.5,0.0,0.0,0.5,90.73244946794203,82.944257609262,10.5,-52.785714285714285,4.266266272676058
220,-63.341661155054,-105.46525721096779,0.03480040016774459,3.0825597108640554,3.074789845561848,0.21872763124954675,-0.010125416030266073,0.049181323421728776,-54.10204879100581,-104.77297908464348,-0.08180159765543697,3.038040686751681,3.0244423325486776,-0.2871233035581394,0.004112016002968056,0.03530056750685604,9.265510544058504,L,0.5,0.0,0.0,0.5,90.70680881252211,82.92225521094731,10.5,-52.785714285714285,4.265510544058504
230,-63.30951129950635,-105.4640975785606,0.0356801380927988,3.225767521471801,3.2175134571113677,0.2306149515742288,-0.007603702432332195,0.05004711587339401,-54.07034306287411,-104.77558185382011,-0.08212593762525726,3.186125986433446,3.171726537659437,-0.30257159769777053,0.0035161304381643704,0.03533426309720124,9.264787294266878,L,0.5,0.0,0.0,0.5,90.67996484681709,82.89918897677128,10.5,-52.785714285714285,4.264787294266878
240,-63.275866207234756,-105.46285240658949,0.036643990179101665,3.3755679793894156,3.366331004871246,0.2495490916066236,-0.0025566361005382064,0.04873813834628999,-54.03711140878247,-104.77831773280576,-0.082468566749143,3.339077421388452,3.323883373637401,-0.31817816468608445,0.002916647669620611,0.033712343938451815,9.264079983761869,L,0.5,0.0,0.0,0.5,90.65185775941697,82.87502375381928,10.5,-52.785714285714285,4.264079983761869
250,-63.24066988438592,-105.46152564327893,0.03777761150242809,3.531110917581214,3.520073163401579,0.27897891777201633,0.0043990246899703765,0.045672115078881664,-54.002314442627195,-104.78119178270278,-0.08282474192172423,3.4958282519309196,3.479866673679856,-0.3336811358328242,0.002370946610300604,0.03082454425819172,9.263372249354958,L,0.5,0.0,0.0,0.5,90.62244477598095,82.84973294220923,10.5,-52.785714285714285,4.263372249354958
260,-63.20388150226686,-105.46012753132327,0.03910715169217573,3.6906442808753686,3.6775241440449036,0.3109202115091061,0.009806778489232785,0.04124194503061369,-53.965923042538336,-104.78420859475655,-0.08318939183005389,3.655400653050861,3.638702809029321,-0.3489925527669456,0.0018838432182704647,0.02703490410731584,9.26265312491401,L,0.5,0.0,0.0,0.5,90.59169917420348,82.82329771346934,10.5,-52.785714285714285,4.26265312491401
270,-63.16547369406827,-105.45865712263421,0.0406177745033664,3.852719817709044,3.837578403010417,0.3412359806878871,0.013182117592286198,0.035871053682886615,-53.92791732364341,-104.78737237217766,-0.08355705306885686,3.816914383264061,3.7995160833752966,-0.36402327032830545,0.0014501680300878757,0.02267224358927407,9.26191507804797,L,0.5,0.0,0.0,0.5,90.55959872742865,82.79570625584199,10.5,-52.785714285714285,4.26191507804797
280,-63.12543248103018,-105.45709883259246,0.04223353129382852,4.015770867168142,3.9992788122476943,0.36357205544848437,0.013621643137680389,0.029937310719100656,-53.888284952851954,-104.79068655004089,-0.08392628361873582,3.9796526210633334,3.961545169491795,-0.379202919836442,0.0009385553943142114,0.018024517154337474,9.261155424009724,L,0.5,0.0,0.0,0.5,90.52612362243205,82.76695221755506,10.5,-52.785714285714285,4.261155424009724
290,-63.08375122016988,-105.45542701882427,0.0438961767026142,4.179294501888871,4.161888919264297,0.38102907661176383,0.013091688973501367,0.023787993272280983,-53.84702033073204,-104.79415315343867,-0.08429642887266868,4.142963618448454,4.124138289460195,-0.3945008405515132,0.0004310676308115403,0.013328790038675013,9.260371517867796,L,0.5,0.0,0.0,0.5,90.49125417972823,82.73703366027495,10.5,-52.785714285714285,4.260371517867796
300,-63.04043107865684,-105.45361975357784,0.04553079703596581,4.342457726034657,4.324803474511335,0.3911700515795734,0.010696968041478627,0.017659573517295135,-53.80412323797364,-104.79777331439978,-0.08466878220647105,4.306330109970937,4.286760501885144,-0.41007732870731867,-9.393787313363071e-05,0.008782361764754037,9.259563546930732,L,0.5,0.0,0.0,0.5,90.45497924164533,82.70595232392868,10.5,-52.785714285714285,4.259563546930732
310,-62.99547580435539,-105.45165307347663,0.04710221257984224,4.505324298794234,4.487611311935043,0.3991137059766248,0.00871416075256047,0.011789525007961318,-53.759598091931224,-104.80154755512265,-0.08504280189949125,4.469301737943278,4.4489868023969255,-0.4256459290076496,-0.0005261973248624414,0.004537226095054264,9.25872962688984,L,0.5,0.0,0.0,0.5,90.4172885686411,82.67371322039081,10.5,-52.785714285714285,4.25872962688984
320,-62.9488895537265,-105.44951327678555,0.04862455253761321,4.668054899007309,4.650004744086549,0.4101126919746922,0.008157380807008861,0.006319804302332723,-53.71345240698038,-104.8054763950233,-0.08541947931921755,4.631585309044942,4.610504528676916,-0.4413960421328857,-0.0009493305966356272,0.0007101745009935718,9.25786599582043,L,0.5,0.0,0.0,0.5,90.37817823372782,82.64032381309161,10.5,-52.785714285714285,4.2578659958204295
330,-62.900677122200726,-105.44720018397521,0.050143668241713756,4.830615395210356,4.811712303289572,0.42693068151054736,0.008900313644301501,0.0013383826952898257,-53.66569628464767,-104.80956013140198,-0.08579702664328262,4.7929276912226255,4.771094643735308,-0.45695924742683935,-0.0012410259850696628,-0.0026251829195072618,9.256967965085419,L,0.5,0.0,0.0,0.5,90.33765272028212,82.6057934788446,10.5,-52.785714285714285,4.256967965085419
340,-62.85084595692224,-105.44472125170135,0.05169967399173002,4.992634914853056,4.97247943309921,0.44816479158357486,0.009901145792958366,-0.003089738050433679,-53.61634075390778,-104.81379970793432,-0.08617690782453384,4.9532505140460605,4.930634024425162,-0.472798870640039,-0.001611109451389632,-0.0054184784207792925,9.256033077884423,L,0.5,0.0,0.0,0.5,90.29572313924957,82.57013276223456,10.5,-52.785714285714285,4.256033077884423
350,-62.79940631328598,-105.442081833283,0.05331670753240602,5.153770209939704,5.132110923767072,0.4720008930210124,0.010726605008466929,-0.00689908921272466,-53.56539733975342,-104.8181952389451,-0.08656153741097099,5.112499301268094,5.089063316405233,-0.4889618257955455,-0.001987896418036649,-0.00766026162312509,9.25506111302753,L,0.5,0.0,0.0,0.5,90.25240168097929,82.53335210960967,10.5,-52.785714285714285,4.25506111302753
360,-62.746371188903645,-105.43928023907924,0.054993876595103984,5.313688902278812,5.290494959732675,0.49593631773057045,0.011066934867909118,-0.010043408419933987,-53.51287780165384,-104.8227461673446,-0.08695181268378334,5.270642239166675,5.24637434748785,-0.5051987918724042,-0.002235562379449734,-0.009363133758056051,9.254053943758676,L,0.5,0.0,0.0,0.5,90.20769867338379,82.49546176305262,10.5,-52.785714285714285,4.2540539437586755
370,-62.691752811935764,-105.43630619484817,0.056740234562611354,5.472589277534596,5.44763750447577,0.521995230261394,0.012124324271486228,-0.012488807090780237,-53.45879425307503,-104.82745191877139,-0.08734213354838859,5.427635618258809,5.4026018149021855,-0.5206938008151204,-0.0021143885944510535,-0.010556830698985798,9.253011795039317,L,0.5,0.0,0.0,0.5,90.16161881901668,82.4564722637049,10.5,-52.785714285714285,4.253011795039317
380,-62.63556209550604,-105.43314991952307,0.05857396734383782,5.630641540343208,5.603587261798331,0.5513020544583684,0.013962261245712898,-0.014266710440892534,-53.40315842112628,-104.8323135302455,-0.08772241478777514,5.583525055760142,5.557832328628728,-0.5350250976829688,-0.001668238407789706,-0.01127365899632353,9.251933958550559,L,0.5,0.0,0.0,0.5,90.11416604420006,82.41639490487557,10.5,-52.785714285714285,4.251933958550559
390,-62.577808526314115,-105.42980411313619,0.060513263819055446,5.787977477818425,5.758475560527804,0.5836458708303577,0.016201426710937702,-0.015318114159064733,-53.345980326240884,-104.83733362742285,-0.08808016684573912,5.738503616926263,5.712275611132887,-0.5480247293071754,-0.001068068213615559,-0.011436506933223754,9.250820136188398,L,0.5,0.0,0.0,0.5,90.06534457140712,82.37524069714678,10.5,-52.785714285714285,4.250820136188398
400,-62.518501917668,-105.42626259470656,0.06253829141934554,5.94438620790929,5.912575306843017,0.6141503315088205,0.01733199251715487,-0.01550467459891091,-53.28726738387112,-104.84251360589542,-0.08839566281318291,5.892833138414055,5.866292242408215,-0.5586570717819944,-0.00011089393847551121,-0.010933390343270778,9.249673178004837,L,0.5,0.0,0.0,0.5,90.01515954866622,82.33301789539284,10.5,-52.785714285714285,4.249673178004837
410,-62.457650400579475,-105.42251190930688,0.06462281966629603,6.100029527737045,6.066082124660778,0.6426569039034895,0.01795104554700992,-0.015162779187009753,-53.22702390771015,-104.84785308129871,-0.08865251249426953,6.046770406388127,6.02011216591284,-0.5671700427556483,0.0011633566695878552,-0.010114314845382862,9.248497078956602,L,0.5,0.0,0.0,0.5,89.9636105102514,82.28973126766522,10.5,-52.785714285714285,4.248497078956602
420,-62.39525797693518,-105.4185373290963,0.06677099923739944,6.255466936876182,6.219147223583396,0.6731080223456171,0.019177769256398417,-0.014486401881198244,-53.165251540015966,-104.85335054850142,-0.08884431189990813,6.200553983800937,6.173862329125829,-0.5747117947551315,0.002480219311601918,-0.00918159139784359,9.247294465005927,L,0.5,0.0,0.0,0.5,89.91069289600595,82.24538284698669,10.5,-52.785714285714285,4.247294465005927
430,-62.33132902520083,-105.41433138115475,0.06897402188117306,6.410521941020304,6.371831279265708,0.7032479682685527,0.019567588244883957,-0.013582721593264794,-53.1019505223619,-104.85900295822067,-0.08896857073945373,6.354305770117635,6.327630469407443,-0.5816308647044172,0.003823253278826932,-0.008184970169670869,9.24607036561932,L,0.5,0.0,0.0,0.5,89.85640669955343,82.19997264853045,10.5,-52.785714285714285,4.246070365619319
440,-62.26586766269049,-105.40988453685925,0.07121904413437224,6.565220079062595,6.524200772677905,0.7327475447353538,0.01926072808889047,-0.012492899736497786,-53.0371195684879,-104.8648066370406,-0.08902971602865321,6.508166754997127,6.481483531448257,-0.5887323181335263,0.00494821041204456,-0.007155679644768119,9.244831058657512,L,0.5,0.0,0.0,0.5,89.80075050535866,82.15349915370801,10.5,-52.785714285714285,4.244831058657512
450,-62.198879474290884,-105.40518627466014,0.07347224921367855,6.71932801357522,6.6763162129660145,0.7590591403203357,0.01764949614074925,-0.011269271342640129,-52.97075732457049,-104.87075619392182,-0.08902973313202847,6.662123211709689,6.635450358324072,-0.5955537173236014,0.0061000070357954995,-0.006131504633239573,9.24358447364214,L,0.5,0.0,0.0,0.5,89.74372350873865,82.10595974674588,10.5,-52.785714285714285,4.243584473642141
460,-62.13036754448776,-105.40022137287349,0.07571549980326688,6.873232564828621,6.828309140101713,0.784550939980335,0.0160262524125571,-0.009926072227688713,-52.90286240180793,-104.87684642955354,-0.08896902140469626,6.816176899282764,6.789548914692637,-0.6019078478571575,0.007262632083930087,-0.005129730869641041,9.242335878417203,L,0.5,0.0,0.0,0.5,89.6853201235972,82.05735194831425,10.5,-52.785714285714285,4.242335878417203
470,-62.06033355922393,-105.39497992918527,0.07793625860630271,7.027050334350155,6.980274955326205,0.8094429872056241,0.01411694740114438,-0.008538283069715883,-52.83343399619555,-104.88307220714294,-0.08884196485571837,6.9702704299969875,6.943786409030571,-0.6070421509687082,0.008608356442770193,-0.004169137300042909,9.24108895434406,L,0.5,0.0,0.0,0.5,89.62553675025401,82.00767381253966,10.5,-52.785714285714285,4.241088954344059
480,-61.98877884144788,-105.38945637733775,0.0801208123043025,7.180770309023663,7.132269576061731,0.8331824082036365,0.011607828998950409,-0.007162802661670351,-52.76247104760294,-104.88942944276627,-0.08864334580964905,7.12443717051216,7.098180742533993,-0.6110933994856217,0.00994092054939991,-0.003254698357625001,9.239847533485648,L,0.5,0.0,0.0,0.5,89.56437204584411,81.95692390650109,10.5,-52.785714285714285,4.239847533485648
490,-61.915706290748375,-105.38364640264697,0.08223823705524297,7.334158208607999,7.284329378876185,0.853476495829491,0.007976740070978096,-0.005834592687833798,-52.68997227035233,-104.89591362312623,-0.08836834261111379,7.278694839677358,7.252745697775049,-0.6140671075308523,0.01123685773524204,-0.0023999684232623125,9.238617400851279,L,0.5,0.0,0.0,0.5,89.50182668842795,81.90510039376488,10.5,-52.785714285714285,4.238617400851279
500,-61.84111672047581,-105.37754319191151,0.08427095262597094,7.487520806375959,7.436548015731769,0.8721934622712851,0.00428444266223277,-0.0045530006645491915,-52.615935649088925,-104.90251972290783,-0.0880170935760583,7.4331065244550425,7.407493548830564,-0.616532179151829,0.012302778347490332,-0.0016116209936185423,9.237402941085723,L,0.5,0.0,0.0,0.5,89.43789820911618,81.85220059252055,10.5,-52.785714285714285,4.237402941085723
510,-61.76501105444575,-105.3711443651704,0.08619616436344311,7.6407905149508935,7.5889831626775015,0.8882647409195802,7.146337133438763e-05,-0.003366256825740188,-52.540358927756685,-104.90924109601958,-0.08759200327206822,7.587679208757256,7.562418957247024,-0.6186237063659722,0.013189405557409845,-0.0009021361397217768,9.236209259673652,L,0.5,0.0,0.0,0.5,89.37258684485155,81.79822064620359,10.5,-52.785714285714285,4.236209259673652
520,-61.68738755511171,-105.3644481207811,0.08800908810636929,7.794298620409931,7.741712713718108,0.9038668277902212,-0.0037572764604938587,-0.0022777941281782853,-52.463239948572294,-104.91606995029217,-0.08709604851887977,7.742392379807911,7.717503395782235,-0.6203072617641048,0.01396188979069661,-0.00027746941659878544,9.235038822387152,L,0.5,0.0,0.0,0.5,89.30589103598204,81.7431560837779,10.5,-52.785714285714285,4.235038822387152
530,-61.60824521736004,-105.35746112850838,0.08969899374419592,7.94785997865836,7.894726174338399,0.9174839903646568,-0.008182086913644169,-0.0013508966535956803,-52.384577352823776,-104.92299800020737,-0.08652742229172776,7.89716860144142,7.872719371709112,-0.6209360787619825,0.014818126090657701,0.00025918107168772177,9.23389447011022,L,0.5,0.0,0.0,0.5,89.23781482325616,81.68700277258814,10.5,-52.785714285714285,4.23389447011022
540,-61.52758716389424,-105.35018908223516,0.0912221297596106,8.100993077562306,8.048005990424413,0.9250342808810772,-0.013982731451627834,-0.0005777910451672382,-52.304369937761926,-104.93001793829777,-0.08588406336396345,8.052001213294025,8.028052550794735,-0.6205608596798574,0.015617306013213716,0.0007180694633648336,9.232782884408227,L,0.5,0.0,0.0,0.5,89.16836503652212,81.62975736024262,10.5,-52.785714285714285,4.232782884408227
550,-61.44540987195066,-105.34262799994615,0.09257970729254007,8.254603234902962,8.201710043104272,0.9329667381600383,-0.017980275713701407,0.00013970525601711035,-52.22261644915988,-104.93712256686604,-0.0851650045809526,8.20689533808046,8.183493560870371,-0.6193256246918791,0.016280648180979494,0.0011033238957577406,9.231703698436727,L,0.5,0.0,0.0,0.5,89.09753745647625,81.57141656202744,10.5,-52.785714285714285,4.231703698436727
560,-61.36170709033587,-105.33478709155196,0.0937916767276517,8.408844761452908,8.355862869132292,0.9424573913288078,-0.020977130427058205,0.00070525989895986,-52.13931507619436,-104.94430417972472,-0.0843748286222165,8.361894458719306,8.339035037571605,-0.6178782897252253,0.01663701824532586,0.0014194679484326959,9.230654980386289,L,0.5,0.0,0.0,0.5,89.02533346576388,81.51197637737855,10.5,-52.785714285714285,4.230654980386289
570,-61.27647235937566,-105.32668143848086,0.09488411196194413,8.563662963677638,8.510388409931922,0.9537360575968982,-0.023267571549923406,0.0011089151783626049,-52.05446433908109,-104.95155339412892,-0.0835172042635718,8.516955763905885,8.494653317383783,-0.6159549511047075,0.01690265689754547,0.0016603654506089198,9.229634498507329,L,0.5,0.0,0.0,0.5,88.95175778872678,81.45143202322701,10.5,-52.785714285714285,4.229634498507329
580,-61.189704827915385,-105.31832752170159,0.09584837113993004,8.718411204037492,8.66513859435259,0.9623237830105288,-0.026224975368529153,0.001357973234581688,-51.96806318766684,-104.95886067865992,-0.08259403667811938,8.672040315349728,8.650324963286279,-0.6133198680926919,0.017144218560020553,0.0018314783475834196,9.228645130917764,L,0.5,0.0,0.0,0.5,88.8768205535924,81.389778983347,10.5,-52.785714285714285,4.228645130917764
590,-61.10140257295274,-105.30973218237637,0.09668630252800936,8.87331658837098,8.820096776048919,0.9703814397395863,-0.028300471574972428,0.0015526442601535913,-51.88011117871756,-104.9662167901035,-0.08160335251732166,8.827099006809005,8.806030450076411,-0.609511762261862,0.017466212537654298,0.0019381726639979406,9.227687565263802,L,0.5,0.0,0.0,0.5,88.80052537244879,81.32701342284575,10.5,-52.785714285714285,4.2276875652638015
600,-61.0115633389527,-105.30090465151852,0.09740419204995432,9.028388170918475,8.97523244102231,0.9782615163652967,-0.029695596930052102,0.0016806420464364684,-51.79060787125823,-104.97361325389366,-0.08054356106941796,8.982138288176557,8.961763928768926,-0.604644947835875,0.01775098268514938,0.001991110989069138,9.22676212959691,L,0.5,0.0,0.0,0.5,88.7228770404663,81.26313203220607,10.5,-52.785714285714285,4.22676212959691
610,-60.920185855225526,-105.29185618199749,0.09800411783181649,9.183497803377376,9.13049291616415,0.9852568256619166,-0.030789509419605253,0.0017389151773519371,-51.6995527380584,-104.98104138630691,-0.07941391810157325,9.137165580368933,9.117523073601369,-0.5988053485277072,0.0179757511906495,0.001994117782727433,9.225870198448453,L,0.5,0.0,0.0,0.5,88.64388238580023,81.19813133288454,10.5,-52.785714285714285,4.225870198448453
620,-60.827269688179754,-105.28259745666684,0.09848425286893236,9.338563457249109,9.285840294009358,0.9909275852556603,-0.03165184945462769,0.001743043480817379,-51.606944876081165,-104.9884920315584,-0.07821721913933892,9.292209918684128,9.273307719478172,-0.5923927014727794,0.018041373873024236,0.0019525106317353842,9.225014235310377,L,0.5,0.0,0.0,0.5,88.56354861812487,81.13200728579679,10.5,-52.785714285714285,4.225014235310377
630,-60.732814258163316,-105.27313788758816,0.0988444178757952,9.493613174332685,9.441265041090157,0.9955930532863252,-0.032085945863451384,0.0017119144316243414,-51.51278346178579,-104.99595480616458,-0.07695636430486215,9.44725798213025,9.429108929459208,-0.5853103256532933,0.01807263641438374,0.001865095833040004,9.22419635235382,L,0.5,0.0,0.0,0.5,88.48188212001676,81.06475515217203,10.5,-52.785714285714285,4.22419635235382
640,-60.63681769468445,-105.26348821575901,0.09909451031760554,9.648763088618264,9.596761267663403,1.000401075448119,-0.03192008253253122,0.0016453888742530784,-51.41706805038749,-105.00341887882412,-0.07563165256691509,9.602278331369133,9.584915230722537,-0.5771907595798081,0.018200031384040274,0.0017346349581540334,9.22341691367834,L,0.5,0.0,0.0,0.5,88.39888906756495,80.99637022070557,10.5,-52.785714285714285,4.22341691367834
650,-60.53928108070764,-105.25366198484375,0.099225009676593,9.803685003853593,9.752275905269995,1.0026735871030552,-0.03220161776624778,0.0015175217724591003,-51.31979859047575,-105.01087396332288,-0.07423986075256794,9.757246365867598,9.740720884173461,-0.5676383539397606,0.018470267821924246,0.0015684577840647405,9.22267875462907,L,0.5,0.0,0.0,0.5,88.31457972623983,80.92684845660742,10.5,-52.785714285714285,4.2226787546290705
660,-60.44020348736384,-105.2436684118063,0.09923986964104423,9.95862432164999,9.907836479457258,1.0044773148731292,-0.03191459995679258,0.0013791557099156913,-51.22097467240626,-105.01831050749179,-0.07278061789609465,9.912198230579346,9.89653188877942,-0.5570730083861131,0.018666731983263046,0.0013788534777513387,9.221982765521805,L,0.5,0.0,0.0,0.5,88.22896022238822,80.85618605016602,10.5,-52.785714285714285,4.221982765521805
670,-60.33958523818338,-105.23352011079625,0.09913387171752835,10.11342340766557,10.063427800780968,1.0043674233997222,-0.03183095058046842,0.0011965367515587235,-51.12059566013942,-105.02571824654265,-0.07125555785742999,10.06715056910881,10.052350603217594,-0.5456811624920861,0.018777156513622405,0.0011684061101571606,9.22133127345886,L,0.5,0.0,0.0,0.5,88.14203975733345,80.78437858483382,10.5,-52.785714285714285,4.22133127345886
680,-60.23742507778669,-105.2232278156857,0.09891183269256601,10.268254319546015,10.219075709502503,1.0037621303532502,-0.0313274503877023,0.0009990853341421734,-51.018660531068505,-105.03308629450285,-0.06967058009378901,10.22213166990088,10.208177259613134,-0.5339409266087973,0.018692538699271864,0.0009436359103133017,9.220725219086939,L,0.5,0.0,0.0,0.5,88.05382519709988,80.71142097226135,10.5,-52.785714285714285,4.220725219086939
690,-60.13372193200346,-105.21280432038355,0.09857686181708532,10.423078210102307,10.374778021815965,1.0022676149382093,-0.030730382557673318,0.0007719486982946706,-50.9151684224304,-105.04040303684968,-0.06803120990281958,10.377127331344258,10.364002967373025,-0.5217414524600751,0.018512446356666046,0.0007067337107177978,9.220165454666525,L,0.5,0.0,0.0,0.5,87.96432483382625,80.6373077975296,10.5,-52.785714285714285,4.220165454666525
700,-60.02847323994247,-105.20226217173702,0.0981428586241771,10.578036324177388,10.530542969546884,1.0012578300033292,-0.029631262386027223,0.0005324688430526878,-50.8101183319249,-105.0476569555867,-0.06634604247004083,10.532149535030298,10.51981965604728,-0.5094783925547806,0.018126574817150264,0.00046749232788680057,9.219651294004159,L,0.5,0.0,0.0,0.5,87.87354567698401,80.56203362318794,10.5,-52.785714285714285,4.219651294004159
710,-59.92167829424263,-105.19161677505099,0.0976122124099808,10.732926164637016,10.686328351131955,0.9990447574274361,-0.028841819239136653,0.00025476379055260165,-50.703510051805836,-105.0548358655674,-0.06461722407129387,10.687138268145945,10.6756087699799,-0.49628797365820526,0.01789194354608743,0.0002221343104405605,9.219182976981717,L,0.5,0.0,0.0,0.5,87.78149799074787,80.48559320394529,10.5,-52.785714285714285,4.219182976981717
720,-59.81333703512861,-105.18088088656769,0.0969829900621113,10.887713638733489,10.842123550763318,0.9953216510488635,-0.028218982989971608,-3.5134708912284594e-05,-50.59534380142169,-105.06192890068547,-0.06284291600058611,10.842072304380713,10.831362428613485,-0.4817881208990918,0.017817023746394926,-2.076757086043733e-05,9.218760699335453,L,0.5,0.0,0.0,0.5,87.68819104159222,80.4079824935587,10.5,-52.785714285714285,4.218760699335453
730,-59.70368897936358,-105.17007608134895,0.09625298506313146,11.019081693077016,10.97459772209179,0.9891239542962914,-0.027162398717179796,0.004573783908039887,-50.48588861448452,-105.06891648797883,-0.061017469279844444,10.97076969648415,10.960927957516626,-0.464592341117792,0.017580097458144543,0.0052053274830403265,9.218355429798486,L,0.5,0.0,0.0,0.5,87.59383144404156,80.32939588109195,10.5,-52.785714285714285,4.2183554297984855
740,-59.59318152153778,-105.15927521802047,0.09546241942333036,11.106287979647883,11.062884750551158,0.9809249119548875,-0.02691318229619593,0.017597085561247363,-50.37557059924512,-105.07573837967078,-0.0591729078992279,11.057590304330029,11.048606901543856,-0.4456331154334601,0.018467702085187186,0.018285127719496645,9.217989450966536,L,0.5,0.0,0.0,0.5,87.49882273803021,80.25011972284047,10.5,-52.785714285714285,4.217989450966536
750,-59.48220374202872,-105.14852037518322,0.09462078262958776,11.155138087864232,11.112905607185908,0.969760137918291,-0.026741858724209838,0.0367899209013257,-50.26472068378373,-105.08235779577363,-0.05733078217342684,11.111805590361879,11.1036451798448,-0.42577834386783514,0.019294715108452966,0.036351483670355025,9.217720510839307,L,0.5,0.0,0.0,0.5,87.40350280254302,80.17038232537304,10.5,-52.785714285714285,4.217720510839307
760,-59.37103424421139,-105.13787738421071,0.09376303660566614,11.176008825204326,11.134988460106564,0.9566636056308458,-0.028001984304499728,0.059050472920405675,-50.15358878066401,-105.08876727807042,-0.0554999260393995,11.141356076016658,11.133950015726828,-0.4061677730813384,0.018628023233924835,0.05716371733638573,9.21757629076078,L,0.5,0.0,0.0,0.5,87.30813482973583,80.09036886102538,10.5,-52.785714285714285,4.21757629076078
770,-59.25982707861372,-105.12739311182484,0.09294224987402945,11.181044581650507,11.140980739178016,0.945677591000571,-0.02888543550147941,0.08140974262979042,-50.042341607611434,-105.09497051404085,-0.05367650075319069,11.154323375641221,11.147632415949431,-0.38629197150549727,0.016659594862422716,0.07847703517075877,9.217542494232683,L,0.5,0.0,0.0,0.5,87.21287070366274,80.01020818928944,10.5,-52.785714285714285,4.217542494232683
780,-59.14864896649929,-105.11704489565356,0.09217956078831309,11.179283809179884,11.139753723597556,0.9392941306033422,-0.025993892480906798,0.10195448994729243,-49.931067993205986,-105.10097767127928,-0.05184478516046208,11.158275862630871,11.152294692250425,-0.3652989512354175,0.013793374863574454,0.09832481738115444,9.217594976723472,L,0.5,0.0,0.0,0.5,87.11775058083977,79.92997411422402,10.5,-52.785714285714285,4.217594976723472
790,-59.03752045839386,-105.1067146245996,0.09139239799643076,11.176071401647627,11.137018731004176,0.9334804550648577,-0.017346528034209094,0.11960022223480794,-49.81979861988857,-105.10677650817141,-0.05000019999012322,11.158743626863716,11.153484595593907,-0.34255029692149597,0.011660546174135257,0.11529980147229202,9.217721838713013,L,0.5,0.0,0.0,0.5,87.02272018250856,79.84968163762547,10.5,-52.785714285714285,4.217721838713013
800,-58.92643504751532,-105.0963377958574,0.09044458185449475,11.173630907876852,11.135962674779933,0.9167131347204762,-0.010548738511002503,0.1332085708401384,-49.70851395195808,-105.11234910278912,-0.048152446335156494,11.160566105503253,11.155993936336467,-0.3194293157054439,0.01129189879045759,0.1282363470543435,9.217935001174006,L,0.5,0.0,0.0,0.5,86.92773559357681,79.76930401841702,10.5,-52.785714285714285,4.2179350011740055
810,-58.81536772814684,-105.08602496350159,0.0893036869604504,11.172278069158503,11.137111655152303,0.8857433235823982,-0.01437356924661698,0.14207685732653288,-49.59721001363945,-105.1176961064239,-0.04630749025809509,11.162341837255218,11.158387674894842,-0.2970854902096036,0.01040307244246699,0.13774647414823643,9.21821212116678,L,0.5,0.0,0.0,0.5,86.83284344233634,79.6888384449577,10.5,-52.785714285714285,4.218212121166779
820,-58.70428665027244,-105.0759831188777,0.0881206720030111,11.171813767139586,11.13909542441946,0.8543863138692196,-0.02669094409621605,0.14664499309735102,-49.485883935952,-105.12283087378663,-0.04446698632051517,11.16404000261729,11.160623697818123,-0.27616635519119204,0.008316130065151528,0.1439864352981747,9.218521753270984,L,0.5,0.0,0.0,0.5,86.738143313179,79.60829130392752,10.5,-52.785714285714285,4.218521753270984
830,-58.59317590598291,-105.06623516338695,0.08705847032917897,11.172161664096949,11.140461799378178,0.8410155440377121,-0.03149188219429674,0.1485454664993437,-49.37453669822893,-105.12776260585937,-0.04262538513695881,11.165329408208526,11.162407646352037,-0.25541403733499474,0.005907474098072386,0.1471769126960964,9.218844530032824,L,0.5,0.0,0.0,0.5,86.64363692745052,79.52766919240099,10.5,-52.785714285714285,4.218844530032824
840,-58.482050098205015,-105.05653569245789,0.0860461587003091,11.172725891315219,11.141002621910518,0.8413467900030429,-0.019455641286697543,0.14891534764082615,-49.263172903616145,-105.1324887588054,-0.04078003836699882,11.165864027179847,11.16340940245136,-0.23411532783970085,0.004015371556833741,0.14758097449281996,9.219190072734065,L,0.5,0.0,0.0,0.5,86.54918836295896,79.44697371986035,10.5,-52.785714285714285,4.219190072734065
850,-58.37092249812019,-105.04682272985825,0.08493123808689867,11.172382314003684,11.141619188994374,0.8285218269271277,-0.010848947758824142,0.14653292282721425,-49.15179966709574,-105.13700833368131,-0.03893068795722832,11.1654439122936,11.163417605024868,-0.2127090369378873,0.0023704668296469916,0.14549955957015656,9.219563938530563,L,0.5,0.0,0.0,0.5,86.45477095888147,79.36620938422114,10.5,-52.785714285714285,4.2195639385305626
860,-58.25979649276585,-105.03722339336582,0.08369329122134612,11.170564037757822,11.141776464582385,0.8014475247490507,-0.013304768955461399,0.14118517066327393,-49.04042499461451,-105.1413097839685,-0.03708571060648737,11.163988666887095,11.162349384806406,-0.19130908471777652,0.0014570112113520078,0.14120209593939792,9.219959045333876,L,0.5,0.0,0.0,0.5,86.36046443687971,79.28537436700499,10.5,-52.785714285714285,4.2199590453338764
870,-58.148666280254645,-105.02792936436347,0.08249048911228724,11.167556182762448,11.14054017462041,0.776321913141987,-0.02256974124203836,0.1334787089422757,-48.92905706398909,-105.14540353746328,-0.035246175360950684,11.161588264553744,11.160277979171866,-0.17102051056932438,-0.0001965164769828845,0.13499939791528126,9.220357600548594,L,0.5,0.0,0.0,0.5,86.26638058004758,79.20448145183826,10.5,-52.785714285714285,4.220357600548594
880,-58.03754789724745,-105.01875663108899,0.0813364199697549,11.164127728476698,11.137563511771996,0.7696927692185649,-0.01515562224356661,0.1254270334115689,-48.81770409249395,-105.14929928911468,-0.03340297531709874,11.158299944323245,11.157284642577428,-0.15052259627714168,-0.0018829407088682638,0.127146103589747,9.220767927326657,L,0.5,0.0,0.0,0.5,86.1724212519365,79.12354297687264,10.5,-52.785714285714285,4.220767927326657
890,-57.92645816680069,-105.00959387678184,0.0801032036713338,11.159913821056163,11.13417506032055,0.7575105408746705,-0.0061436961118379405,0.11618628179000437,-48.70637341083581,-105.15299294828976,-0.0315508071881258,11.154215096385157,11.153468890855232,-0.1290198323945511,-0.002700233274034952,0.11789241523711133,9.22119982436588,L,0.5,0.0,0.0,0.5,86.07853261292998,79.04256149054861,10.5,-52.785714285714285,4.221199824365881
900,-57.81540470995645,-105.00049230352897,0.07871078895623576,11.154645326243802,11.13068771217878,0.7306869427087195,-0.005430342298315887,0.1053479140921874,-48.59507071144221,-105.15647734566126,-0.029692448752803226,11.149506807736929,11.148991175519557,-0.10722790662491738,-0.0028889660800198863,0.10750622762255549,9.22165334294922,L,0.5,0.0,0.0,0.5,85.98475192808783,78.96153624310675,10.5,-52.785714285714285,4.221653342949219
910,-57.70437609199236,-104.99171453826362,0.07730623217260603,11.14852340803421,11.126654324681972,0.6979525188167862,-0.018077222757385852,0.09280491275250284,-48.48379992577571,-105.15974542651912,-0.02783657140656849,11.14436876349507,11.144037772025769,-0.08589104975243747,-0.0027660068576675187,0.09624784817273437,9.222107092005078,L,0.5,0.0,0.0,0.5,85.89122993919182,78.88046520921345,10.5,-52.785714285714285,4.2221070920050785
920,-57.59336620875713,-104.9832584833452,0.07605617316806633,11.142764944709013,11.121628785503809,0.6859910863044293,-0.020739054211467663,0.0803498696144891,-48.37256363258052,-105.16280394451933,-0.025986152085949354,11.138990986605933,11.138798013289048,-0.06556690351218195,-0.003181732714391112,0.08437947306475964,9.22255044559006,L,0.5,0.0,0.0,0.5,85.79796117568029,78.7993545011553,10.5,-52.785714285714285,4.222550445590061
930,-57.48238300708233,-104.97492826952296,0.07493263868957435,11.137560928378075,11.116253542816866,0.6886004684469746,-0.009295962467330963,0.06849234523811182,-48.26136384154114,-105.16566286699684,-0.024134573731085875,11.133476128718822,11.133383725270594,-0.045360055464194346,-0.0038588670616854642,0.07214104575303404,9.222991604569069,L,0.5,0.0,0.0,0.5,85.7048333267699,78.71821195819798,10.5,-52.785714285714285,4.222991604569069
940,-57.37143902717762,-104.96656788551573,0.07376181727924858,11.13242816026392,11.111391126577592,0.6840643066626609,0.004814182739624322,0.056724841765166845,-48.15020187956538,-105.16831310891683,-0.022282084260609205,11.127880855686527,11.127854160754493,-0.02437448119671039,-0.003603624789534545,0.05975022283070886,9.223443807367676,L,0.5,0.0,0.0,0.5,85.61176156360644,78.6370322429983,10.5,-52.785714285714285,4.223443807367676
950,-57.26054066540951,-104.95819300746277,0.07239955640207779,11.126818032238205,11.107212138704913,0.660240886606929,0.009585763317476563,0.044543683498793354,-48.03907778243706,-105.17075307140796,-0.020433367297915943,11.122344147911964,11.122343485588829,-0.003838381332070862,-0.0033709493106542955,0.04743041485382023,9.223912373977916,L,0.5,0.0,0.0,0.5,85.51876055720122,78.5558140190581,10.5,-52.785714285714285,4.223912373977916
960,-57.14968615314073,-104.94994261944203,0.07084122185047578,11.12061006073434,11.103142982995392,0.6230441573965628,0.0030526795808531113,0.032075030796176074,-47.92799081990291,-105.17298383589382,-0.018591719880216975,11.116961076774993,11.11694931785428,0.016169316295992366,-0.003250906144917119,0.03537579494560389,9.224392240321118,L,0.5,0.0,0.0,0.5,85.42591383340141,78.4745571645602,10.5,-52.785714285714285,4.224392240321118
970,-57.03887292290844,-104.94187584306579,0.06914120686170501,11.114303947416039,11.098787881402068,0.5870773366349011,-0.004553014000307836,0.02011158084203993,-47.81693978841763,-105.1750123903855,-0.01675484907605365,11.111803370399347,11.111745687979795,0.035803743948370007,-0.003446142533157695,0.023762738066943914,9.224879586569989,L,0.5,0.0,0.0,0.5,85.33325579217826,78.39326515834146,10.5,-52.785714285714285,4.224879586569989
980,-56.92809740393952,-104.93402297505911,0.06734933448687004,11.10818720271969,11.094341413418851,0.5544470517235501,-0.01135663697366546,0.00887456262164937,-47.70592339038115,-105.17684453411971,-0.01491579691629067,11.106898183419416,11.106758241268158,0.05575506136074691,-0.0036127816284166796,0.012745149994093073,9.225370228120704,L,0.5,0.0,0.0,0.5,85.24080254593073,78.31194063763394,10.5,-52.785714285714285,4.225370228120704
990,-56.817355091485524,-104.92639793829898,0.06550233183850256,11.102478895008158,11.090058906724037,0.5250057709134348,-0.01643534549609615,-0.0014953963987860471,-47.59494006331638,-105.17846875178333,-0.013077144790862442,11.102260626161664,11.101997561944282,0.0764273890880179,-0.002850855036304178,0.002451016333705045,9.225859236234355,L,0.5,0.0,0.0,0.5,85.14855951965403,78.23057446741727,10.5,-52.785714285714285,4.2258592362343546
1000,-56.70664067601826,-104.9190075205368,0.0636264675832535,11.097328368666608,11.086144226342165,0.4980995028635595,-0.019636212346281594,-0.010917759572793668,-47.48398721918162,-105.17988764134613,-0.011242364288840564,11.097992376731769,11.097573476047195,0.09642477757414049,-0.002467395457408444,-0.007013371802831127,9.226342461795698,L,0.5,0.0,0.0,0.5,85.05652717142536,78.14916618527813,10.5,-52.785714285714285,4.2263424617956975
1010,-56.595948284095584,-104.91185618376865,0.0617423743471906,11.092825083424989,11.082725532005213,0.4732474127793809,-0.021110699279038112,-0.019340945439155606,-47.3730621157304,-105.18110201361333,-0.009412554494629832,11.094120879387193,11.093512334736017,0.1161988189039863,-0.0021110154532668064,-0.015566371465761647,9.226815408986495,L,0.5,0.0,0.0,0.5,84.96470411481539,78.06771402960422,10.5,-52.785714285714285,4.226815408986495
1020,-56.485272769028015,-104.9049303856302,0.059855748723540096,11.089016976643396,11.079871977206327,0.4502604546297806,-0.02030044403005982,-0.026686146615635127,-47.26216184911786,-105.18212074476764,-0.007582230267951805,11.090673691601543,11.08984183248191,0.1358346940838744,-0.0021537205354200677,-0.023146607672779013,9.227275304019313,L,0.5,0.0,0.0,0.5,84.873078504381,77.98622154782225,10.5,-52.785714285714285,4.227275304019313
1030,-56.37460881759774,-104.89823959532393,0.057974978793511406,11.085819442896897,11.077577788999703,0.4273909792816461,-0.019252997643443015,-0.03301528695088557,-47.15128385078052,-105.18293327045377,-0.005753181507126706,11.08762114775366,11.086520725827878,0.15620791242157,-0.00134812693115047,-0.02970881373681148,9.227717698985634,L,0.5,0.0,0.0,0.5,84.7816524883269,77.9046794934554,10.5,-52.785714285714285,4.227717698985634
1040,-56.26395178168431,-104.89177498634278,0.05610442658782832,11.08325381698248,11.075821428706973,0.405826134018196,-0.01675726737106995,-0.03825175797301281,-47.040424737615425,-105.18353585436974,-0.003932935210173895,11.085026982856393,11.083629875995618,0.17598858653807573,-0.0006660591188607192,-0.03524196629547659,9.22814041596583,L,0.5,0.0,0.0,0.5,84.69041751724129,77.82308259202946,10.5,-52.785714285714285,4.2281404159658305
1050,-56.153296895869374,-104.88554796369628,0.054255278170203376,11.081239661113187,11.07456366634794,0.3845933268193398,-0.014477344783799431,-0.04246901591781062,-46.929580817007725,-105.18392993763139,-0.0021272380263564184,11.082922034416061,11.081207888318453,0.1949167945918025,-0.00037376616552818956,-0.03975096492160286,9.228541060526323,L,0.5,0.0,0.0,0.5,84.59937739937746,77.74142882866273,10.5,-52.785714285714285,4.228541060526323
1060,-56.04263813644024,-104.87958359750306,0.05246130025732618,11.079807052579078,11.073784742516594,0.36526127468945835,-0.012505822499821143,-0.04569507519471674,-46.81874845513888,-105.1841252081576,-0.0003338415795531187,11.081305851327976,11.079254154815086,0.21322932183050686,-0.0007103992722422026,-0.043254186086717945,9.228915778434525,L,0.5,0.0,0.0,0.5,84.50854341444396,77.65972181034846,10.5,-52.785714285714285,4.228915778434525
1070,-55.9319706624253,-104.87385166169044,0.0507371185892757,11.079082106271214,11.073535018147693,0.3505460302952812,-0.00749849916095029,-0.04783239965100943,-46.70792470386367,-105.18412543061068,0.0014527046470438573,11.080123353168949,11.077697061274764,0.2318649177093837,-0.0009840885564953061,-0.04577190678692262,9.229262898917614,L,0.5,0.0,0.0,0.5,84.41789372752615,77.57796168650306,10.5,-52.785714285714285,4.229262898917614
1080,-55.82129188591477,-104.86831791353706,0.0490673350741066,11.07891473948406,11.073784055858614,0.33713274680568417,-0.0011930797561357266,-0.048989902014724765,-46.59710698497658,-105.18392635527307,0.0032326263447150626,11.079336270071206,11.076494731878874,0.25091161785557237,-0.0008382761201584468,-0.047341555409484794,9.22958264360806,L,0.5,0.0,0.0,0.5,84.3274057354405,77.49614347914557,10.5,-52.785714285714285,4.22958264360806
1090,-55.71060248508591,-104.86292515196088,0.04739793790074796,11.079117568736285,11.074427729390916,0.32232990611885665,0.006240073932909638,-0.049210770028141185,-46.48629254671038,-105.1835280875234,0.005004003723676823,11.078944662482305,11.075661334896477,0.2697050778616181,-0.0007662294996647664,-0.048026207205807504,9.229879743610141,L,0.5,0.0,0.0,0.5,84.23704513481925,77.41426502543518,10.5,-52.785714285714285,4.229879743610141
1100,-55.59990026500476,-104.85776064940814,0.04574586556165531,11.079358194498587,11.075248890415333,0.30172838341287195,0.006346321796976379,-0.048855034532473404,-46.37547879239934,-105.18293152939516,0.006765482159461442,11.078928121998212,11.075177953772728,0.28823883268798206,-0.000764616506757569,-0.04789196883446947,9.230151006644231,L,0.5,0.0,0.0,0.5,84.14686463289205,77.3323248243977,10.5,-52.785714285714285,4.230151006644231
1110,-55.48917893309955,-104.8528776679764,0.044193014438548284,11.080016668076157,11.076312605406983,0.2864758840598155,0.005842769208117665,-0.04778342440732775,-46.26466331850779,-105.18214015478547,0.008517968590241854,11.07926033802066,11.075018342896659,0.30655887222560807,-0.0009294178430977214,-0.04701345545844937,9.230390138508062,L,0.5,0.0,0.0,0.5,84.05689286988788,77.2503232712758,10.5,-52.785714285714285,4.230390138508062
1120,-55.37843174267067,-104.84826336035444,0.04280997767293802,11.081366086096095,11.07779526316566,0.28129422579416613,0.00898653281978448,-0.045963169049917325,-46.15384416912132,-105.18115309164929,0.010261302648866712,11.079897997169413,11.075132510474202,0.3249299972550361,-0.0009454703050206661,-0.0454627677013099,9.230592151930592,L,0.5,0.0,0.0,0.5,83.9671172842264,77.16825815583479,10.5,-52.785714285714285,4.230592151930592
1130,-55.267656194403344,-104.84382383914854,0.04158983583435306,11.083375254204944,11.079735398515123,0.2840255699993271,0.01794759775965269,-0.04340830486791247,-46.04301947766544,-105.17997305098275,0.011995997181450916,11.080816230344276,11.075502876033395,0.34310985651405296,-0.0010973520249080706,-0.04332811423705913,9.230759386334682,L,0.5,0.0,0.0,0.5,83.87747833347521,77.08612977192178,10.5,-52.785714285714285,4.230759386334682
1140,-55.156860223142814,-104.83932871486329,0.04034944928047806,11.085679535216416,11.082007877810334,0.2852931013287201,0.03460949188403262,-0.040112195898038376,-45.932187834933245,-105.17859750509992,0.013720228011346031,11.08197101666156,11.076080285450514,0.3612853780342237,-0.001045212751445779,-0.040686539992758966,9.230909163339474,L,0.5,0.0,0.0,0.5,83.78783962783514,77.00393519734799,10.5,-52.785714285714285,4.230909163339474
1150,-55.046087641501536,-104.83470946030047,0.03885256379161529,11.08432624058147,11.08119029622367,0.26364716293049123,0.042742978521206745,-0.035951781371633844,-45.82134775471444,-105.17703171351944,0.015434783420386101,11.083343682129843,11.076859338822459,0.3790703947147745,-0.0013246410185514083,-0.03763641204461022,9.2310893454635,L,0.5,0.0,0.0,0.5,83.6981929541582,76.92167675453075,10.5,-52.785714285714285,4.2310893454635
1160,-54.935176092528366,-104.83008889732866,0.03698424963461938,11.09875077311089,11.09663895786985,0.2165007212799158,0.03405830579105383,-0.035401425885215665,-45.71049850542829,-105.17526898957942,0.01713545718016362,11.08487734671099,11.077768252928847,0.3969336544414105,-0.0011528578058405473,-0.03424228879362058,9.231133510140166,L,0.5,0.0,0.0,0.5,83.60848760128512,76.83934919231183,10.5,-52.785714285714285,4.231133510140166
1170,-54.82424452104235,-104.82571805324154,0.03483183101910729,11.100940634653455,11.099830040274693,0.15702245417698832,0.010790034736340305,-0.032066681419997176,-45.599638911011915,-105.17331354926209,0.0188189565608541,11.086573933203987,11.078841554531051,0.4139944274916214,-0.0014385654271766048,-0.030613189902513372,9.231152218951802,L,0.5,0.0,0.0,0.5,83.51897337952127,76.75695435948457,10.5,-52.785714285714285,4.231152218951802
1180,-54.71335348153142,-104.8217408680747,0.03261113673905524,11.096540394487818,11.095985564326377,0.11096433102815938,-0.010915566742266,-0.027177057959773442,-45.48876826882883,-105.17116847634067,0.02048468986253263,11.088387201564764,11.080019933830346,0.4306843365475957,-0.0018618087271094156,-0.0268190192411388,9.231201005277148,L,0.5,0.0,0.0,0.5,83.42978805431117,76.67449369261482,10.5,-52.785714285714285,4.231201005277148
1190,-54.602494315208844,-104.81811905539543,0.03046588274563949,11.092735658976572,11.09240110002696,0.08615240014711188,-0.020514266221609796,-0.022106870272800793,-45.37788615434401,-105.16884023349479,0.022135712456898896,11.090275081185688,11.081257150782347,0.4471480007819548,-0.002518202076499396,-0.022935898396980483,9.231272992727572,L,0.5,0.0,0.0,0.5,83.34090179604333,76.59197115324076,10.5,-52.785714285714285,4.231272992727572
1200,-54.49164829782875,-104.81481445836435,0.028453595215580375,11.090745097933027,11.090511904234688,0.07192029862377221,-0.023164776319698384,-0.017307005172348382,-45.266992797649294,-105.1663310856939,0.023775575248741788,11.092179090433145,11.082477126688156,0.4638293982447635,-0.0030078295106158786,-0.019018174532948733,9.231350553211609,L,0.5,0.0,0.0,0.5,83.25227692528489,76.50938832613534,10.5,-52.785714285714285,4.231350553211609
1210,-54.38079667781365,-104.81175453716119,0.026564028347373855,11.09077442380369,11.090595630657967,0.06297520884042855,-0.01940342065669612,-0.012904513477490623,-45.156092202391555,-105.16350093622295,0.025297583256512803,11.094060080777936,11.083669092710574,0.48005053817582755,0.0028806342886964357,-0.014943884228662782,9.231408245123022,L,0.5,0.0,0.0,0.5,83.16385417832058,76.42665198507203,10.5,-52.785714285714285,4.231408245123022
1220,-54.269927193227964,-104.80888475141622,0.024747543798386337,11.092237936719373,11.092112205389608,0.05281351951309408,-0.013268429851826118,-0.008922559436344284,-45.045174487332254,-105.16041984117163,0.026631149870649788,11.096544346315984,11.086111347328073,0.4810734085365323,-0.0007896217128759804,-0.011359604779432667,9.2314483914638,L,0.5,0.0,0.0,0.5,83.07559048191914,76.34380257001246,10.5,-52.785714285714285,4.2314483914638
1230,-54.159034734468136,-104.80617711620062,0.022948207015789354,11.094387296604765,11.094321390032794,0.038241099957975054,-0.007548577990855152,-0.0053053755238605844,-44.93423432330921,-105.15715505540705,0.027780011344146312,11.099359745691368,11.089137482111116,0.47625273449321,-0.00840341240777362,-0.008102089116148138,9.231474862638551,L,0.5,0.0,0.0,0.5,82.98746487205864,76.26088213038838,10.5,-52.785714285714285,4.231474862638551
1240,-54.04811927668829,-104.8036474401367,0.02113792207032125,11.096606039092634,11.096590240663899,0.018724786510403275,-0.004623440275423744,-0.0020000378071306666,-44.823270439833756,-105.1537553152517,0.028774936945658133,11.102215991538788,11.092235586166698,0.47064808908222133,-0.016999299877942887,-0.005074866737011517,9.23149021485881,L,0.5,0.0,0.0,0.5,82.89948776570056,76.1779231367612,10.5,-52.785714285714285,4.231490214858811
1250,-53.93718281935992,-104.80131144640211,0.019313171933445162,11.098632731238277,11.098632410405013,-0.0026686365469642988,-0.0032119799042835406,0.0010449674459012777,-44.71228446058356,-105.15024659093136,0.029644843823264325,11.104889152618215,11.095103325445665,0.466095794469591,-0.02458378917036451,-0.002211647593222576,9.231495299508222,L,0.5,0.0,0.0,0.5,82.81167114410002,76.09494463432193,10.5,-52.785714285714285,4.231495299508222
1260,-53.82622834108867,-104.79917048034689,0.01747291748425115,11.100368540009962,11.100341938871997,-0.02430152592694365,-0.002099897633373845,0.0038438312103111524,-44.60127921031317,-105.14664442417839,0.030408653507580898,11.1072643339131,11.097639763685256,0.46229066493914456,-0.03064011872948252,0.0004934250622428012,9.231490920053892,L,0.5,0.0,0.0,0.5,82.72401874849191,76.01195942467217,10.5,-52.785714285714285,4.231490920053892
1270,-53.71525916936759,-104.79724088253018,0.015625196998153637,11.101758755308582,11.101661727396644,-0.04641499248412116,-0.0021002437258889587,0.0063756763464476885,-44.4902576615609,-105.14296397393746,0.031079992020963263,11.109305500157024,11.099835901092735,0.4585974974113463,-0.03530211778169735,0.00301474832756477,9.231477523937759,L,0.5,0.0,0.0,0.5,82.63654402938408,75.92898018938357,10.5,-52.785714285714285,4.231477523937759
1280,-53.6042776665266,-104.79552380979933,0.013778711814477628,11.102897748175497,11.102692277010021,-0.06754708330151377,-0.0017867969797025099,0.008620919979172744,-44.37922260960673,-105.13922064875268,0.03167187579289857,11.111017307038876,11.10170062282664,0.45491634225213073,-0.03861328750698023,0.005327067533596517,9.23145537390012,L,0.5,0.0,0.0,0.5,82.54925015939726,75.84601968949639,10.5,-52.785714285714285,4.23145537390012
1290,-53.493285787100206,-104.794017748707,0.01193758521202552,11.10383627261747,11.10348743230582,-0.08801596288233114,-0.0012420047073161502,0.010556797626293551,-44.268176615684126,-105.13542681201062,0.032196516280015686,11.112425286426387,11.10325182292317,0.45143626699887196,-0.04046514273513039,0.007412609752973091,9.231424558162782,L,0.5,0.0,0.0,0.5,82.46213831164107,75.7630884494068,10.5,-52.785714285714285,4.231424558162782
1300,-53.38228516428772,-104.79272065788943,0.01010316920318848,11.104611945184503,11.104085584538876,-0.10811930618684412,-0.0005535870515410358,0.01217003640637102,-44.15712204154857,-105.13158744593706,0.03266062722903122,11.113566034348972,11.104525913768988,0.4481676363462326,-0.04070817081427695,0.009259925614030003,9.231384800840454,L,0.5,0.0,0.0,0.5,82.37520907170337,75.68019177282035,10.5,-52.785714285714285,4.231384800840454
1310,-53.271277218623716,-104.79163079511181,0.008275654721426577,11.105248308690086,11.10451029073423,-0.12802812441652284,0.000184623413899837,0.013457213359297834,-44.04606089645872,-105.12770241256865,0.03306230023153774,11.114482856437562,11.105589744185506,0.4445285141429959,-0.039579903251647716,0.010849377630028193,9.231335782149813,L,0.5,0.0,0.0,0.5,82.28846304359429,75.59733117241605,10.5,-52.785714285714285,4.231335782149813
1320,-53.160263251666635,-104.79074683836377,0.006454990161355468,11.105758191045783,11.104774534121368,-0.14780914826240127,0.0009058860000321323,0.014423475456069606,-43.93499450321404,-105.12377798174968,0.03339750216430706,11.11521643212931,11.106516643732691,0.4396866788590827,-0.0379207309552058,0.012146312096098686,9.231277984311868,L,0.5,0.0,0.0,0.5,82.20190100036392,75.51451210208009,10.5,-52.785714285714285,4.231277984311868
1330,-53.04924455282052,-104.79005911746539,0.00463461133355366,11.106148358774318,11.104885095642306,-0.1675063571535543,0.0019526335469956303,0.015080467641426187,-43.823923743807875,-105.1198268593794,0.033667165931437065,11.115790507311882,11.107327170148604,0.4336839145317056,-0.03614850057587517,0.01313939665038102,9.231212856001576,L,0.5,0.0,0.0,0.5,82.11551841530239,75.43174417840348,10.5,-52.785714285714285,4.2312128560015765
1340,-52.938222927006514,-104.78957860535502,0.0028162800707574737,11.106374749453254,11.104783958379612,-0.18797157499922051,0.0019982426260816985,0.015454814068743558,-43.7128492884461,-105.11586636475086,0.03388073716234565,11.116214986549535,11.108004315995798,0.4271717956597873,-0.034359118833492325,0.013836092566742921,9.231141991811032,L,0.5,0.0,0.0,0.5,82.02932422196453,75.34904010395134,10.5,-52.785714285714285,4.2311419918110325
1350,-52.827199365016654,-104.78930459809884,0.0010044970700887287,11.106498918091424,11.104554749209338,-0.2078028858757272,0.0022533870243634205,0.015554113262830993,-43.60177210511007,-105.11190534986095,0.03404911794887792,11.116492993774107,11.10851344431388,0.42112413624324724,-0.03193606159543768,0.014274164521151869,9.231065993311114,L,0.5,0.0,0.0,0.5,81.94331934206048,75.26640695685458,10.5,-52.785714285714285,4.231065993311114
1360,-52.716174818015155,-104.78924394344887,-0.0007919921964913937,11.106531814713355,11.104208654285351,-0.22715438215947123,0.0022134601517148555,0.01540208855366335,-43.490693252658765,-105.10794769869547,0.03417955619013233,11.11663187823731,11.10886184469979,0.41556327029128143,-0.028871322867072804,0.014472177710698414,9.230984898500207,L,0.5,0.0,0.0,0.5,81.85750946299756,75.18384844649268,10.5,-52.785714285714285,4.230984898500207
1370,-52.60514957549472,-104.78938283021358,-0.0025739123076650144,11.106527662067691,11.103818159321698,-0.24531407010712775,0.0031357234562497155,0.015006177381927627,-43.37961374421628,-105.10399526058598,0.034275532662622274,11.116642875989166,11.109071283291913,0.41022439593430354,-0.02536516634789731,0.014443289243625335,9.230898783734293,L,0.5,0.0,0.0,0.5,81.7718866422422,75.10136684103401,10.5,-52.785714285714285,4.230898783734293
1380,-52.49412474469639,-104.7897193519681,-0.004345062828200635,11.106436105017712,11.103304079536976,-0.26374508939234215,0.0037586537141984584,0.01441152660355573,-43.26853442746884,-105.10005108329821,0.03433935985521506,11.116539372945585,11.109164213592257,0.4048680102089838,-0.02173531071646185,0.014198451323128589,9.230808333228085,L,0.5,0.0,0.0,0.5,81.68645111204994,75.01896512915215,10.5,-52.785714285714285,4.230808333228085
1390,-52.38310135055877,-104.79024421761594,-0.006113443345114887,11.106258972808133,11.102670586235774,-0.2823016553549585,0.004561676946008493,0.013641441957462183,-43.15745600175482,-105.09611917376094,0.034374197301914676,11.116335099115826,11.109153230195272,0.3995253982870413,-0.01815574085043425,0.013755391274533305,9.230714576385985,L,0.5,0.0,0.0,0.5,81.6011983300656,74.93664687008373,10.5,-52.785714285714285,4.230714576385985
1400,-52.272081063257055,-104.7909688402123,-0.00787746802162738,11.105958909376136,11.101860644364821,-0.3016844872622512,0.0042801821521793815,0.0127465228939583,-43.04637913200077,-105.09220130196113,0.0343827672182148,11.11604364857642,11.109046154715337,0.39436015196844126,-0.0145921636098545,0.013140078225272592,9.23061845817479,L,0.5,0.0,0.0,0.5,81.51613743480644,74.85441404572457,10.5,-52.785714285714285,4.23061845817479
1410,-52.16121289857465,-104.79189004362448,-0.009633430629527286,11.091099606889262,11.086473853569434,-0.3202935904142559,0.0042491704146212245,0.014848678591296217,-42.935304513346146,-105.08829508364899,0.03436407529108537,11.115678425920008,11.108859092432438,0.3893026238604797,-0.011011293559529612,0.012378678754845177,9.230668528355977,L,0.5,0.0,0.0,0.5,81.43138165893505,74.77226575782306,10.5,-52.785714285714285,4.230668528355977
1420,-52.050433959836,-104.79300558258416,-0.011380313630342836,11.08235064302864,11.07717822908074,-0.3385531807810703,0.004293683570374724,0.015014334651187773,-42.824232550559145,-105.08440356802316,0.034317700365713306,11.115252012309671,11.1086192162127,0.38393541949673815,-0.00792965164908929,0.011479094417337264,9.230801981976436,L,0.5,0.0,0.0,0.5,81.3468815419576,74.69020469749431,10.5,-52.785714285714285,4.230801981976436
1430,-51.939686720966776,-104.79431373572783,-0.013118730270142867,11.079239930499824,11.073495839431619,-0.3567174395405925,0.004319450142321802,0.01380837656442706,-42.71316338115663,-105.08053491153251,0.0342491283218855,11.114776423801704,11.108328915457829,0.37852827780985626,-0.005494624912179091,0.010462398968424613,9.230961786376342,L,0.5,0.0,0.0,0.5,81.2625922215408,74.60823695354402,10.5,-52.785714285714285,4.2309617863763425
1440,-51.82894035994168,-104.79592121685081,-0.014767007186285432,11.079317181697217,11.072986783630318,-0.37447683800131226,-0.00048085814424381115,0.01195070071540555,-42.60209737614772,-105.07668740188919,0.034162119588055394,11.11426424431777,11.107977411891554,0.37377467734914616,-0.0030086615262916432,0.009376837344587411,9.231113751777135,L,0.5,0.0,0.0,0.5,81.1785589390007,74.5263618807627,10.5,-52.785714285714285,4.231113751777135
1450,-51.718170604049035,-104.797548584942,-0.01644387644977115,11.081206903579892,11.074640700437431,-0.3814181382176071,0.011996408800891287,0.009363447667709838,-42.49103495605122,-105.07285535046715,0.03405382574285129,11.113726083107597,11.107591120387143,0.3692247996043036,-0.000564160900735515,0.008242329628737487,9.231241849377358,L,0.5,0.0,0.0,0.5,81.094584655727,74.44457607132173,10.5,-52.785714285714285,4.2312418493773585
1460,-51.607388464359836,-104.7992379938357,-0.01828133604340404,11.082442937463913,11.074911292455308,-0.408511109260991,0.012661147416531224,0.007192046263860986,-42.37997650410195,-105.06903237831843,0.03391533542502154,11.113170578544128,11.107201620432058,0.36418741176806085,0.001581879080698206,0.007072496058310821,9.231355290216532,L,0.5,0.0,0.0,0.5,81.0107051592455,74.36287558887702,10.5,-52.785714285714285,4.231355290216532
1470,-51.4966149381268,-104.8013171002536,-0.020115883735002813,11.082418922678876,11.073466343351717,-0.4453676238879325,-0.0046277452922688575,0.005758642644678826,-42.26892177224442,-105.06522994896936,0.03374614299092903,11.112603491212754,11.106833153941066,0.3580693276859027,0.0024151744667104237,0.005855988197908427,9.23146635997714,L,0.5,0.0,0.0,0.5,80.92714748430392,74.28126858764452,10.5,-52.785714285714285,4.231466359977141
1480,-51.38584081103622,-104.80370163389745,-0.02181191893164565,11.082747481406308,11.073289726639294,-0.45776234720929443,-0.006403902912235115,0.003967349743390612,-42.157870554684614,-105.06145513957524,0.033552623139294066,11.112036202518112,11.106455861753737,0.35211753291932085,0.002771620825300401,0.0046402737582936955,9.231569309808549,L,0.5,0.0,0.0,0.5,80.84385134717829,74.19976019620245,10.5,-52.785714285714285,4.231569309808549
1490,-51.27506256382115,-104.80632444995511,-0.02334959840891366,11.08321950374021,11.073610459630652,-0.4614173343579636,-0.002708234802809696,0.0021209974513888815,-42.04682270623917,-105.05771033219227,0.033340955037006674,11.111479228036673,11.10606781555577,0.34673954399054857,0.0030180029796816033,0.0034542956463787288,9.231663215848641,L,0.5,0.0,0.0,0.5,80.76077164455485,74.11835229687681,10.5,-52.785714285714285,4.231663215848641
1500,-51.16427922496847,-104.80913593415328,-0.024749471944342467,11.083738128491134,11.074062813039756,-0.4630158893797783,0.0033772059843982932,0.0003234629130936923,-41.93577810671292,-105.05399496803186,0.03311445500405567,11.110941223606284,11.10568123069826,0.34184686125503055,0.0032691336274693313,0.00231661299571207,9.231748958681443,L,0.5,0.0,0.0,0.5,80.67787635000161,74.03704472182804,10.5,-52.785714285714285,4.231748958681443
1510,-51.05349138150044,-104.81210607809359,-0.026038488493533633,11.084218783841896,11.074455064235778,-0.4651355483040111,0.00972600575780538,-0.001340630110234569,-41.8247365275541,-105.05031031023493,0.03287574366966388,11.11042867139069,11.105311018481938,0.3371831028446578,0.0033651885514946593,0.0012352239961891526,9.231828497673048,L,0.5,0.0,0.0,0.5,80.5951471503502,73.95583851383401,10.5,-52.785714285714285,4.231828497673048
1520,-50.94270006958856,-104.81520952910172,-0.02724391633718872,11.084614625381148,11.074721371293984,-0.4682178354333999,0.015686996754452922,-0.0028343670259825503,-41.71369766614346,-105.0466581763587,0.03262829540795189,11.109948108973184,11.104962453980377,0.3328000597399587,0.003340775585299562,0.00022235453261925894,9.231904128570255,L,0.5,0.0,0.0,0.5,80.51256900089012,73.87473506086177,10.5,-52.785714285714285,4.231904128570255
1530,-50.83190689915412,-104.8184308594001,-0.02839010626257681,11.084886112478008,11.07479892698916,-0.47278838116810823,0.020378126376242704,-0.004115447523184113,-41.602661349163206,-105.04303473814402,0.03237222245026961,11.10950559596846,11.10463904044861,0.328795328736716,0.003507148900189242,-0.0007032451054334046,9.23197813712608,L,0.5,0.0,0.0,0.5,80.4301336435793,73.79373185124544,10.5,-52.785714285714285,4.231978137126079
1540,-50.72111379431102,-104.82176907954714,-0.029490027938553424,11.085029212971557,11.074685979573431,-0.47875161229234503,0.023165074905771004,-0.005156710642349653,-41.49162733263279,-105.0394386148755,0.03210553643752819,11.109102108457797,11.104356358730218,0.3246837145119295,0.0035454572535369416,-0.0015440213939968877,9.232052879663975,L,0.5,0.0,0.0,0.5,80.34784236507384,73.71282804887724,10.5,-52.785714285714285,4.232052879663975
1550,-50.61032197305769,-104.82522281553521,-0.030547850663972087,11.085091287495242,11.074476864368904,-0.4849856004674668,0.02462458470875678,-0.005983135104666037,-41.38059531953179,-105.03587004766405,0.03182651486775724,11.108738534137467,11.104118644660852,0.32034504073870174,0.0033802211728221833,-0.002296613424808432,9.232130109309,L,0.5,0.0,0.0,0.5,80.26569565932934,73.63202392883844,10.5,-52.785714285714285,4.232130109309001
1560,-50.49953172983966,-104.82878003774738,-0.03157129967469399,11.08512064121388,11.074242829364762,-0.4909637323969856,0.025536214264565576,-0.006631405892427931,-41.269564978622356,-105.03233018246625,0.03153426955795155,11.108415726836421,11.103925990833307,0.3157966914381475,0.0030143291883180053,-0.0029571964380938113,9.232210942671966,L,0.5,0.0,0.0,0.5,80.18368639648688,73.55132038745829,10.5,-52.785714285714285,4.232210942671966
1570,-50.38874362921733,-104.83243913697525,-0.032566301952650534,11.085127918791963,11.073961666339054,-0.49742737000914783,0.025225429598048982,-0.007083034397563755,-41.15853590759382,-105.02882222049547,0.031229916441635433,11.10813442801991,11.103777267940488,0.31109621490674605,0.0024152436091028832,-0.0035249341346452346,9.232296621091153,L,0.5,0.0,0.0,0.5,80.10181438948446,73.47071973787487,10.5,-52.785714285714285,4.2322966210911535
1580,-50.27795783777062,-104.83619806526252,-0.03353527156077061,11.085142202614605,11.073682344703666,-0.50392160182484,0.024136630188508357,-0.007364073488844098,-41.047507787486566,-105.02534585867024,0.030913742663781812,11.107896706158934,11.103668445554657,0.30645764126604613,0.0018724826245730892,-0.003991300940406911,9.232387828646495,L,0.5,0.0,0.0,0.5,80.0200788590891,73.39022186898718,10.5,-52.785714285714285,4.232387828646495
1590,-50.167174249787706,-104.84005402953296,-0.03447954989133964,11.08518341601632,11.073433404525344,-0.510258760106596,0.0225289222195284,-0.007494281593295138,-40.93648016016595,-105.0219059338189,0.03058833560659935,11.107701185141257,11.103603285197455,0.30169471878176685,0.0010908416338872111,-0.004366459025208288,9.232485228326686,L,0.5,0.0,0.0,0.5,79.93847832939407,73.30983023554658,10.5,-52.785714285714285,4.232485228326686
1600,-50.05639261874609,-104.84400386532192,-0.0354004908191739,11.085261897082763,11.073226304037568,-0.5164209005117999,0.020578057415293668,-0.00749028061962525,-40.8254526968559,-105.01850170873887,0.0302553277852256,11.107550622119525,11.10357403111639,0.29719447919768593,0.0005361309729862974,-0.004640091454315833,9.232589091847597,L,0.5,0.0,0.0,0.5,79.85701096929444,73.2295444237916,10.5,-52.785714285714285,4.232589091847597
1610,-49.945612343018475,-104.84803579585272,-0.036306359540927195,11.085380642583315,11.073060335933377,-0.5224928590324301,0.018786147170062852,-0.007381299836699308,-40.714425024652186,-105.01513492899326,0.029916094277036606,11.107442479739367,11.103585271769813,0.29269874146488656,-2.633736302099269e-05,-0.004822995683798994,9.232699574179966,L,0.5,0.0,0.0,0.5,79.7756690510803,73.1493657616954,10.5,-52.785714285714285,4.232699574179966
1620,-49.83483359231484,-104.85215037519465,-0.037204066758736345,11.085514093884353,11.07286360312738,-0.5294472138424253,0.01630516298157197,-0.007139813066747955,-40.60339685727902,-105.0118045309761,0.029570661124824968,11.10737577370832,11.10363377739773,0.2882941480410053,-0.0004028247808526512,-0.004914822255210525,9.232817210495774,L,0.5,0.0,0.0,0.5,79.69445345613624,73.06929363733296,10.5,-52.785714285714285,4.232817210495774
1630,-49.72405616427323,-104.85634019288449,-0.038103108970505235,11.085662223799064,11.072653209246512,-0.5368964964762766,0.013874634160508796,-0.006806321464795182,-40.492367914658104,-105.00851073253718,0.029218264383301943,11.107346252521436,11.103720900906232,0.2837656219137343,-0.0007482746480108737,-0.004925627964833587,9.232942316034482,L,0.5,0.0,0.0,0.5,79.61335957766134,72.98932835880976,10.5,-52.785714285714285,4.232942316034482
1640,-49.613281232058554,-104.8606268537495,-0.03899644832575476,11.085802726556468,11.072375757574061,-0.5454513499965417,0.010017077104892334,-0.006328643931412658,-40.38133794747627,-105.00525380374461,0.02885792440849477,11.107350151731081,11.103843560007565,0.27907989544031464,-0.001061950734207525,-0.004861829488180739,9.233076072707776,L,0.5,0.0,0.0,0.5,79.5324028271061,72.90947029570589,10.5,-52.785714285714285,4.233076072707776
1650,-49.502508275848676,-104.86500788224276,-0.03987562199844606,11.085987960925141,11.072199233256116,-0.5527505846761925,0.007046295480494933,-0.005824746442375091,-40.27030672060637,-105.00203476881833,0.028488886173630594,11.107383342406301,11.103998454742916,0.274195244728814,-0.0013896194374945657,-0.004731664826928259,9.23321839470198,L,0.5,0.0,0.0,0.5,79.45158161362617,72.829720370867,10.5,-52.785714285714285,4.23321839470198
1660,-49.39173681107932,-104.86947940785431,-0.04073883263798846,11.086215649390656,11.072088833918588,-0.5594875142570938,0.004650432016407165,-0.0052933673830393435,-40.15927399893165,-104.99885564547944,0.028111348926484328,11.107442237548312,11.10418108555707,0.2691384023674026,-0.0017549278431808401,-0.004543274045359526,9.233369254424499,L,0.5,0.0,0.0,0.5,79.37089345311568,72.75008022506677,10.5,-52.785714285714285,4.233369254424499
1670,-49.280966159719505,-104.87402973517788,-0.041594088304263296,11.086476076197128,11.072009758295014,-0.5661728537392633,0.0030541578666848077,-0.004754605923053938,-40.04823955985905,-104.99571852238064,0.027726438167427526,11.107524365610638,11.104386176458785,0.2640173795511245,-0.0021080255058186117,-0.0043032833901027676,9.233528503703322,L,0.5,0.0,0.0,0.5,79.29033056654737,72.67055156659826,10.5,-52.785714285714285,4.233528503703322
1680,-49.170196979667296,-104.87866911657716,-0.04244200079302409,11.086734866987564,11.071871071776284,-0.573899800349555,0.0008277609207135547,-0.004151597139589463,-39.93720322989703,-104.99262412646561,0.02733496950026399,11.107627618708351,11.104609518303278,0.258918446428237,-0.002351694072827352,-0.004017294644662583,9.233696948003843,L,0.5,0.0,0.0,0.5,79.20990058447627,72.59113516659092,10.5,-52.785714285714285,4.233696948003843
1690,-49.05942917963575,-104.88339708939618,-0.043280375535891376,11.087008420828914,11.071756346646838,-0.5813493992571963,-0.0008666606492603304,-0.003550839255425385,-39.82616484662551,-104.98957387232207,0.026937821253730933,11.107748542508084,11.10484893010098,0.25378716127020523,-0.0025478327756806654,-0.003694892670217093,9.233874796231078,L,0.5,0.0,0.0,0.5,79.1296035483377,72.51183230279032,10.5,-52.785714285714285,4.233874796231078
1700,-48.94866271535139,-104.88821276215754,-0.044108988344614436,11.087291262673014,11.071650152066475,-0.588719333461854,-0.002177032051837559,-0.0029554531135901592,-39.71512431217105,-104.98656744213937,0.02653495332770594,11.10788446711662,11.105100699846659,0.24866801377720366,-0.002599744165138176,-0.0033415263653946356,9.234062220175932,L,0.5,0.0,0.0,0.5,79.04943925247909,72.43264305508565,10.5,-52.785714285714285,4.234062220175932
1710,-48.83789761813147,-104.89311548206108,-0.04492855867833844,11.087577071870523,11.071538791735227,-0.5961494005456974,-0.0031667843193151453,-0.002371656558589328,-39.604081566010336,-104.98360476710923,0.02612542454367313,11.108030765056812,11.105363143637742,0.24342745404137225,-0.002589283435955949,-0.0029666287869063437,9.234259428623307,L,0.5,0.0,0.0,0.5,78.9694077043566,72.3535677094165,10.5,-52.785714285714285,4.234259428623307
1720,-48.72713398732885,-104.89810495851238,-0.04574002026667527,11.087860089072066,11.071413166188368,-0.6036984830096017,-0.0038867595543759592,-0.0018055022990215357,-39.493036564909616,-104.98068668710258,0.02570839733024952,11.108182891728665,11.105633049709192,0.23799521276759175,-0.002588168025956972,-0.002578971564934338,9.234466684580461,L,0.5,0.0,0.0,0.5,78.88950920108033,72.27460722108475,10.5,-52.785714285714285,4.234466684580461
1730,-48.616371972374026,-104.90318116844902,-0.046544196756439,11.088135611011214,11.071267834315824,-0.6113753912440851,-0.004373550971631493,-0.0012629832888004532,-39.381989252072835,-104.97781563888888,0.025284463288978574,11.1083373852305,11.105906012196156,0.23240290956626733,-0.0026564797787059684,-0.002186734177614491,9.234684322118166,L,0.5,0.0,0.0,0.5,78.8097442544324,72.19576369430521,10.5,-52.785714285714285,4.2346843221181665
1740,-48.505611346760766,-104.90833554817173,-0.04734839252586883,11.088400121423666,11.071097833271157,-0.6192011134736822,-0.004272643964343047,-0.0007683574249131376,-39.27093959155973,-104.97499320138047,0.02485498142137422,11.108493145431915,11.106177129765264,0.2268248760317833,-0.0026846438271109613,-0.0017938990557215698,9.234912326007164,L,0.5,0.0,0.0,0.5,78.73010744102007,72.11703863556717,10.5,-52.785714285714285,4.234912326007164
1750,-48.39485358107941,-104.91358886628622,-0.04814487918261457,11.088629251518041,11.070832322600525,-0.6279891420120417,-0.005304790609941434,-0.0002387641306874288,-39.15988759693941,-104.97221927693322,0.02442043031740905,11.108648729345958,11.106444072133135,0.2213067205900593,-0.0025937021284476065,-0.0014046502404329358,9.2351520969216,L,0.5,0.0,0.0,0.5,78.65061402573167,72.0384323770248,10.5,-52.785714285714285,4.235152096921601
1760,-48.284098373200784,-104.91893814712199,-0.048924790589889675,11.088867902876123,11.07064670808694,-0.6354312174894259,-0.005335870601548032,0.00020483086205799154,-39.048833316528096,-104.96949363571916,0.023980261691929832,11.108800968508737,11.106705980467398,0.21573414516578224,-0.0024399624833715485,-0.0010254438702178106,9.235403430518176,L,0.5,0.0,0.0,0.5,78.57126225111696,71.95994517979484,10.5,-52.785714285714285,4.235403430518176
1770,-48.17334545083551,-104.92437908432333,-0.049685735357022295,11.089112408448594,11.070501621082302,-0.642189897789338,-0.004798779446395229,0.0005803487855254813,-38.93777681350072,-104.96681678277743,0.023533794882146155,11.108946509628078,11.106960996673278,0.2100237418874482,-0.0022958917233015033,-0.0006623597097951892,9.235666138030984,L,0.5,0.0,0.0,0.5,78.49204949149178,71.88157784906032,10.5,-52.785714285714285,4.235666138030984
1780,-48.06259381585854,-104.92989070872218,-0.050441579951589995,11.089354677812633,11.07036138820892,-0.6487572001743303,-0.0031708500886090227,0.0008580047129829958,-38.82671815990522,-104.96418968132275,0.023080747470831144,11.109082989622596,11.107206401681248,0.20418330189621184,-0.002181218872797544,-0.00031974594893299015,9.235939343226148,L,0.5,0.0,0.0,0.5,78.41296148772221,71.80333153159985,10.5,-52.785714285714285,4.235939343226148
1790,-47.95184478495359,-104.93548567576322,-0.05119712559544596,11.08954627134884,11.070062517628429,-0.6570786560109174,-0.002876297396215071,0.0011714057456443437,-38.7156574323297,-104.96161354350544,0.02262135255540976,11.10920894389901,11.107439780077305,0.19825461195642785,-0.0020942986621270776,-9.591802976827916e-07,9.236224308571243,L,0.5,0.0,0.0,0.5,78.33400803481635,71.72520756230408,10.5,-52.785714285714285,4.236224308571243
1800,-47.84109920611018,-104.94117453176423,-0.05194360707795159,11.089708967454479,11.069735178820206,-0.6652879479072771,-0.0028959950658799492,0.0014611822727728728,-38.60459472096484,-104.95908910385788,0.022155899320963287,11.109323689081826,11.107659421399392,0.19228886341116416,-0.0019966768959006837,0.0002919418854148599,9.236521858145698,L,0.5,0.0,0.0,0.5,78.25519720794578,71.6472069422438,10.5,-52.785714285714285,4.236521858145698
1810,-47.73035691639702,-104.9469543658856,-0.052674208550496614,11.089867235046752,11.069465034411518,-0.6723831816042835,-0.0023182429168974727,0.0016727491700086385,-38.49353010041602,-104.95661817064934,0.021685449650061292,11.109426338609405,11.107864405802719,0.18628450093709484,-0.001944543144427871,0.000555600884123604,9.236831871239634,L,0.5,0.0,0.0,0.5,78.17652738074426,71.56933144770531,10.5,-52.785714285714285,4.236831871239634
1820,-47.61961728903798,-104.952812575178,-0.05339365583187937,11.090020348296077,11.069220607763922,-0.6789009222821378,-0.0010350394241954097,0.0017995338452943166,-38.38246367705173,-104.95420037469226,0.021210373028582474,11.109517869648641,11.108053806920065,0.18035497944648526,-0.0017927643330039648,0.000791075867578092,9.237153716238467,L,0.5,0.0,0.0,0.5,78.09799010068576,71.49158129426269,10.5,-52.785714285714285,4.237153716238467
1830,-47.50888114055628,-104.95875767783942,-0.054100623059183596,11.090145332672815,11.06890688951273,-0.6860202410295532,-0.0005381927836746159,0.0019290576253383276,-38.27139554530085,-104.9518369176022,0.020731224628028722,11.109596700902037,11.10822803530517,0.17438111237640969,-0.0016794508657715314,0.0009947858861452808,9.237488187785345,L,0.5,0.0,0.0,0.5,78.01959207773236,71.41395783655572,10.5,-52.785714285714285,4.237488187785345
1840,-47.3981484136136,-104.9647871976967,-0.054791727240655945,11.090260688526776,11.06861991196593,-0.6924849340698507,0.00026855318368698765,0.00199788048684005,-38.16032585019778,-104.94952604871828,0.020247000331104086,11.109663495692624,11.108386529534403,0.1684390037487524,-0.0014353280629970085,0.00116935256558589,9.23783516933608,L,0.5,0.0,0.0,0.5,77.94133203685195,71.33646030953274,10.5,-52.785714285714285,4.23783516933608
1850,-47.287419531615555,-104.97090683472621,-0.0554591829926605,11.090365396134935,11.068347837516631,-0.6984846222559962,0.0008059071935698104,0.0020411491440929345,-38.049254718286775,-104.94726911633383,0.019757063008241264,11.109714969368913,11.10852951551886,0.16229203143107823,-0.0013172601901664752,0.0013105312082245155,9.23819505422768,L,0.5,0.0,0.0,0.5,77.86321453356773,71.2590901994182,10.5,-52.785714285714285,4.238195054227679
1860,-47.17669309139175,-104.97709317921749,-0.056111109816248984,11.090475159122496,11.068151065466655,-0.7033286906720846,0.0026793317190081023,0.0019653770021610915,-37.93818229626787,-104.94506573182277,0.019260532174653403,11.109751987728798,11.108655732600795,0.15606743221903152,-0.0011762860331931539,0.0014214584507590388,9.238566310256537,L,0.5,0.0,0.0,0.5,77.78522325457328,71.18184773834645,10.5,-52.785714285714285,4.238566310256537
1870,-47.065970079092395,-104.98335553341981,-0.056750179577394096,11.090550438942639,11.067843978045769,-0.7093227166577943,0.0032885268789320634,0.001931655447693868,-37.82710866382545,-104.94292001022552,0.018759127730284517,11.109773286135235,11.108764971689633,0.14967722968287578,-0.0012641619166171491,0.0014988856985692417,9.2389499014793,L,0.5,0.0,0.0,0.5,77.70736556447612,71.10473641603758,10.5,-52.785714285714285,4.2389499014793
1880,-46.955250591736224,-104.98969270271067,-0.05737392485950037,11.090609077279069,11.067545009192198,-0.7148826298979084,0.0039450199921462715,0.0018633016350755058,-37.71603389669911,-104.94083247951531,0.018255033339548025,11.109784472125261,11.108857592035063,0.14350615652471457,-0.0012396183928221115,0.0015491265500628116,9.239345889145142,L,0.5,0.0,0.0,0.5,77.6296411373995,71.02775709915801,10.5,-52.785714285714285,4.239345889145142
1890,-46.8445346507066,-104.99610257631782,-0.05798080170523257,11.090653854079617,11.067256314937953,-0.7200281733912021,0.004566211268981315,0.0017680688026779179,-37.60495801807125,-104.93880618106692,0.017751844763077014,11.109786966563544,11.10893601882104,0.13750262603201965,-0.0012688095184808556,0.0015708058004469216,9.239754283921727,L,0.5,0.0,0.0,0.5,77.55204897203994,70.9509124688717,10.5,-52.785714285714285,4.239754283921727
1900,-46.73382224449836,-105.0025827199271,-0.058570009411615095,11.090686741548993,11.066976354492315,-0.7248218872789471,0.005138407963206029,0.0016498685799520014,-37.49388113043587,-104.93683608646114,0.01724918985542113,11.109786196906564,11.109003039527408,0.13191212509244002,-0.0008823272953553142,0.001572494856065384,9.240175020591039,L,0.5,0.0,0.0,0.5,77.47458781943101,70.87419933261145,10.5,-52.785714285714285,4.240175020591039
1910,-46.62311334662306,-105.00913065749522,-0.05914111328416931,11.090709303632838,11.066704414443434,-0.7293053277100102,0.005644880139297183,0.0015130290380803847,-37.38280334047888,-104.93492228197621,0.016745699245552706,11.109776021038106,11.109059830188428,0.1261464503152458,-0.0006060802864637733,0.0015491106007766843,9.240607982846441,L,0.5,0.0,0.0,0.5,77.39725638516873,70.79761825358509,10.5,-52.785714285714285,4.240607982846441
1920,-46.51240792156345,-105.01574396425346,-0.05969379138044813,11.090722870463441,11.066440974328046,-0.7334970696152525,0.006074063133848237,0.0013617060300198673,-37.271724813279505,-104.9330609970144,0.016237861197671264,11.109756582882858,11.109105352992586,0.12028959647639989,-0.00020154066427797805,0.0015067075935356045,9.241053012551964,L,0.5,0.0,0.0,0.5,77.3200533964885,70.72116699167405,10.5,-52.785714285714285,4.241053012551964
1930,-46.401705924645526,-105.02242026603363,-0.060227711553805616,11.090728687480576,11.066187391639154,-0.7374004559472603,0.006421963968856293,0.001199628718714655,-37.16064568473806,-104.93125493180746,0.01572401312078132,11.109722222256474,11.109137510959114,0.11398078039955298,-0.00013374471754267728,0.0014420662981630406,9.241509913199426,L,0.5,0.0,0.0,0.5,77.24297760191001,70.64484805249067,10.5,-52.785714285714285,4.241509913199426
1940,-46.29100677432341,-105.02914853660914,-0.0607491681912586,11.090728045653426,11.065943184509537,-0.741046570635345,0.007072370429453438,0.0010062024598897058,-37.049566021509555,-104.92950811222703,0.015206332951878164,11.10967638955135,11.10915557331214,0.10757289855038489,-0.0002766333415906205,0.0013591976459576905,9.241977894473655,L,0.5,0.0,0.0,0.5,77.16602149112536,70.56866488361364,10.5,-52.785714285714285,4.241977894473655
1950,-46.18031395345623,-105.0359815228825,-0.06122301953003795,11.090708276567621,11.065649335383178,-0.7451274134397187,0.004817110424690271,0.000988816656603278,-36.93848580780218,-104.92782479297895,0.014690133160298902,11.109625794481792,11.10916270877654,0.10143571039778693,-0.0004913543751976988,0.0012615762373991467,9.242461000838832,L,0.5,0.0,0.0,0.5,77.08922373599218,70.4926210598588,10.5,-52.785714285714285,4.242461000838832
1960,-46.06962464470353,-105.04288695549751,-0.06162968188067314,11.090747774839524,11.065777925474283,-0.7438044831768192,0.0061413077657725725,0.000729469377344931,-36.82740502349173,-104.92620307626558,0.014178783727271682,11.109578859144172,11.109165002591359,0.09589250618503536,-0.0003772914071857662,0.0011555735308543642,9.242956164257464,L,0.5,0.0,0.0,0.5,77.01256084485301,70.41671561195704,10.5,-52.785714285714285,4.242956164257464
1970,-45.958937907574196,-105.04985336250392,-0.06196665130759144,11.09081300415007,11.066028107391448,-0.7410499439624357,0.007856691358714557,0.00043871173694939614,-36.716323702202494,-104.92463873896283,0.013671394077430225,11.109535424914426,11.10916574664404,0.09062985721801763,-2.772036842116116e-07,0.0010428156189559027,9.24346234109748,L,0.5,0.0,0.0,0.5,76.93602474192001,70.34094587857578,10.5,-52.785714285714285,4.24346234109748
1980,-45.848252080532625,-105.05685496136704,-0.062244810704863755,11.090888831939274,11.06635938042438,-0.7372280147475858,0.010586964327865104,8.240835718698866e-05,-36.60524191293439,-104.92312991615569,0.013165569902626847,11.10949081258347,11.109163755998056,0.0852452772633089,0.0003560734001748711,0.0009231802640827414,9.243977463518675,L,0.5,0.0,0.0,0.5,76.85959705895633,70.26531095994287,10.5,-52.785714285714285,4.243977463518675
1990,-45.73756741247233,-105.06389145871414,-0.0624699173431939,11.0909489515032,11.06663271903679,-0.7340224157301455,0.012317173989455504,-0.0002035251008348804,-36.49415972596892,-104.92167673165322,0.012659872461624479,11.10944259305035,11.109156884574471,0.07967460193135488,0.0005838982832731237,0.000798402090075081,9.244501646249155,L,0.5,0.0,0.0,0.5,76.78327810795741,70.18981142953893,10.5,-52.785714285714285,4.244501646249155
2000,-45.62688307545078,-105.07094585085463,-0.06265090129624135,11.090990300606473,11.066920268936471,-0.7303024093825521,0.014344096941276752,-0.0004988791655410933,-36.38307720752522,-104.92027900713894,0.01215347701851182,11.10939111060601,11.109144504166762,0.07402184781032904,0.0007414369743574055,0.0006715104039236306,9.24503366255041,L,0.5,0.0,0.0,0.5,76.70705602215268,70.11444763484333,10.5,-52.785714285714285,4.24503366255041
2010,-45.51619915595276,-105.07801419881719,-0.06279567746483355,11.091005768141097,11.067144880920566,-0.7271266283480461,0.015504484281343288,-0.0007263780433564414,-36.27199443501668,-104.91893541831672,0.01164474719516633,11.109336698796497,11.10912679686763,0.06829127575456066,0.0008793714621173395,0.0005451922515669842,9.245573372213455,L,0.5,0.0,0.0,0.5,76.63092846939325,70.03921907824255,10.5,-52.785714285714285,4.245573372213455
2020,-45.40551520308616,-105.08508501458905,-0.06291451919399589,11.090998928306789,11.06733601510597,-0.7241068681076345,0.016413071930125624,-0.0009246330794309914,-36.160911497085394,-104.91764533482356,0.01113148294109526,11.109278142777432,11.10910318252409,0.06234848535077156,0.0009166618555412503,0.00042084350436437254,9.246119928238173,L,0.5,0.0,0.0,0.5,76.55488755630682,69.96412578348935,10.5,-52.785714285714285,4.246119928238173
2030,-45.29483202388314,-105.09216728568069,-0.06300740967562758,11.090973374692934,11.067458313509409,-0.7218426953838731,0.015910966590159583,-0.0010192046943849654,-36.049828475077945,-104.91640952476914,0.010612114549858725,11.109214932494275,11.109073073210883,0.056141521307246645,0.000791863549012309,0.0002998055819848116,9.246674072764828,L,0.5,0.0,0.0,0.5,76.47894027777208,69.88916881152896,10.5,-52.785714285714285,4.246674072764828
2040,-45.18414951952828,-105.09925781384199,-0.06307113644749072,11.090938994856257,11.067619509056279,-0.7188366924274178,0.015346567843243952,-0.0010970682585178825,-35.93874542055285,-104.9152301139117,0.010086676226214664,11.10914841195448,11.109037044708494,0.04974312138522753,0.0005001487624972359,0.00018344942978727215,9.24723543269519,L,0.5,0.0,0.0,0.5,76.4030846509648,69.81435022054708,10.5,-52.785714285714285,4.24723543269519
2050,-45.073468009491755,-105.1063608096046,-0.06309825710426288,11.09090136878794,11.067814795956954,-0.715240389364664,0.014302021683988147,-0.001131955626189973,-35.827662341409855,-104.9141095372909,0.009556815348493265,11.109082071711528,11.108997593775884,0.04332363678322062,0.00012099503603387146,7.32505263107846e-05,9.247804226065861,L,0.5,0.0,0.0,0.5,76.32732406733436,69.73967227858387,10.5,-52.785714285714285,4.2478042260658615
2060,-44.96279160374764,-105.11354124070643,-0.06302834545256694,11.090864265066822,11.068112145618196,-0.7100448423551734,0.010516731479211224,-0.0009802861364417174,-35.71657922907701,-104.91304687436956,0.009022926135903138,11.109020237838415,11.108958509983959,0.03703333847321861,-0.00011801599982172022,-2.8609580486696156e-05,9.248385873677908,L,0.5,0.0,0.0,0.5,76.25170638295475,69.66513474074269,10.5,-52.785714285714285,4.248385873677908
2070,-44.85211827217544,-105.12076365661613,-0.06281835186757403,11.090805894444829,11.068932206758541,-0.6962149024803027,0.011566472133474491,-0.001115029880067426,-35.60549608755233,-104.91204215411939,0.008484438857459775,11.10896204621453,11.108919721438168,0.03066540195537939,-0.0003483717002202688,-0.00012208165598169535,9.248977591645938,L,0.5,0.0,0.0,0.5,76.17620619243014,69.5907380800331,10.5,-52.785714285714285,4.248977591645938
2080,-44.74144584095299,-105.12798326687783,-0.06246764528280268,11.090698586259355,11.069949723118304,-0.6780916301564718,0.015296956054298556,-0.001391243622447116,-35.49441292385636,-104.9110957154604,0.0079406994554281,11.10890723682715,11.108880923798269,0.02417886063320776,-0.0005797350443456243,-0.00020644407524636263,9.249576097304596,L,0.5,0.0,0.0,0.5,76.10079145906052,69.5164830051602,10.5,-52.785714285714285,4.249576097304596
2090,-44.630768484218564,-105.13509362935943,-0.062050016059595064,11.090528450281031,11.070916259335617,-0.6592681436799841,0.022953490120484324,-0.001885372673398243,-35.38332972415483,-104.91021119200263,0.00739350279589989,11.108855515585697,11.108841611771803,0.017575856337618864,-0.0009519489077718941,-0.00028194508414291765,9.250172740644398,L,0.5,0.0,0.0,0.5,76.02538491402308,69.44237268634456,10.5,-52.785714285714285,4.250172740644398
2100,-44.52008659581631,-105.14210858713905,-0.06162222433385219,11.090397735179632,11.071413492739058,-0.6486333303747449,0.025179477398964183,-0.002039861044079687,-35.27224640982471,-104.90939242154198,0.006847528753526598,11.108811844607336,11.108806202913549,0.011195758022450668,-0.0013209568881766998,-0.000348207442023509,9.250767801613623,L,0.5,0.0,0.0,0.5,75.94999640064106,69.3684104171998,10.5,-52.785714285714285,4.250767801613623
2110,-44.40940101598232,-105.14904798565519,-0.061198250827286915,11.090301211246679,11.07173284244363,-0.6414926513489153,0.024402688752027415,-0.0020068185377417444,-35.161162857822085,-104.90863887880805,0.006306580659729603,11.10878251383902,11.10878123458496,0.005331220185175773,-0.0013870469552919942,-0.0004046241269513208,9.251362362847217,L,0.5,0.0,0.0,0.5,75.87464027002254,69.2945961938295,10.5,-52.785714285714285,4.2513623628472175
2120,-44.29871232874958,-105.15592541909045,-0.06077380280564707,11.090232207259058,11.072037968622013,-0.6350004978885221,0.02207409529892545,-0.0018762451524350064,-35.05007896703309,-104.90794832644843,0.005771886546164631,11.10876749987004,11.108767498453007,-0.00017743447062673265,-0.0011815295922004984,-0.0004514441537997313,9.251957182019948,L,0.5,0.0,0.0,0.5,75.79932642869228,69.22092873762975,10.5,-52.785714285714285,4.251957182019948
2130,-44.18802195233783,-105.1627664088639,-0.060325727601864984,11.09018190805612,11.072391472301412,-0.6279186554660374,0.018302372388182872,-0.001655612777160025,-34.93899468984899,-104.90731682452736,0.005241546673430288,11.10876354203228,11.108762149959672,-0.0055613315797410565,-0.0007473598155590889,-0.0004884950240722222,9.252554230719184,L,0.5,0.0,0.0,0.5,75.72407367654303,69.14740551631803,10.5,-52.785714285714285,4.252554230719184
2140,-44.077331302590366,-105.16958939659845,-0.05981679987732431,11.090114166881405,11.072888955146981,-0.6178692591864589,0.01461192513200092,-0.0014307222211383443,-34.827910020709496,-104.9067482623804,0.004716967945873764,11.10876388244249,11.108758312865929,-0.011123946730473157,-0.0005902871519875159,-0.0005166282958168441,9.253155111179527,L,0.5,0.0,0.0,0.5,75.64889598497403,69.07402992183329,10.5,-52.785714285714285,4.253155111179527
2150,-43.966640041135065,-105.17637464277773,-0.05922646659135538,11.089983166206817,11.073554358270592,-0.6034239812743375,0.013320234348234768,-0.0013281008438731723,-34.716824903133045,-104.90624036188781,0.004199370745212722,11.108773582376537,11.108761588200291,-0.016324246769241265,-0.0001951196353476909,-0.0005353945384451541,9.253758837192768,L,0.5,0.0,0.0,0.5,75.57377964624872,69.00080066765658,10.5,-52.785714285714285,4.253758837192768
2160,-43.85594663369432,-105.1830832561763,-0.05856698742141397,11.08979157620418,11.074251130773709,-0.5868893389783223,0.01416279796086893,-0.0013300260632964204,-34.6057393229533,-104.90579071058262,0.0036879215440387006,11.108789628913556,11.108769017358552,-0.02139949607104392,0.0002811427217817163,-0.0005452412319856791,9.254362563003923,L,0.5,0.0,0.0,0.5,75.49869674022037,68.92771638756308,10.5,-52.785714285714285,4.254362563003923
2170,-43.745253893505804,-105.18976197522264,-0.05781181663453367,11.089591321528392,11.074866513964183,-0.5712857222026866,0.01196022868032686,-0.0011516361575786534,-34.49465331926021,-104.90539254304097,0.0031771058140443514,11.108808723669819,11.108777036751535,-0.026533126925744034,0.0009543381163540738,-0.0005460536286420047,9.254970392075398,L,0.5,0.0,0.0,0.5,75.42368185268585,68.85477244873928,10.5,-52.785714285714285,4.254970392075398
2180,-43.634562251813925,-105.19638881611421,-0.056933500628083084,11.089259482886142,11.075600597596612,-0.5502247552571695,0.012733869510188695,-0.0011103607741384121,-34.383567036159675,-104.90504619711538,0.002661875045105116,11.108820555644309,11.108773548356368,-0.03231700548328478,0.001244246171883485,-0.0005376318233383948,9.255581721410216,L,0.5,0.0,0.0,0.5,75.34872019435385,68.78196964888569,10.5,-52.785714285714285,4.255581721410216
2190,-43.52387195333373,-105.20293849843021,-0.055925152703818745,11.088791059348019,11.0763134250007,-0.5258973940093283,0.015065188626787351,-0.001123851016006025,-34.27248061354171,-104.9047508828029,0.0021380076882052705,11.108824249286522,11.108757359873586,-0.03855023982675451,0.0013423668827155944,-0.0005202187921430118,9.256195631904736,L,0.5,0.0,0.0,0.5,75.27379447720391,68.70930792911999,10.5,-52.785714285714285,4.2561956319047365
2200,-43.41317886827806,-105.20930865299454,-0.054850850923435744,11.088193881941828,11.076912452638577,-0.5000540771882444,0.021647031984057118,-0.0013376370418083931,-34.16139420579384,-104.90451025790802,0.0016040915114116957,11.10881753118304,11.10872520040943,-0.04529197399278605,0.0010361090727819293,-0.000494240334730886,9.25680406526062,L,0.5,0.0,0.0,0.5,75.19883045678358,68.63679061550353,10.5,-52.785714285714285,4.256804065260621
2210,-43.302478538195054,-105.21545693870512,-0.05380537132328422,11.087759134379805,11.077277921522594,-0.48199219015551753,0.02564854255316827,-0.001446529409347235,-34.050307906792675,-104.90432548371717,0.0010596602091565576,11.10880503678048,11.108682388776923,-0.052200866628610995,0.0006354843393737303,-0.00046130191202802825,9.257400508504945,L,0.5,0.0,0.0,0.5,75.12379524166617,68.56441910932102,10.5,-52.785714285714285,4.257400508504945
2220,-43.19176919798531,-105.2214237030074,-0.052833938857420354,11.087648126659357,11.07754602631685,-0.47319659280735255,0.023382010649068648,-0.001296872253141353,-33.939221795586285,-104.90420194324038,0.0005072419920539834,11.108788133564916,11.108629896461503,-0.059292662905358735,-3.976251242486365e-05,-0.000422470692806754,9.25798374801504,L,0.5,0.0,0.0,0.5,75.04871552334873,68.49219801922706,10.5,-52.785714285714285,4.2579837480150395
2230,-43.08105029095529,-105.22724622218468,-0.05193727391808502,11.087780117737566,11.077902657376361,-0.4679109455764373,0.017989991747793,-0.0010393470930642416,-33.82813585088465,-104.90414483301306,-4.718750968857241e-05,11.108774965285203,11.10857815641277,-0.06612542791018533,-0.00075105864760688,-0.0003803686393674434,9.258553890481622,L,0.5,0.0,0.0,0.5,74.97361684036407,68.42013176491325,10.5,-52.785714285714285,4.258553890481622
2240,-42.97032458716172,-105.23300144906939,-0.051060923535983994,11.088050846570988,11.078383023003118,-0.4629267455871262,0.00918008178880953,-0.0006476922972777628,-33.71704995029863,-104.90416079907082,-0.0005935805396866343,11.108774402973863,11.10853896426789,-0.07232437700649069,-0.0014140495152603102,-0.000337667200686062,9.259115923148668,L,0.5,0.0,0.0,0.5,74.89855500776943,68.34822582388522,10.5,-52.785714285714285,4.259115923148668
2250,-42.859593227739055,-105.2386804884697,-0.05016153887355094,11.088231140765677,11.079023175231294,-0.4517912280396836,0.003901525978112568,-0.00041580362599780125,-33.605963823550624,-104.90424660694876,-0.001124985739432075,11.108798449136204,11.108529033258653,-0.07736731080055423,-0.0013863993176402428,-0.0002988680550633303,9.25967079172742,L,0.5,0.0,0.0,0.5,74.8235247291731,68.27647805887412,10.5,-52.785714285714285,4.2596707917274195
2260,-42.74885693297447,-105.24426751597967,-0.04922653616499606,11.088296178140043,11.079655342448502,-0.43766382842019835,0.0008333893131075927,-0.00026867865808992284,-33.49487725711065,-104.90439485648817,-0.0016414455723230362,11.108843788138538,11.10854309769747,-0.08173466744338806,-0.0007693052307022844,-0.00026415513351243783,9.260218856267407,L,0.5,0.0,0.0,0.5,74.74851551489816,68.20488317786781,10.5,-52.785714285714285,4.260218856267407
2270,-42.63811448950731,-105.24971433086736,-0.04828495767525281,11.088264430652709,11.080201870344752,-0.42277014616301917,0.0006839283151346388,-0.00023554108151947238,-33.383790187148364,-104.90460078050654,-0.0021463731876727662,11.108898991005875,11.1085654555658,-0.08608316781764873,-4.4921876836195515e-07,-0.00023093748121646285,9.26075707789995,L,0.5,0.0,0.0,0.5,74.6734927014788,68.13343797759437,10.5,-52.785714285714285,4.2607570778999495
2280,-42.52736206844127,-105.25495417902401,-0.047419501379832085,11.088270774123517,11.080610873483787,-0.4120818252660301,0.002201509421918661,-0.00027676676303806254,-33.2727026541019,-104.90486398649828,-0.0026416341516582423,11.10895507373978,11.108585461759194,-0.090619364161827,0.000618276200268914,-0.00019703956713809772,9.26127874638935,L,0.5,0.0,0.0,0.5,74.59840657091308,68.06214265784726,10.5,-52.785714285714285,4.261278746389349
2290,-42.41659896216091,-105.26003767006725,-0.046673691086398614,11.088511997222348,11.080873692943431,-0.41150518049974655,-0.0021765869647588586,-9.218474743780646e-05,-33.161614702103066,-104.90518291508437,-0.003128207067263552,11.10900979101755,11.10860251944989,-0.09512413886782939,0.0012129786364701617,-0.00016303903844403053,9.261784684986605,L,0.5,0.0,0.0,0.5,74.52329206609046,67.99099652603125,10.5,-52.785714285714285,4.261784684986605
2300,-42.30582700401176,-105.26503583700205,-0.04602313568141744,11.088896761401,11.081145576324731,-0.4145408318952659,-0.009879099340149975,0.00021149069163272152,-33.0505263868543,-104.9055530450743,-0.0036094806850969,11.109060742628253,11.10861403939437,-0.09962282456607383,0.0018727603122098068,-0.0001294993405603954,9.26227927627144,L,0.5,0.0,0.0,0.5,74.4482004890721,67.91999662009546,10.5,-52.785714285714285,4.262279276271441
2310,-42.195050531531386,-105.27003390897652,-0.04538337994812039,11.089281331458011,11.081512491593971,-0.41501969455672627,-0.018962691925743187,0.0005660254259392497,-32.939437834509086,-104.90597040250924,-0.0040913054793461304,11.10910221879219,11.108610981130974,-0.10447094079168395,0.0024126884654372023,-9.506029178855499e-05,9.262770030289087,L,0.5,0.0,0.0,0.5,74.37319515011706,67.84914042976875,10.5,-52.785714285714285,4.2627700302890865
2320,-42.0842672601729,-105.27492374872784,-0.04476461599790578,11.08948368595287,11.08201285244007,-0.4069884020066994,-0.01821847579677674,0.0005361121690214809,-32.82834925733028,-104.9064376360624,-0.004576606375334634,11.109129002935859,11.108585245087637,-0.10991385941676597,0.0024584078008631333,-5.7099370006126456e-05,9.263249974526943,L,0.5,0.0,0.0,0.5,74.29819831827285,67.77843058030126,10.5,-52.785714285714285,4.263249974526943
2330,-41.97347705929223,-105.279710339981,-0.04420670413039576,11.089687756359293,11.082310759251127,-0.4044289417585046,-0.019391588761802855,0.0005941420375891743,-32.71726079456813,-104.90695508767912,-0.005066746684097331,11.109145065780226,11.108544100611018,-0.11555110267444586,0.0023373445573393356,-1.861495881095386e-05,9.263718800647045,L,0.5,0.0,0.0,0.5,74.22321346073232,67.70786788344557,10.5,-52.785714285714285,4.263718800647045
2340,-41.86268035155135,-105.2844093664884,-0.043727618032536233,11.089903903906697,11.082481098982491,-0.40568619471317185,-0.021377530905037957,0.0006889120307579185,-32.6061726036966,-104.90752944541548,-0.005558245570648232,11.109151864207044,11.108488933852597,-0.12136205539308273,0.00178019612612964,2.1579610182275303e-05,9.26417692841641,L,0.5,0.0,0.0,0.5,74.14825202783163,67.6374580545554,10.5,-52.785714285714285,4.2641769284164095
2350,-41.75188094853726,-105.2891101287498,-0.04327687613085245,11.090127590070804,11.082583891555993,-0.4089795235378641,-0.026895283180522173,0.0009263968740742638,-32.4950846537422,-104.90815846669229,-0.006049003664114246,11.109160245793998,11.108437655105288,-0.12670528548052043,0.0015114551373787552,5.6133278137416676e-05,9.26463176883766,L,0.5,0.0,0.0,0.5,74.07338008833261,67.56719982196705,10.5,-52.785714285714285,4.26463176883766
2360,-41.64107968825144,-105.29379976307722,-0.04281177994036574,11.090259316202063,11.082828117398,-0.40592193931713366,-0.027730559919322426,0.0009851569936363978,-32.38399696810108,-104.90884360563706,-0.0065373069308861526,11.1091691135268,11.108385289576214,-0.13196458337216666,0.0011725091247380345,8.754917284890584e-05,9.265083471337828,L,0.5,0.0,0.0,0.5,73.99858938895146,67.49709479719476,10.5,-52.785714285714285,4.265083471337828
2370,-41.530276827924055,-105.29846112045746,-0.042322766755010885,11.090309540837604,11.083087703746006,-0.40016579397502317,-0.026009497015431805,0.0009536642072399857,-32.27290951689609,-104.90958380689503,-0.0070220440717328365,11.109181447629274,11.108336801163725,-0.13698886181774075,0.000980190104139608,0.0001133626057806875,9.265531560374322,L,0.5,0.0,0.0,0.5,73.92386818153011,67.42714262373615,10.5,-52.785714285714285,4.265531560374322
2380,-41.41947241982032,-105.30308206145894,-0.041814260565064765,11.09030647780111,11.083308996499937,-0.3939028556139473,-0.02294819667300343,0.0008769200581626394,-32.16182231501047,-104.91038206484366,-0.007499986833678244,11.109196332937252,11.10829023818231,-0.14188427696571165,0.0006919970905251258,0.00013569895011102026,9.265975326452557,L,0.5,0.0,0.0,0.5,73.84920808272291,67.35734610509928,10.5,-52.785714285714285,4.265975326452557
2390,-41.308666451809145,-105.30765642672318,-0.04129336370795717,11.090277000984479,11.083487834715768,-0.3879966188935618,-0.019363181616178102,0.0007822901665795251,-32.05073558891041,-104.91127608625314,-0.007938242230163272,11.109217942669432,11.108256701761803,-0.14613810417685769,-0.0010567359635298098,0.00016642429094593906,9.266412533258165,L,0.5,0.0,0.0,0.5,73.77460488391857,67.28773507987293,10.5,-52.785714285714285,4.2664125332581655
2400,-41.19785888289361,-105.31218207097713,-0.04076543707676251,11.090240378252739,11.083639558424297,-0.3825778173908299,-0.015705169348731726,0.0006834096034434526,-31.939648388752275,-104.9122401161965,-0.008319248169200684,11.109296745663555,11.108339358896167,-0.1458453660872354,0.00026127620614709154,0.00015503263372641026,9.266844938867951,L,0.5,0.0,0.0,0.5,73.70005719856557,67.218289553639,10.5,-52.785714285714285,4.266844938867951
2410,-41.08704965176939,-105.31665867287015,-0.04023338788402799,11.090207429058161,11.083781035644206,-0.37749009712929504,-0.012182309272815777,0.0005859145285567501,-31.828560286781013,-104.91325681770196,-0.008645208591601955,11.109404905899922,11.108469091525693,-0.14419364012177202,0.002467309808346711,0.0001272924182909598,9.267273513734017,L,0.5,0.0,0.0,0.5,73.62556492130015,67.14899631696545,10.5,-52.785714285714285,4.2672735137340165
2420,-40.97623868572971,-105.32108628350254,-0.03969834741173512,11.090182234825422,11.08392357125942,-0.37253223768848087,-0.008877966074245137,0.0004919683897099945,-31.71747114877421,-104.91431315010296,-0.00892387925120005,11.109520672416194,11.108609665669846,-0.14227039969452315,0.004939250980003017,9.338851152046557e-05,9.267698780465235,L,0.5,0.0,0.0,0.5,73.55112820464558,67.07984563012893,10.5,-52.785714285714285,4.267698780465235
2430,-40.8654259120429,-105.32546465476082,-0.03916052707020743,11.090164663649675,11.084072267983846,-0.3675516630017811,-0.005826629247626596,0.00040275492175125254,-31.606381067509897,-104.91540273455365,-0.009161432401682983,11.109627326547464,11.108739102820271,-0.14048088924126687,0.007121635866713636,6.235514763832853e-05,9.268120748645716,L,0.5,0.0,0.0,0.5,73.47674698819549,67.010833037468,10.5,-52.785714285714285,4.268120748645716
2440,-40.75461126737369,-105.32979307677742,-0.038619816714581236,11.090152637180738,11.084227959698419,-0.3624583471334735,-0.0030500751278090196,0.0003193982971651858,-31.495290150890657,-104.91651482559065,-0.009365859019288046,11.109717330953087,11.108852170491453,-0.13864569177128505,0.009228164849269686,3.352828368849142e-05,9.268539607244099,L,0.5,0.0,0.0,0.5,73.40242088767265,66.94195067209999,10.5,-52.785714285714285,4.268539607244099
2450,-40.64379470244669,-105.33407045250415,-0.03807608494862582,11.090143682752853,11.084389418139871,-0.3572088060670719,-0.000568411470140849,0.00024304834591703758,-31.384198620785188,-104.91764462285802,-0.009544579600518641,11.109785092665193,11.10893748378163,-0.13723260048991384,0.01073167039080816,1.337392608882688e-05,9.268955176669996,L,0.5,0.0,0.0,0.5,73.32814924977868,66.87319533850757,10.5,-52.785714285714285,4.268955176669996
2460,-40.53297618213408,-105.33829543598328,-0.03752927736686671,11.090135751433493,11.084554901627348,-0.35178632439657676,0.0016003385667445903,0.00017468986066519022,-31.273106683669024,-104.91878867354433,-0.009702983581821263,11.109831926023665,11.108998052886276,-0.13611644082767146,0.011667180249250128,1.250784922935049e-06,9.269367241205597,L,0.5,0.0,0.0,0.5,73.25393124987814,66.80456486747156,10.5,-52.785714285714285,4.269367241205597
2470,-40.42215568281198,-105.34246655515479,-0.036979415841072165,11.090127490812105,11.084722927391942,-0.3461869226556852,0.0034436187260355935,0.00011496651631460642,-31.162014543749777,-104.91994838931502,-0.009841958849494183,11.109861761724648,11.109039250555837,-0.13518614663248282,0.011898006790188074,-2.1197208815309195e-06,9.269775375693678,L,0.5,0.0,0.0,0.5,73.17976597732381,66.73606087725484,10.5,-52.785714285714285,4.269775375693678
2480,-40.31133318898232,-105.34658229838043,-0.03642656681471625,11.090118200998079,11.084892485001108,-0.3404119681721658,0.004956902580807063,6.411049884333088e-05,-31.05092229134641,-104.92112148010388,-0.00996112217034675,11.109880841738986,11.109073294765192,-0.1339509207651222,0.011866530895858807,-2.5956625543999527e-06,9.270179442758506,L,0.5,0.0,0.0,0.5,73.1056524947742,66.66768202499857,10.5,-52.785714285714285,4.270179442758506
2490,-40.20050869049217,-105.35064116956539,-0.0358708111122797,11.090107657661244,11.085062959324,-0.3344653141054059,0.006144527849152984,2.1966755336234023e-05,-30.939829961552295,-104.92230426016467,-0.010061413077697602,11.109893254867515,11.109103695380915,-0.13245082040074244,0.011653422742421189,-1.8190016181214768e-06,9.270579433271386,L,0.5,0.0,0.0,0.5,73.03158987574682,66.59942583390885,10.5,-52.785714285714285,4.2705794332713864
2500,-40.08968218096216,-105.35464172291499,-0.03531222500837149,11.090095909501958,11.085233953695418,-0.3283526667933764,0.007019144102655136,-1.192861195091482e-05,-30.828737553075012,-104.9234916999636,-0.010146025904733924,11.109901416132432,11.10913083412729,-0.13084948002851493,0.01131442231724796,-7.894452208404758e-07,9.270975447226832,L,0.5,0.0,0.0,0.5,72.95757722860891,66.53128874017668,10.5,-52.785714285714285,4.2709754472268315
2510,-39.97885365662776,-105.35858258603454,-0.03475087186387455,11.090083185682692,11.085405200994106,-0.3220816591095708,0.00760040845378154,-3.82712097165345e-05,-30.717645096809143,-104.92468275856275,-0.01021728941561104,11.109906340588418,11.109152610336508,-0.12941088401014658,0.010623420301064211,2.8271410886248142e-06,9.271367377508978,L,0.5,0.0,0.0,0.5,72.8836137126176,66.46327031330313,10.5,-52.785714285714285,4.271367377508978
2520,-39.86802311760671,-105.36246247678834,-0.0341868001104768,11.090069629045946,11.085576302028873,-0.3156618902926751,0.007913396625305385,-5.786646040089069e-05,-30.606552607597692,-104.92587632801596,-0.010276220469404355,11.109909113653991,11.109172033157037,-0.12797363546283802,0.009734970475379868,7.3328265669014204e-06,9.271755145228255,L,0.5,0.0,0.0,0.5,72.8096985512464,66.39537005754748,10.5,-52.785714285714285,4.271755145228255
2530,-39.75719056709557,-105.3662802156594,-0.03362004450882254,11.090055477140075,11.085746918550058,-0.30910474584269715,0.007987057770159038,-7.161752636534259e-05,-30.49546009256573,-104.92707133971997,-0.01032329846400355,11.109910389317282,11.109190420357212,-0.12647949598104197,0.008724424422487003,1.1980337869615526e-05,9.272138686383995,L,0.5,0.0,0.0,0.5,72.73583104090216,66.32758750048473,10.5,-52.785714285714285,4.272138686383995
2540,-39.646356012318776,-105.37003473422247,-0.033050628444784874,11.090040875422895,11.085916603783254,-0.30242300261953553,0.007852806212806351,-8.043206546636594e-05,-30.38436753062382,-104.92826440872348,-0.010360563463134121,11.109910539411905,11.109208262833562,-0.12491583857242441,0.007757731850005991,1.515846405603569e-05,9.272518086018572,L,0.5,0.0,0.0,0.5,72.66201055810124,66.25992032676807,10.5,-52.785714285714285,4.272518086018572
2550,-39.53551918099491,-105.37371639799778,-0.032485239147210895,11.090025864886485,11.086083874216254,-0.2956653812903835,0.007925214773037523,-9.723245789816743e-05,-30.273274959778156,-104.92945770175726,-0.010387775799713226,11.109909552004176,11.1092229729035,-0.12351191046508507,0.006532430883588949,2.0227865058714915e-05,9.272892418369173,L,0.5,0.0,0.0,0.5,72.58823007811421,66.19237062066743,10.5,-52.785714285714285,4.272892418369173
2560,-39.42467999796484,-105.37732770000402,-0.03192903297445644,11.090025794772956,11.08623983739978,-0.2897557529707215,0.007299456941506378,-9.644002441183116e-05,-30.162182377241265,-104.93065009661775,-0.010404127731057963,11.109907777480586,11.109238975603768,-0.12190244890802594,0.00542160364755297,2.3346198185286395e-05,9.273261726883197,L,0.5,0.0,0.0,0.5,72.51449147871955,66.12493785557211,10.5,-52.785714285714285,4.273261726883197
2570,-39.313838456826865,-105.3808714845298,-0.03138309452024107,11.090037765369518,11.086394778726174,-0.2842330866650656,0.006292115608954669,-8.7086835443774e-05,-30.051089808223967,-104.93184316426611,-0.010407381342083764,11.109905318654818,11.109255531006674,-0.12015713159126026,0.004283754426512663,2.6153776917430114e-05,9.273625987691851,L,0.5,0.0,0.0,0.5,72.44079694875643,66.05762364521738,10.5,-52.785714285714285,4.273625987691851
2580,-39.20299512595393,-105.38436728933175,-0.03083357655906277,11.09005751971255,11.086553169499563,-0.27877340330824196,0.004327753448284569,-5.13847381674076e-05,-29.939997206013672,-104.93303159362195,-0.010398541524575514,11.109902182970478,11.109274959124978,-0.11805252106968434,0.003560736737959658,2.4295189872537323e-05,9.27398697298198,L,0.5,0.0,0.0,0.5,72.36716121477723,65.99042412679282,10.5,-52.785714285714285,4.27398697298198
2590,-39.09214996974078,-105.38780126026477,-0.030276144348115652,11.090051783005999,11.086727712934035,-0.2715090588083585,0.0037906605585748114,-5.280739473965101e-05,-29.828904573718333,-104.93421471985809,-0.010379288631959778,11.109898404085074,11.109291787909903,-0.11609702911637602,0.0028143730612572096,2.256532992390034e-05,9.2743439669105,L,0.5,0.0,0.0,0.5,72.29357435276965,65.92333912694332,10.5,-52.785714285714285,4.2743439669105
2600,-38.981303013251306,-105.39117068133415,-0.029713362897573085,11.090038268693034,11.086888272122254,-0.26430520720184897,0.0032493496977001575,-5.250774275365631e-05,-29.717811878616573,-104.93538848240703,-0.010353104924572636,11.109893957314616,11.109306919085755,-0.11420823231797045,0.002279154198718849,1.8730331749138582e-05,9.27469705242792,L,0.5,0.0,0.0,0.5,72.2200345505363,65.85636576007664,10.5,-52.785714285714285,4.2746970524279195
2610,-38.87045403227762,-105.39446583721067,-0.0291539031646357,11.090021249822803,11.087036202327337,-0.2572927706026113,0.003095877135800142,-6.185196149909257e-05,-29.60671913223416,-104.93655352885608,-0.010322605026370857,11.109889207956709,11.109317479223128,-0.11270917842145867,0.0016027008563607662,1.6484627009561926e-05,9.275045443577397,L,0.5,0.0,0.0,0.5,72.14653471345878,65.78950488729897,10.5,-52.785714285714285,4.2750454435773975
2620,-38.75960345824738,-105.39770725288633,-0.02859061755616763,11.090018660707987,11.087171672124615,-0.25127317343644023,0.00161227291707767,-3.703915345410574e-05,-29.495626358783074,-104.93771197017652,-0.010287716067578239,11.109884323108542,11.109325765282021,-0.11140338277622304,0.0008423746293417187,1.5245541121185131e-05,9.27539041547656,L,0.5,0.0,0.0,0.5,72.07309024068233,65.72275854155498,10.5,-52.785714285714285,4.27539041547656
2630,-38.64875123972029,-105.40088330091066,-0.028021335978816703,11.089999484724492,11.087316433369125,-0.24393211664813144,0.001355096299047985,-4.151465019424501e-05,-29.384533568743368,-104.93886459211407,-0.010247355967987508,11.109879335795629,11.109334319729793,-0.11004466553400193,0.00017051688284430635,1.3344656521526782e-05,9.275731256484264,L,0.5,0.0,0.0,0.5,71.99969276963331,65.65612770243266,10.5,-52.785714285714285,4.2757312564842636
2640,-38.53789737429817,-105.40399314094603,-0.027448572567862536,11.08998037343076,11.087451444136056,-0.23682304998619,0.0009986015936767564,-4.2611351506885626e-05,-29.273440771616208,-104.94001210133085,-0.010200102981295874,11.109874284254731,11.109343649610702,-0.10858308707592175,-0.00039264514688896275,1.0695182256572822e-05,9.27606783869651,L,0.5,0.0,0.0,0.5,71.92634182675445,65.58961328940192,10.5,-52.785714285714285,4.276067838696511
2650,-38.42704163725211,-105.40702819204664,-0.026880291871570774,11.089963142353474,11.087579391577295,-0.229925497126793,0.0010115899703707176,-5.243773621601717e-05,-29.162347917560798,-104.94114924518979,-0.010148616441764973,11.10986907848798,11.109353989525438,-0.10698072984704735,-0.0005600286486621845,4.647573271328758e-06,9.276399781855678,L,0.5,0.0,0.0,0.5,71.85303111631525,65.52321144560696,10.5,-52.785714285714285,4.2763997818556785
2660,-38.31618439721915,-105.41000950200342,-0.026308700543620313,11.08996344655875,11.087701166463212,-0.2239912704093037,-0.0002856981544968483,-3.181022727321682e-05,-29.051255027871328,-104.94227876288079,-0.010094024896707389,11.109864463501665,11.109360898165013,-0.10577727402145316,-0.0009412717851363251,1.2340114670533319e-06,9.276728316778717,L,0.5,0.0,0.0,0.5,71.77977644235494,65.45692470885372,10.5,-52.785714285714285,4.276728316778717
2670,-38.20532562881237,-105.4129256033544,-0.025731239695868338,11.089948108194202,11.08783064341587,-0.21670409633458057,-0.0003271955364493067,-3.803818863688023e-05,-28.940162117980616,-104.94340237045505,-0.010034949026049548,11.1098601568688,11.109368014014564,-0.10457071469080312,-0.0012806556766321708,-2.025866730653237e-06,9.277052708090022,L,0.5,0.0,0.0,0.5,71.70656954338419,65.39075480706505,10.5,-52.785714285714285,4.277052708090022
2680,-38.094465332863436,-105.41577565234178,-0.02515025943758527,11.089932778131432,11.087951318047534,-0.2096296545861522,-0.00044473098886122864,-4.1256081352290965e-05,-28.82906920322007,-104.94452142802776,-0.009968945700132136,11.109855894196857,11.109376632299307,-0.10319317585345197,-0.0015212676828692856,-5.585583471028332e-06,9.277372795309246,L,0.5,0.0,0.0,0.5,71.63340994565205,65.32470319029949,10.5,-52.785714285714285,4.277372795309246
2690,-37.98360330839141,-105.41855101304714,-0.024573692783041137,11.089918816082758,11.088065132369053,-0.20275839723186678,-0.00018085529251161367,-5.2204903044475065e-05,-28.71797624621482,-104.94563152421293,-0.009897037515690913,11.109851288714903,11.109387210326801,-0.10154540062191043,-0.001379126647933804,-1.2020167242486576e-05,9.277688165607763,L,0.5,0.0,0.0,0.5,71.5602913055246,65.25876666912805,10.5,-52.785714285714285,4.277688165607763
2700,-37.872739666576166,-105.42126399077023,-0.024000442594626168,11.08992193312766,11.088174136896525,-0.19688268772286305,-0.0008446685837841404,-4.395910015112455e-05,-28.606883206557544,-104.94672893145055,-0.009823638930135235,11.10984704215278,11.109396000927843,-0.10010891368551512,-0.0011219703967193125,-1.8765966624866e-05,9.277999755345565,L,0.5,0.0,0.0,0.5,71.48722288355987,65.19294258586619,10.5,-52.785714285714285,4.277999755345565
2710,-37.76187449667265,-105.42391506916269,-0.023426464129010217,11.08992411001704,11.088286744502387,-0.1905618997331212,-0.0011986140371676643,-4.122036940129835e-05,-28.495790078345763,-104.94781449150992,-0.009752045743003417,11.109843988715433,11.109401420131405,-0.09916420714524135,-0.0010633474808385112,-2.2969545596265788e-05,9.278307615486865,L,0.5,0.0,0.0,0.5,71.4142052511348,65.1272319518792,10.5,-52.785714285714285,4.278307615486865
2720,-37.65100786685796,-105.4265035829859,-0.02285006986951276,11.089923280250066,11.088397156622849,-0.18397515818905524,-0.00135887151786316,-4.089831813767701e-05,-28.384696882532808,-104.94889168246138,-0.009681966064998347,11.10984215887206,11.109405427297352,-0.0985081062003258,-0.0012181690519822946,-2.4548310368120513e-05,9.278611554847396,L,0.5,0.0,0.0,0.5,71.34123811957544,65.06163791183683,10.5,-52.785714285714285,4.278611554847396
2730,-37.540139831810365,-105.42902873555083,-0.022270955602978308,11.089919451861638,11.088502340218358,-0.1772831062202776,-0.0013811944982504878,-4.1665360682843715e-05,-28.273603655926895,-104.9499647686825,-0.009609538423993404,11.109840972436178,11.109410777048112,-0.09776819333965857,-0.0014672480894108537,-2.457203327790632e-05,9.278911303774201,L,0.5,0.0,0.0,0.5,71.26832109236376,64.99616426310676,10.5,-52.785714285714285,4.278911303774201
2740,-37.42927043763015,-105.43148995403715,-0.021689354437823938,11.089913493028243,11.088601636390372,-0.17057265985685016,-0.001317036850746283,-4.2588452809218424e-05,-28.162510399467042,-104.95103302221139,-0.009531717140690607,11.109839443897085,11.10941957938292,-0.09658715439934155,-0.0014494425683715185,-2.6243292301517876e-05,9.279206887888435,L,0.5,0.0,0.0,0.5,71.19545393073116,64.9308107855526,10.5,-52.785714285714285,4.279206887888435
2750,-37.31839972375151,-105.43388691396878,-0.021105583317038754,11.089906464033836,11.088695597988831,-0.16387591696940662,-0.001202496782671745,-4.319012274691e-05,-28.05141711642452,-104.95209595019479,-0.009446718165151576,11.10983741557144,11.109430040315043,-0.09513979071222389,-0.0012881422077548807,-2.8371375979431836e-05,9.279498325732659,L,0.5,0.0,0.0,0.5,71.1226365739837,64.86557744789448,10.5,-52.785714285714285,4.279498325732659
2760,-37.207527724568514,-105.43621944748963,-0.020519874157883422,11.089899217901511,11.088785067620746,-0.15719537946042736,-0.0010589422293202754,-4.3303140378509003e-05,-27.94032373976815,-104.95314539288019,-0.009358908051675923,11.109834691194811,11.109441335973045,-0.0934883321551637,-0.0006713589889162561,-3.379434899752158e-05,9.279786109503632,L,0.5,0.0,0.0,0.5,71.04986907363451,64.80045800408422,10.5,-52.785714285714285,4.2797861095036325
2770,-37.09665447112819,-105.43848744831028,-0.01993235298752612,11.089892287041854,11.08887072585149,-0.150522302481314,-0.0008980913545837025,-4.29102675558013e-05,-27.82923028939321,-104.95418523781504,-0.009270078650477812,11.10983320720388,11.10944885419557,-0.09241237959722967,-0.0005110481351438625,-3.459966718242586e-05,9.280070021034154,L,0.5,0.0,0.0,0.5,70.97715152466854,64.7354559423004,10.5,-52.785714285714285,4.280070021034154
2780,-36.98577999282859,-105.44069081084419,-0.019343071952543086,11.089885911239387,11.088952958304636,-0.14384649044283399,-0.0007268068402497685,-4.2037635666141975e-05,-27.71813673501936,-104.95521252814518,-0.009182267598756084,11.109832179159252,11.109456853307968,-0.09132071819160192,-0.00019375160293640743,-3.6269187343834654e-05,9.280350247538573,L,0.5,0.0,0.0,0.5,70.90448402174084,64.67056921323359,10.5,-52.785714285714285,4.280350247538573
2790,-36.87490448327788,-105.44283808588621,-0.01874537466717628,11.089880211395739,11.089032413152811,-0.13712491806067423,-0.0009320513041778425,-3.4108070760857954e-05,-27.60704308633178,-104.95622979718758,-0.009096017788583044,11.10983237468091,11.109463556705377,-0.0905255529846737,-0.00014893363762958647,-3.517163795102572e-05,9.28062726865129,L,0.5,0.0,0.0,0.5,70.83187320483862,64.6058002157424,10.5,-52.785714285714285,4.2806272686512905
2800,-36.76402812013434,-105.44492578401663,-0.018134113368198625,11.089859214252167,11.089103752493243,-0.12944249060474983,-0.0005806043453244111,-3.2243973561465667e-05,-27.49594934255434,-104.95723749807418,-0.009010888750694505,11.109833219353328,11.109470958613903,-0.08971723112661494,-0.00011753766326873386,-3.357173266419577e-05,9.280901038782511,L,0.5,0.0,0.0,0.5,70.75931677004654,64.54114967011172,10.5,-52.785714285714285,4.2809010387825115
2810,-36.653151024470496,-105.44695015130407,-0.017508205863485785,11.089825209965985,11.089162119535944,-0.12127107753373588,3.864129408656994e-05,-3.194972653013258e-05,-27.384855534495006,-104.95823939727765,-0.008923878292373195,11.109834508384125,11.109478984862793,-0.08887906713453544,-0.00025723706290731136,-3.0121881630366332e-05,9.281171234849676,L,0.5,0.0,0.0,0.5,70.68681216767243,64.47662099851594,10.5,-52.785714285714285,4.281171234849676
2820,-36.54227312916571,-105.44889951192637,-0.0168748253596873,11.08978214367761,11.089207324219307,-0.11291109206642277,0.0011457209979596102,-3.7364236275986586e-05,-27.273761708895414,-104.95923953425276,-0.008828684201495884,11.10983513853297,11.109489568040065,-0.08762615471927085,-0.0004099849956002227,-2.606096801914648e-05,9.281436895298926,L,0.5,0.0,0.0,0.5,70.61435080300143,64.4122178666462,10.5,-52.785714285714285,4.281436895298926
2830,-36.43139417923504,-105.45076629235673,-0.016246502887350054,11.089750596516794,11.089249692370942,-0.10540186523751235,0.0020828602873705446,-4.233028896173209e-05,-27.16266782933309,-104.96023038693768,-0.008724828648054515,11.109833517443104,11.109503576656051,-0.08562164194066656,6.3083746796542e-05,-2.6618481262109057e-05,9.281697777016449,L,0.5,0.0,0.0,0.5,70.5419269829588,64.34793453110598,10.5,-52.785714285714285,4.281697777016449
2840,-36.32051394319114,-105.45255564817884,-0.015629891054002493,11.089747117406118,11.089303574364246,-0.09918348456095613,0.0021447521259819863,-3.9997021169358804e-05,-27.051573880142154,-104.961209470272,-0.008614880376943617,11.109831279300362,11.109515982792898,-0.08369995573392405,0.0005178733033490682,-2.6679319367998535e-05,9.281954048525458,L,0.5,0.0,0.0,0.5,70.46954452104515,64.2837693249982,10.5,-52.785714285714285,4.281954048525458
2850,-36.209632296846586,-105.4542723840465,-0.015025658073594024,11.089765590754288,11.089371534983233,-0.09348698830006236,0.0017534920759169354,-3.559005519076093e-05,-26.94047983342643,-104.9621736253319,-0.008502478563171266,11.109829051421697,11.109526907722937,-0.08193557465202066,0.0009846834751462002,-2.6700542768007007e-05,9.282206018962109,L,0.5,0.0,0.0,0.5,70.39720705726904,64.21972001944559,10.5,-52.785714285714285,4.282206018962109
2860,-36.09874932549175,-105.45592842827674,-0.014425786451365432,11.089797687051785,11.089449441585732,-0.08788527893237562,0.0007789539416619325,-2.618616084097705e-05,-26.829385688353188,-104.96312431269293,-0.008389250052774837,11.109827903869737,11.109536254922798,-0.08050002582963295,0.0011692455361984803,-2.4545126463593944e-05,9.28245431628096,L,0.5,0.0,0.0,0.5,70.32492372213001,64.15578814879667,10.5,-52.785714285714285,4.28245431628096
2870,-35.98786520699642,-105.45752234913789,-0.013823757933677197,11.089820233444485,11.089521888896689,-0.08134547188316507,0.00030833479431530505,-2.1368704902828714e-05,-26.718291420834408,-104.96405942679036,-0.00827726569876992,11.10982748551727,11.109545723296067,-0.07912382668347585,0.0013669891235695204,-2.2636862947526697e-05,9.282699167420738,L,0.5,0.0,0.0,0.5,70.25269372895252,64.09197233622486,10.5,-52.785714285714285,4.282699167420738
2880,-35.87698009030949,-105.45905171034147,-0.013217711510642898,11.089831262267408,11.08958202779464,-0.07434967637903396,0.00012749106875130017,-1.7821485573220732e-05,-26.607197048545608,-104.96498298245005,-0.008165642557570615,11.109828472027086,11.10955466444659,-0.07799894574105357,0.0012082593163289083,-1.8213004419217603e-05,9.2829403504091,L,0.5,0.0,0.0,0.5,70.18051551353548,64.02827621079409,10.5,-52.785714285714285,4.282940350409101
2890,-35.76609409087786,-105.46051457698834,-0.012607931067784931,11.08983290068487,11.08962921803559,-0.06721288272317029,0.00010322418910019447,-1.4223181372996182e-05,-26.496102573502494,-104.96589484786311,-0.008052839502993278,11.109829508682157,11.10956496974188,-0.07666743160507127,0.0011138363922637237,-1.440841546020312e-05,9.283177872294116,L,0.5,0.0,0.0,0.5,70.10838785874033,63.96470002374413,10.5,-52.785714285714285,4.283177872294116
2900,-35.65520729357881,-105.4619098082676,-0.011995251793483298,11.089828500005881,11.089665773243755,-0.06007659518218695,0.00014146061426229561,-1.0188810289864822e-05,-26.385007997165093,-104.96679464946271,-0.007938162533815098,11.109830346040898,11.109575764270865,-0.07521074216249943,0.00104134684661777,-1.088620070761815e-05,9.283411765924626,L,0.5,0.0,0.0,0.5,70.03631011870554,63.901243828887274,10.5,-52.785714285714285,4.283411765924626
2910,-35.54431975901259,-105.46323686409389,-0.011380372550764375,11.08982111110958,11.089694566987498,-0.05297817795732882,0.00019188407438589967,-5.880021876486584e-06,-26.273913295887628,-104.96767873031617,-0.007823827762743754,11.109830854172293,11.10958645306027,-0.07369158906118677,0.0011268643977030129,-8.684946370001211e-06,9.283642273133013,L,0.5,0.0,0.0,0.5,69.96428208068664,63.837904981219076,10.5,-52.785714285714285,4.2836422731330135
2920,-35.43343153143836,-105.46449552527254,-0.010763694939058452,11.089812864390723,11.089717837172678,-0.04590924852458935,0.00023528539343882585,-1.629615263222295e-06,-26.16281846588874,-104.96854786554802,-0.007711714423775738,11.109832150397862,11.109595757308764,-0.07247426578513924,0.0010181912485896644,-5.386190950571681e-06,9.283869381476967,L,0.5,0.0,0.0,0.5,69.89230376184899,63.77468446243647,10.5,-52.785714285714285,4.283869381476967
2930,-35.32254264434543,-105.46568568699868,-0.01014538257426586,11.089805120352173,11.089737069819536,-0.03885009214469732,0.00026876494791062435,2.238716939854391e-06,-26.05172354870009,-104.96940828783727,-0.007598226626688931,11.109834074372852,11.10960476093896,-0.07138078045562542,0.0005790817142933768,-2.3989233497037572e-08,9.284092737640051,L,0.5,0.0,0.0,0.5,69.8203752584659,63.711587753624556,10.5,-52.785714285714285,4.2840927376400515
2940,-35.21165313521403,-105.46680725470364,-0.009525463442859813,11.089797635059481,11.089752086366056,-0.03178442245143382,0.0002951203927010858,5.722168672969997e-06,-25.94062856264572,-104.97025959071433,-0.007479441090731072,11.109834540572724,11.109615501830659,-0.06976331691286415,0.0003951587394698635,3.4764091011700145e-06,9.28431237129485,L,0.5,0.0,0.0,0.5,69.7484966774297,63.64861490032846,10.5,-52.785714285714285,4.284312371294851
2950,-35.100762955404065,-105.46785141511968,-0.008910588036927028,11.089791054454382,11.089763463180478,-0.02473786902257986,0.0007000467125199224,5.7874975916704015e-06,-25.829533502643688,-104.97109811367552,-0.007355221800246963,11.109833264411298,11.109626437670565,-0.06779069575569462,0.0004965897025836635,4.981255213855591e-06,9.284527958287763,L,0.5,0.0,0.0,0.5,69.67666147740164,63.58576326341729,10.5,-52.785714285714285,4.284527958287763
2960,-34.98987195338725,-105.46882133503922,-0.00830587483781905,11.08980125859385,11.089785633334655,-0.01861617022917037,0.0005476930537322177,6.339361426744678e-06,-25.71843834135589,-104.97191902805208,-0.007229466922899632,11.109831247179116,11.109636048826394,-0.0658574476772583,0.000764499580401148,5.171402564739327e-06,9.284739798453915,L,0.5,0.0,0.0,0.5,69.60487209029408,63.523029220085206,10.5,-52.785714285714285,4.284739798453915
2970,-34.87898048628567,-105.469776186087,-0.007669526295928847,11.089825369728384,11.08981807717768,-0.012717946942797504,-0.002330649926077152,2.0733995386788395e-05,-25.60734307911189,-104.9727243999609,-0.007104126338263375,11.109830288872773,11.109643904340453,-0.06435344828277685,0.0007297833654142521,6.935504976232476e-06,9.284951302413777,L,0.5,0.0,0.0,0.5,69.53317372518674,63.46041481819329,10.5,-52.785714285714285,4.284951302413777
2980,-34.76809033346399,-105.47077412072422,-0.006908828149229864,11.089751543222055,11.08975152604202,-0.0006172881366729392,-0.005134617793500447,5.2908835512639464e-05,-25.49624771687833,-104.97351506252507,-0.006979175723300875,11.109829894395105,11.109651702000415,-0.06292330756112524,0.0006320749614918503,8.699058155824467e-06,9.285167315546612,L,0.5,0.0,0.0,0.5,69.46161193247126,63.397921098526254,10.5,-52.785714285714285,4.285167315546612
2990,-34.65720484998939,-105.4717857253217,-0.005953924296851411,11.089395097584108,11.08937142828724,0.02291191412906929,-0.002203969784520265,0.00011622236374884096,-25.385152270411723,-104.97429350691287,-0.00685264185883603,11.109829819388096,11.109659736006057,-0.06147492115313605,0.0004200176742623889,1.082959368578591e-05,9.285389466566828,L,0.5,0.0,0.0,0.5,69.39016698065599,63.33555047994733,10.5,-52.785714285714285,4.285389466566828
3000,-34.54632764664128,-105.47272702208296,-0.004806408771813048,11.088694943801961,11.088563177016328,0.05405761756442084,0.0064755716568741135,0.00023078424964509205,-25.274056741332064,-104.97505828787206,-0.006723578468310045,11.109829042569551,11.109668229239812,-0.05977617703903519,0.0003769651022718037,1.1685873580659263e-05,9.2856169375252,L,0.5,0.0,0.0,0.5,69.31877772675189,63.273302135320925,10.5,-52.785714285714285,4.2856169375252
3010,-34.43546044958318,-105.47346097711696,-0.0035678652663166353,11.08778062273111,11.0874526798165,0.08527725746866302,0.01969550374491342,0.0003722507398209856,-25.162961153235376,-104.97581206692848,-0.006589533815122126,11.10982785991043,11.109676387844564,-0.058014086314661685,0.00021885251364217964,1.3046055727646004e-05,9.28584393787567,L,0.5,0.0,0.0,0.5,69.2473411564189,63.211178636613596,10.5,-52.785714285714285,4.28584393787567
3020,-34.32459999295005,-105.4739944459397,-0.0023219107562228412,11.087098190472252,11.086594888431875,0.10564120867018255,0.0261624332185992,0.0004670070080919451,-25.05186550986426,-104.97655199967149,-0.0064496738029878615,11.109825014947555,11.109684446698324,-0.05588700693170273,0.0003371070454128818,1.2732206443980676e-05,9.286067724346918,L,0.5,0.0,0.0,0.5,69.1758601736934,63.14917800348705,10.5,-52.785714285714285,4.286067724346918
3030,-34.213743217977324,-105.474316045633,-0.0011242416383690195,11.086676340357787,11.08602450074912,0.12022081616484022,0.029613137064641488,0.0005023214587916768,-24.9407697879159,-104.97727275568005,-0.006307639901827567,11.109821275620275,11.109691393829749,-0.0537206672530247,0.0006701664145595164,1.1039453293712623e-05,9.286284955067465,L,0.5,0.0,0.0,0.5,69.10432394560071,63.08729617509303,10.5,-52.785714285714285,4.286284955067465
3040,-34.1028863486503,-105.47450620784319,3.941655650223534e-05,11.086599384447881,11.085845109409066,0.12932177477601903,0.025930620796571616,0.00045217067217853424,-24.829673972170514,-104.9779745836626,-0.006166748019019388,11.109818799063389,11.109697170388198,-0.051985866259315255,0.0007691368900909547,1.026032980108036e-05,9.286496187104657,L,0.5,0.0,0.0,0.5,69.03279122883568,63.02553369856263,10.5,-52.785714285714285,4.286496187104657
3050,-33.992029129909675,-105.47456481426384,0.001194208636195193,11.08660549056498,11.085700981690975,0.14161584643435104,0.023046844514610743,0.0003835456718802265,-24.718578058362077,-104.97865934796405,-0.006027691910920988,11.10981776307403,11.109702952840086,-0.05050770606051275,0.0006703534249547222,1.0132679997460821e-05,9.286701083156133,L,0.5,0.0,0.0,0.5,68.9612617787448,62.96389246801666,10.5,-52.785714285714285,4.286701083156133
3060,-33.88117153254411,-105.47448375235606,0.002344757385387354,11.08664886986499,11.085561092510698,0.15530108786381672,0.020357768182248874,0.00030479129679184024,-24.607482058782264,-104.97933018538576,-0.005888337899761432,11.109817571790808,11.109709287836154,-0.04905117979118033,0.00041851166365611047,1.0500979433560622e-05,9.286899025543708,L,0.5,0.0,0.0,0.5,68.8897293833415,62.902375449502365,10.5,-52.785714285714285,4.286899025543708
3070,-33.77031343861459,-105.47427058149856,0.003495919769024997,11.08671855599153,11.085431413623006,0.16893405111798207,0.01692970458823451,0.00021553026723786497,-24.496385981236465,-104.9799865601234,-0.005746974901405427,11.109816854006453,11.109716024234466,-0.04733276279489505,0.0003028663663071962,1.0052543174277895e-05,9.287090350507997,L,0.5,0.0,0.0,0.5,68.8181997475029,62.84098256713397,10.5,-52.785714285714285,4.287090350507997
3080,-33.65945533657012,-105.47392341635562,0.004651887670371642,11.086765428999188,11.085250589695029,0.18326767668512553,0.013815260622523178,0.00013291124688213836,-24.385289828198434,-104.98062718849984,-0.005603539507741422,11.109815516720431,11.109722395312449,-0.045487521970902695,0.0002849030086759472,9.071330937370611e-06,9.287275544802565,L,0.5,0.0,0.0,0.5,68.74667175228724,62.779713119181864,10.5,-52.785714285714285,4.287275544802565
3090,-33.54859765934423,-105.47345659447625,0.005826388275514051,11.086782414106889,11.0850142923083,0.19799605316897392,0.01021803230092986,5.219490208712727e-05,-24.274193610072633,-104.98125314085475,-0.005457275917540958,11.109813904670743,11.109728172800136,-0.043645422513115505,0.0002083047854662619,8.346065363771446e-06,9.287455771571802,L,0.5,0.0,0.0,0.5,68.6751566823789,62.71856836383699,10.5,-52.785714285714285,4.287455771571802
3100,-33.43774178289489,-105.47284735131515,0.007017371345180385,11.086713223614828,11.084637213936473,0.21454122701837006,0.008555596483408728,7.197470749940594e-06,-24.163097343021356,-104.98186518715316,-0.005306387527194281,11.109811482267505,11.109733409990987,-0.04165009547318391,0.0001596993873760484,7.555713094914143e-06,9.287631181932356,L,0.5,0.0,0.0,0.5,68.60363797680616,62.65754931640363,10.5,-52.785714285714285,4.2876311819323565
3110,-33.32688791095629,-105.47209393932162,0.008217228092167612,11.086632186042934,11.084239993304863,0.23029763225911576,0.006657090033943973,-3.614125453555288e-05,-24.052001037050786,-104.98246170060422,-0.00515015318984041,11.109807720657953,11.10973780539902,-0.039414277601577286,0.00026832704991608196,6.201416726065468e-06,9.287802014090092,L,0.5,0.0,0.0,0.5,68.53211440604744,62.59665499336349,10.5,-52.785714285714285,4.287802014090092
3120,-33.21603613075729,-105.471195434909,0.009421156232359966,11.086554517747798,11.083835579498688,0.24551969703690868,0.004794482264335832,-7.793654373965518e-05,-23.940904701367497,-104.98304222194608,-0.0049882290870382155,11.109803097722784,11.109741185502447,-0.03708990861993172,0.00039665701098775825,4.88530211110115e-06,9.287968378056654,L,0.5,0.0,0.0,0.5,68.46058529480908,62.535885380565304,10.5,-52.785714285714285,4.287968378056654
3130,-33.1051863919999,-105.47015380690546,0.010627206465404089,11.086492611798072,11.083436481016967,0.2602963747643234,0.00288625205326532,-0.00012191268115525547,-23.829808338592258,-104.98360487432373,-0.004821156006821972,11.109797638818495,11.109743582311216,-0.034657045341308174,0.0006154965268791266,3.3036232200335416e-06,9.288130484518,L,0.5,0.0,0.0,0.5,68.38905210589706,62.47523927497134,10.5,-52.785714285714285,4.288130484518
3140,-32.99433875895076,-105.46896381879877,0.011829913214377442,11.086445869283061,11.083038461420571,0.27484627560836067,0.0013912763789817135,-0.00016102901061441552,-23.71871191708779,-104.9841423158944,-0.004654753390843402,11.109792039562638,11.109745170869184,-0.03227074027964499,0.001093816546160909,6.249961917352151e-07,9.288288604429088,L,0.5,0.0,0.0,0.5,68.31751082587547,62.41471087881878,10.5,-52.785714285714285,4.288288604429088
3150,-32.883492712436635,-105.46764374003965,0.013036578863451434,11.086436749463495,11.082679608651654,0.28860438636916586,-0.0009866791686355546,-0.00021989500466250704,-23.60761540577352,-104.98465724679242,-0.004492873486367372,11.109789945307648,11.10974778908004,-0.030605422560316675,0.0010854139398776975,-6.54402762998185e-07,9.28844312901398,L,0.5,0.0,0.0,0.5,68.24597519971823,62.35430277793223,10.5,-52.785714285714285,4.288443129013981
3160,-32.77264902948853,-105.46617735019794,0.014244170597437607,11.086403168088054,11.082249939342395,0.30343283826627915,-0.0017834708942347471,-0.0002453906890178364,-23.496518778742082,-104.98514985605047,-0.0043376110101864635,11.109790517155567,11.109752093766598,-0.02921900286537578,0.0009600407793955058,-1.9063824183015827e-06,9.288594074397862,L,0.5,0.0,0.0,0.5,68.17443320422782,62.29401546645586,10.5,-52.785714285714285,4.288594074397862
3170,-32.66180725518079,-105.46457988072129,0.015456273106813929,11.0863975129348,11.081856208821023,0.31728974427467427,-0.003449690986806276,-0.00028980268418022937,-23.385422052361875,-104.98563022998633,-0.004183631562414214,11.109793759779597,11.109758240901343,-0.028092945064560563,0.00027080759859860956,-1.442846889561152e-06,9.288741314032643,L,0.5,0.0,0.0,0.5,68.10289631073108,62.233857764530065,10.5,-52.785714285714285,4.288741314032643
3180,-32.550968149806586,-105.462834831791,0.016666851695400584,11.086368982097339,11.081400678599621,0.3318677561044765,-0.0036559915713063884,-0.0002987865621943474,-23.274325249221892,-104.98609536824405,-0.004027287950079989,11.109794984720399,11.109763989878639,-0.02624293646698097,7.291660389213261e-05,-2.339060065326315e-06,9.288884971893637,L,0.5,0.0,0.0,0.5,68.03135224043072,62.173827541832736,10.5,-52.785714285714285,4.288884971893637
3190,-32.44013108104581,-105.46096010516261,0.017879482041100764,11.086374652857268,11.080998160740414,0.34522848257881505,-0.004956340161098419,-0.0003342087097911515,-23.163228388656222,-104.98654529335627,-0.0038670828438038514,11.109794807900647,11.109768435911265,-0.024206901617564926,-6.569166698071354e-05,-3.0693427402554724e-06,9.289025405161,L,0.5,0.0,0.0,0.5,67.95981444498436,62.11392519745655,10.5,-52.785714285714285,4.289025405161
3200,-32.32929659208907,-105.45895336516934,0.019099541011541543,11.086357910820281,11.080529708806463,0.35943441552636607,-0.005402818251422559,-0.00034449929846237375,-23.052131485736876,-104.986978014127,-0.0037029710682456485,11.109792895013264,11.109771143857927,-0.021984112193513424,-2.2053906354339197e-05,-3.947011319659478e-06,9.289163210026524,L,0.5,0.0,0.0,0.5,67.88828147548415,62.05414943482405,10.5,-52.785714285714285,4.2891632100265245
3210,-32.2184650971922,-105.45681230474351,0.02032775402856846,11.086323644571223,11.08001600211486,0.37392157607927823,-0.005416798692103052,-0.00033911675378252455,-22.941034547690606,-104.98739226022991,-0.0035358533920706826,11.10979004682852,11.109772480127061,-0.0197566298099631,7.666019147842501e-05,-4.681732262852605e-06,9.289298831398234,L,0.5,0.0,0.0,0.5,67.81675181539008,61.99449955419325,10.5,-52.785714285714285,4.289298831398234
3220,-32.10763687888202,-105.45453570687958,0.021563360178270596,11.086279306128207,11.07947333295216,0.38840638239925274,-0.00518009553901281,-0.0003233015308071954,-22.829937577521473,-104.98778772283292,-0.0033664127740735987,11.109786961976612,11.109773044517508,-0.0175852158836422,0.00015907389599445514,-5.1890276208357086e-06,9.289432598769292,L,0.5,0.0,0.0,0.5,67.74522470475146,61.93497566041182,10.5,-52.785714285714285,4.289432598769292
3230,-31.996812535182475,-105.45210558233143,0.022792180743626173,11.086230062775067,11.078911612988016,0.4027585832443266,-0.004016911195320435,-0.0002801866356821775,-22.7188405801023,-104.98816533516462,-0.0031941196493126783,11.109783937777582,11.1097732194802,-0.015432297992372127,0.00018008093755151716,-5.415453869557938e-06,9.289564260620379,L,0.5,0.0,0.0,0.5,67.67368652481429,61.87557890683941,10.5,-52.785714285714285,4.289564260620379
3240,-31.885990920565963,-105.44954053426918,0.024012756442319313,11.086245339861904,11.078467024061633,0.41521576606478267,-0.004400617004272013,-0.00028822693762722753,-22.60774356552866,-104.98852564464454,-0.003017597083175283,11.109780545025629,11.109772754841492,-0.013156534941463032,0.00021114404948818153,-5.495494716303369e-06,9.2896936822326,L,0.5,0.0,0.0,0.5,67.60215101205196,61.81631012748061,10.5,-52.785714285714285,4.289693682232601
3250,-31.775172413217586,-105.4468308231444,0.025220771499284447,11.086269892827465,11.078004946507626,0.42800296934165216,-0.003942403030333309,-0.000272315801182464,-22.496646547364065,-104.98886844074913,-0.002835466061534864,11.10977631010665,11.109771170077549,-0.010686866736955052,0.00030230620661014324,-5.469670032705077e-06,9.2898208694787,L,0.5,0.0,0.0,0.5,67.53061081862113,61.75716951987036,10.5,-52.785714285714285,4.2898208694786994
3260,-31.664356109731962,-105.44399661863265,0.02642337318829488,11.086338428151873,11.077610533662442,0.4398233827433723,-0.004719718601675876,-0.0002988535581729402,-22.385549522575445,-104.98918646040491,-0.0026517647211337487,11.109770959003068,11.109768042307083,-0.008050319260940013,0.0007501530923589269,-5.955301610798032e-06,9.28994639176601,L,0.5,0.0,0.0,0.5,67.45908111145329,61.69815130533054,10.5,-52.785714285714285,4.28994639176601
3270,-31.55354300059077,-105.44102190837275,0.027617618172117858,11.08638257850035,11.07713509563864,0.45272149258325023,-0.004079424792258563,-0.00027579054665210085,-22.274452459197622,-104.98947975360684,-0.0024709251537564326,11.109768186609342,11.109766585846403,-0.005963908766264796,0.0009008013343755529,-6.196723847261782e-06,9.290070591384247,L,0.5,0.0,0.0,0.5,67.38755003514619,61.63925586042499,10.5,-52.785714285714285,4.2900705913842465
3280,-31.442732361993816,-105.43792442443437,0.02880869340448887,11.086453455650453,11.07671266721343,0.4646361073973868,-0.004612493967858729,-0.0002927778774460493,-22.163355329217158,-104.98974968572901,-0.002294991846914182,11.109768326004565,11.109767510620053,-0.004256461605749607,0.0008239283829920599,-6.442786605794169e-06,9.290193685431781,L,0.5,0.0,0.0,0.5,67.31603100660185,61.580484679878005,10.5,-52.785714285714285,4.290193685431781
3290,-31.331925204560783,-105.43469021236791,0.0299941183444997,11.086492989564242,11.076205194562919,0.4774990006214569,-0.003891585406472969,-0.0002609880822715,-22.052258118822024,-104.99000030581314,-0.002122548534349467,11.109770890285157,11.10977055141104,-0.002744016670024085,0.00048496974895563484,-6.594446153561888e-06,9.290315943773653,L,0.5,0.0,0.0,0.5,67.24451377209387,61.52184154836966,10.5,-52.785714285714285,4.290315943773653
3300,-31.221121040915158,-105.43133228023763,0.03117707371612696,11.086547565076597,11.075733146852336,0.4895632466007254,-0.004070112061887397,-0.00026082464102581245,-21.94116083112778,-104.99023091447374,-0.0019527269152932573,11.109773769639299,11.109773718912988,-0.0010616570333172057,0.00027245285449227545,-6.907160637753748e-06,9.290437659772318,L,0.5,0.0,0.0,0.5,67.17300823199727,61.463326240234686,10.5,-52.785714285714285,4.2904376597723175
3310,-31.11032087989357,-105.42783437111171,0.032350872324180095,11.086577343603784,11.075194035989414,0.5022691120238593,-0.0030787288728813494,-0.00021357780303269232,-21.83006346604551,-104.9904412488568,-0.0017859392310071967,11.109776987467,11.109776971683566,0.0005922000312932774,7.311407944508088e-05,-7.185585991100291e-06,9.290559208717085,L,0.5,0.0,0.0,0.5,67.10150229922658,61.40493889757394,10.5,-52.785714285714285,4.2905592087170845
3320,-30.99952392650043,-105.42421108589153,0.033516288955025064,11.086639598853234,11.07473047829292,0.5137338104801379,-0.0032729698990333874,-0.0002140871788771616,-21.71896602614112,-104.99063342921824,-0.0016213474639755342,11.109780567026984,11.109780358497053,0.0021525435004966496,-0.00022441478015494546,-7.291004377411905e-06,9.290680520085054,L,0.5,0.0,0.0,0.5,67.030006948444,61.34668169162388,10.5,-52.785714285714285,4.290680520085054
3330,-30.888730857008994,-105.42045184855478,0.034669209056513835,11.086692673317916,11.074224901798631,0.5256398548286364,-0.0026389896409564143,-0.00018101242140808083,-21.607868522999386,-104.99080722714439,-0.0014582876834863454,11.109783519707264,11.109782865967551,0.00381127445126838,-0.00041627203307845445,-7.281181776265288e-06,9.290801911759026,L,0.5,0.0,0.0,0.5,66.95851432239981,61.28855480522909,10.5,-52.785714285714285,4.290801911759026
3340,-30.77794092763474,-105.41657134856639,0.03581326250695296,11.086773892965418,11.073778120826859,0.5366502440472234,-0.0030329038126163475,-0.00019200276669198863,-21.496770965312017,-104.99096257382897,-0.0012967246036194129,11.109785971944973,11.109784622086753,0.005476611180260885,-0.0005596212581158829,-7.116680973859189e-06,9.290923457797675,L,0.5,0.0,0.0,0.5,66.88703553302145,61.230558555596524,10.5,-52.785714285714285,4.290923457797675
3350,-30.667154877526453,-105.41256030852713,0.03694698103075589,11.086839178782245,11.073272123671297,0.5483132784322831,-0.0025795327912140824,-0.0001659550977401114,-21.385673360227482,-104.99110017256518,-0.0011363274249493176,11.109788099432475,11.10978582170252,0.00711408385443464,-0.0006985710169501047,-6.802881339444167e-06,9.291045570987556,L,0.5,0.0,0.0,0.5,66.8155637783526,61.17269391836632,10.5,-52.785714285714285,4.291045570987556
3360,-30.55637217644992,-105.40843127229788,0.03807477572299009,11.086918724619135,11.072798531658227,0.5593741892667183,-0.0029317705044398126,-0.00017496307622181763,-21.274575718083813,-104.99122187641515,-0.0009754238935116907,11.109789768375109,11.109786294827408,0.008785257955448449,-0.0008586281117431544,-6.324393897278372e-06,9.291168342816226,L,0.5,0.0,0.0,0.5,66.74410864893804,61.11496285580944,10.5,-52.785714285714285,4.291168342816226
3370,-30.445593774285676,-105.40417190124231,0.039193199973860234,11.086974555227323,11.072254620123397,0.5711238179363389,-0.0023003946412749826,-0.0001382308684405321,-21.1634780574934,-104.99132816999925,-0.0008119981688916823,11.109790232064201,11.109785118962707,0.0106588434608215,-0.0009128059972460336,-5.6240936454903175e-06,9.291292274293651,L,0.5,0.0,0.0,0.5,66.67266104908323,61.05736617094135,10.5,-52.785714285714285,4.291292274293651
3380,-30.334819145998207,-105.39979249194948,0.04030308443147724,11.087047104202485,11.071759151195666,0.5820333226884477,-0.0024880897265042575,-0.0001396265737525297,-21.052380397747502,-104.99141710665951,-0.0006458172212403384,11.10978920457151,11.109781902463045,0.01273772814416568,-0.0007710753586954134,-4.667843179656389e-06,9.29141752211883,L,0.5,0.0,0.0,0.5,66.60122881883048,60.99990258838951,10.5,-52.785714285714285,4.291417522118831
3390,-30.22404901734553,-105.39528261227052,0.04139928676574942,11.087108749475957,11.071225734351,0.5932462909707121,-0.0019426935509772834,-0.00010682039683963007,-20.941282745821773,-104.991486071518,-0.0004789177038219292,11.109787552988571,11.109777691728738,0.014802462845105589,-0.000514587852391955,-3.5856742390133828e-06,9.29154461314494,L,0.5,0.0,0.0,0.5,66.52980420739077,60.94257024817816,10.5,-52.785714285714285,4.291544613144939
3400,-30.113282496821054,-105.39065843568858,0.04248607958325412,11.08719579478928,11.07075833736491,0.6035067751553406,-0.002508508107019164,-0.0001289923632481571,-20.830185092561123,-104.991534229191,-0.000313830053670124,11.109786669937378,11.109774225081555,0.016628867423180746,-0.0003214918858027958,-2.641273329341495e-06,9.291673560193006,L,0.5,0.0,0.0,0.5,66.45839950065384,60.885368799941176,10.5,-52.785714285714285,4.291673560193006
3410,-30.002520523290265,-105.38590833212135,0.043561077488296886,11.087262710092473,11.070219454738547,0.6145206477696874,-0.0020691500337071214,-0.00010149751267791218,-20.71908742262922,-104.99156182363754,-0.00015242041931939624,11.10978724158254,11.109772334261015,0.018199838426427035,-0.00023848879019138997,-1.9956321067154017e-06,9.29180495400127,L,0.5,0.0,0.0,0.5,66.38700612664519,60.82829881440589,10.5,-52.785714285714285,4.29180495400127
3420,-29.891762428743945,-105.38104491793113,0.04462731677722602,11.087346241314629,11.06973024141704,0.6247551976979971,-0.002518129104807236,-0.0001194319671989757,-20.60798972087933,-104.9915721285235,6.164315337918094e-06,11.109789396557714,11.10977215007596,0.019575731475548204,-0.00037185227855322247,-1.7416246109208983e-06,9.291938696794166,L,0.5,0.0,0.0,0.5,66.3156337254821,60.77136346650401,10.5,-52.785714285714285,4.2919386967941655
3430,-29.781009193671196,-105.37605501138385,0.04567954048184965,11.087411855811775,11.069182665771903,0.6355287343388331,-0.0019866287291521924,-8.73234834480873e-05,-20.496891991401036,-104.99156563571799,0.00016331919931837006,11.109791698513057,11.109771704027818,0.021077683280217467,-0.0004482474499643682,-1.5090601792282194e-06,9.29207534975307,L,0.5,0.0,0.0,0.5,66.24427250187478,60.714563560197526,10.5,-52.785714285714285,4.29207534975307
3440,-29.67025996644718,-105.37095223648339,0.046719113910493076,11.087501853970291,11.06871206819493,0.6452212900939925,-0.002499328139258239,-0.00011163306518409603,-20.385794241390887,-104.99154196606061,0.0003194627784043597,11.109793737312591,11.109770617044672,0.022665442437857827,-0.0004606918070207479,-1.2062242206354532e-06,9.292214803428049,L,0.5,0.0,0.0,0.5,66.1729328057247,60.65789915346186,10.5,-52.785714285714285,4.292214803428049
3450,-29.559515404602003,-105.36572884741918,0.04774368569685874,11.087581570456985,11.06819901851269,0.6553133358418077,-0.0023065798449803526,-9.921489510332294e-05,-20.274696476211954,-104.99150047238423,0.0004741017849015907,11.109795555425025,11.109769089922708,0.024249782259484425,-0.00043156745329666973,-8.448191651530693e-07,9.29235758081185,L,0.5,0.0,0.0,0.5,66.10160894986328,60.60137007173411,10.5,-52.785714285714285,4.292357580811849
3460,-29.448774789165917,-105.36039790741998,0.04875741270950347,11.087676391616721,11.067733117459069,0.6647190428403147,-0.0029270204444690594,-0.00013188725279939193,-20.163598696708956,-104.99144121152764,0.0006266183645051034,11.109797453745868,11.10976761150732,0.025750370116192803,-0.00042314650792174893,-5.361114458600584e-07,9.292503651405154,L,0.5,0.0,0.0,0.5,66.03031095699873,60.54497674361933,10.5,-52.785714285714285,4.292503651405154
3470,-29.338043191469172,-105.35486463103972,0.04969271178788984,11.08775108255677,11.067223115984184,0.6743860687796877,0.0010752710566114768,8.052465247744889e-05,-20.05250090421817,-104.99136249814757,0.0007751010719342338,11.1097995247978,11.109766313110146,0.027165221891328993,-0.0003512414713818908,-2.059791680401602e-07,9.292654592146622,L,0.5,0.0,0.0,0.5,65.95896643637461,60.48871809505133,10.5,-52.785714285714285,4.292654592146622
3480,-29.22731467721312,-105.34918144764316,0.05050847730625965,11.088076535638011,11.067563948120082,0.6741435414204263,-0.0014914805341056884,-9.705087454963359e-05,-19.94140308514818,-104.99126666327888,0.0009190993281601278,11.10980267545835,11.109766609843204,0.02830834566996061,-0.0004775097242530848,-3.4626035093881106e-07,9.292806739005849,L,0.5,0.0,0.0,0.5,65.88761349104615,60.43259650916142,10.5,-52.785714285714285,4.292806739005849
3490,-29.11658590940675,-105.34338813465249,0.051209699519109586,11.088537200379513,11.068229899033732,0.6707787610949643,-0.006131027545236766,-0.0004056654984742298,-19.83030525036684,-104.99114261830336,0.0010498990101411117,11.109806143455947,11.109767301411104,0.029377775071257863,-8.076131816596032e-05,2.013710623468476e-07,9.292958914266585,L,0.5,0.0,0.0,0.5,65.81628187256379,60.3766027859263,10.5,-52.785714285714285,4.292958914266585
3500,-29.005855344494204,-105.33751315278347,0.05181520343371756,11.08903388386177,11.06895248766944,0.667055697188015,-0.011249018827630764,-0.0007420751001628569,-19.71920732987551,-104.9909982492727,0.001162908399947682,11.109814365852772,11.109776122243606,0.02915059749786142,-0.000559609193858474,-1.366719573889984e-06,9.293110562442289,L,0.5,0.0,0.0,0.5,65.74499350266144,60.320744071685425,10.5,-52.785714285714285,4.293110562442289
3510,-28.895122802981412,-105.33157302251577,0.05234277865377826,11.089492202205948,11.069599733432394,0.6639269872357848,-0.015777374228543327,-0.0010341287666163976,-19.60810929750349,-104.99083895209918,0.0012593321008474265,11.109824793414644,11.109788076013125,0.02856302587864024,-0.0012680058592696101,-3.6142368431351792e-06,9.293262051490423,L,0.5,0.0,0.0,0.5,65.67376166361939,60.26502540365519,10.5,-52.785714285714285,4.293262051490423
3520,-28.78438921456819,-105.32556873617938,0.05279775583358867,11.089875053895037,11.070143158876999,0.661255739462607,-0.01896000388504936,-0.0012326768308292956,-19.497011152133695,-104.9906683327728,0.001341684363817011,11.109835475385733,11.109800334362541,0.027943169779047046,-0.001998466554458807,-5.856136851846913e-06,9.293414310940376,L,0.5,0.0,0.0,0.5,65.60258791875316,60.209450297413646,10.5,-52.785714285714285,4.293414310940376
3530,-28.673654389533567,-105.31951939256578,0.05318867764763554,11.090186083421235,11.070661906349294,0.6577783214857731,-0.02210838788145729,-0.0014112124129965742,-19.38591290166781,-104.99049256965111,0.0014151714023753943,11.109845090271515,11.1098113296634,0.0273888501553138,-0.002809996213195264,-7.982814963260758e-06,9.293567700061166,L,0.5,0.0,0.0,0.5,65.53148767756824,60.154024517409276,10.5,-52.785714285714285,4.293567700061166
3540,-28.562918857873207,-105.31343225857681,0.0535240662449262,11.090420040026128,11.071086656043311,0.6545662064244409,-0.0241336747673582,-0.0015102154614491873,-19.274814583073635,-104.990309039812,0.0014815884864396154,11.1098521805593,11.109818688344928,0.027279772359842264,-0.003122494154610349,-8.702234830739983e-06,9.293723130912337,L,0.5,0.0,0.0,0.5,65.46046734582157,60.09874621733786,10.5,-52.785714285714285,4.293723130912337
3550,-28.452182966175574,-105.30731450039089,0.05380968327623012,11.090590631401431,11.071450241944849,0.6512987743490215,-0.02530568704758302,-0.0015485881055495373,-19.163716216797862,-104.99011707271849,0.0015398167209741986,11.109857476034525,11.109824477165832,0.027078116020070993,-0.003289915906163125,-8.760667104171856e-06,9.293881253944303,L,0.5,0.0,0.0,0.5,65.38953316044346,60.043615232083496,10.5,-52.785714285714285,4.293881253944303
3560,-28.341446962820786,-105.30117171186546,0.05404927181924661,11.090713373752688,11.071773995988622,0.647876315732338,-0.025670350061239952,-0.0015331808132419272,-19.052617809128233,-104.98992029896866,0.0015908310802182372,11.109861597946065,11.109829637766415,0.02664855199911397,-0.003544278831875603,-8.7353004539892e-06,9.294042419126297,L,0.5,0.0,0.0,0.5,65.3186900576207,59.98863513072044,10.5,-52.785714285714285,4.294042419126297
3570,-28.23071092571268,-105.29500950006855,0.05424538478966387,11.090803016234036,11.072080594964769,0.6441605727693853,-0.025400425709788475,-0.0014776140110695224,-18.941519377192304,-104.98971690884319,0.0016340833821772561,11.109864554039858,11.10983342514435,0.026299708299001072,-0.0035071380464928776,-7.958853021740807e-06,9.294206969470793,L,0.5,0.0,0.0,0.5,65.24794290028863,59.93380476086296,10.5,-52.785714285714285,4.2942069694707925
3580,-28.119974186571802,-105.28884493049934,0.05440900699262996,11.090870682771035,11.072380321616969,0.6401613198400499,-0.02513234022359007,-0.0014205156208414373,-18.830420918878076,-104.98951130862771,0.0016710327346326583,11.109866983671509,11.109837220874898,0.025716153230848283,-0.00363665051353192,-7.433086491485942e-06,9.294374671299945,L,0.5,0.0,0.0,0.5,65.17730535757703,59.879128374485425,10.5,-52.785714285714285,4.294374671299945
3590,-28.00923752036723,-105.28266854659744,0.05454094842446577,11.090918980145997,11.072607934782695,0.63705364511162,-0.02327323338344004,-0.0012748440848057239,-18.719322449640526,-104.98929950901541,0.0017000639680168493,11.109868769578142,11.109840001610454,0.025282718682469004,-0.0033729962502890296,-6.105154904965577e-06,9.294546111216349,L,0.5,0.0,0.0,0.5,65.10677062387073,59.82460292039163,10.5,-52.785714285714285,4.2945461112163485
3600,-27.89850078744755,-105.27648471691387,0.05463844758797793,11.090957783800443,11.072870586786113,0.6331520594064248,-0.02141901519871796,-0.0011317239301328113,-18.60822395720634,-104.98908885232626,0.0017235401989653444,11.109870428146147,11.10984349823961,0.024461701071820774,-0.0035107794168799593,-5.5773864545315745e-06,9.294721080564962,L,0.5,0.0,0.0,0.5,65.03634248006654,59.7702352185841,10.5,-52.785714285714285,4.294721080564962
3610,-27.78776395750785,-105.27029538541699,0.05469892495573541,11.09099037208337,11.07315676348674,0.628702413621792,-0.019368111674344716,-0.0009810234015122173,-18.49712544996842,-104.98887859822453,0.001743932672452158,11.10987164305065,11.109845713206308,0.02400320421000407,-0.003328144193641272,-4.4510082102054895e-06,9.29489963829025,L,0.5,0.0,0.0,0.5,64.9660228279145,59.71602505693216,10.5,-52.785714285714285,4.29489963829025
3620,-27.677025404915256,-105.26413140820947,0.05474087388970191,11.091017981211367,11.073467974800378,0.6236881196754425,-0.01857567219758214,-0.0009031365153510547,-18.38602693489663,-104.98866725183751,0.001760997177798178,11.10987250456315,11.10984734182649,0.02364548496348852,-0.0029751635786052673,-3.043590401714421e-06,9.295081122364351,L,0.5,0.0,0.0,0.5,64.89583601780734,59.66197156034024,10.5,-52.785714285714285,4.295081122364351
3630,-27.566286040195703,-105.25797835806657,0.05477235670403689,11.091038628703512,11.073641729517442,0.6209643384957274,-0.015819552094377194,-0.0007201902840606857,-18.274928411937598,-104.98845590224516,0.0017746941026186827,11.109873171269484,11.109848993423736,0.023178115002345553,-0.0026661335827481134,-1.7915101236475039e-06,9.295265941885798,L,0.5,0.0,0.0,0.5,64.82577133958894,59.60807610881615,10.5,-52.785714285714285,4.295265941885798
3640,-27.455546010927822,-105.2518346476551,0.0547922436900551,11.091053613510777,11.073808750980442,0.6182475268688399,-0.013008789875039953,-0.0005387064545929792,-18.163829881911546,-104.98824513443607,0.0017855328548641775,11.109873684063825,11.109850460604866,0.022716048329849272,-0.0023344048227958063,-5.786793441425826e-07,9.295454160701363,L,0.5,0.0,0.0,0.5,64.75582799116478,59.5543396446549,10.5,-52.785714285714285,4.295454160701363
3650,-27.34480613607839,-105.24568613568289,0.05478870803621168,11.091064439677028,11.07398066864193,0.6153556334455451,-0.009622610101954367,-0.00033100777985639785,-18.052731343361376,-104.98803661041185,0.0017950580509136236,11.109874075541478,11.109851711144076,0.02229194423259253,-0.002040880754653516,4.807066536272527e-07,9.295646143830956,L,0.5,0.0,0.0,0.5,64.68599537749152,59.500764056084094,10.5,-52.785714285714285,4.295646143830956
3660,-27.234064902423327,-105.23956103153617,0.05477028926366733,11.091071559196312,11.074231602775585,0.6109523216256786,-0.008272202658987262,-0.00023938695819250523,-17.941632801256887,-104.98782853463005,0.0018033488198219718,11.109874336690138,11.109852471745679,0.022041621822193436,-0.0015869994515978103,1.7441189760563634e-06,9.295841199417465,L,0.5,0.0,0.0,0.5,64.61629587414049,59.44734820375411,10.5,-52.785714285714285,4.295841199417465
3670,-27.12332305550266,-105.23344625367011,0.0547402746040122,11.091077047440336,11.074390919796814,0.6081577326481328,-0.005670302825841749,-8.374455641089052e-05,-17.830534256721265,-104.98762062287905,0.001809722473219086,11.10987452745877,11.109853267108221,0.021734746421424707,-0.001168847118000652,2.8302004405138482e-06,9.296039689002557,L,0.5,0.0,0.0,0.5,64.54671971774594,59.39409226939477,10.5,-52.785714285714285,4.296039689002557
3680,-27.01258034960446,-105.22734682693796,0.05470005198918094,11.09107971017129,11.07456074253835,0.6051061867157446,-0.003726271201531506,3.1317716167723186e-05,-17.719435702528045,-104.98741708333571,0.001816894735435221,11.109874674482944,11.1098540972662,0.021382707379918788,-0.000984842432027184,3.407629320834964e-06,9.296241375596377,L,0.5,0.0,0.0,0.5,64.4772712517695,59.341000382031915,10.5,-52.785714285714285,4.296241375596377
3690,-26.901837461070983,-105.22125078625116,0.05464313048637303,11.091080299204478,11.074710762239935,0.6023651186188124,-0.0013284229464310773,0.00016622744909715814,-17.608337146843358,-104.98721425548678,0.0018253459005472853,11.109874707806094,11.109854042689133,0.02142832922780275,-0.0004939781127873612,4.471165772121033e-06,9.296446696898832,L,0.5,0.0,0.0,0.5,64.4079415411136,59.288069763273384,10.5,-52.785714285714285,4.2964466968988315
3700,-26.791093609941758,-105.21517319077856,0.05457271984198665,11.091077036526109,11.07490765029425,0.5986738407602644,-0.00033090824128316184,0.0002211146991608531,-17.49723859205625,-104.98701099640195,0.0018337637058922387,11.109874692819142,11.109854038146846,0.021422913327107173,-5.1856600240875964e-05,5.335318661597341e-06,9.296655263072758,L,0.5,0.0,0.0,0.5,64.3387427892655,59.235299839350645,10.5,-52.785714285714285,4.296655263072758
3710,-26.6803490676226,-105.20910927686899,0.054491476917274004,11.091072433382152,11.075059746597017,0.5957678506229782,0.0010180733293218822,0.00029136975253964885,-17.38614004283471,-104.98680474414762,0.0018393335247932192,11.109874663784831,11.10985423083689,0.021307617505781785,0.0004003275258982126,6.095553804139608e-06,9.296867252021894,L,0.5,0.0,0.0,0.5,64.26967169037732,59.18268878260035,10.5,-52.785714285714285,4.296867252021894
3720,-26.569603845612903,-105.20305923868979,0.054399488600995756,11.091065655299078,11.075207616468905,0.5928858425227725,0.002045393749344997,0.00034071239610030117,-17.275041492659117,-104.98659876167424,0.001841899063609231,11.109874667371116,11.109855046055301,0.020880142097894322,0.0005086422133169031,6.130580149896398e-06,9.297082578478886,L,0.5,0.0,0.0,0.5,64.20072882132963,59.13023989458738,10.5,-52.785714285714285,4.297082578478886
3730,-26.458859136461907,-105.19700150064372,0.05428027528360961,11.091056964322938,11.075355345738007,0.5899563979557306,0.003779323980365147,0.00042435118140895817,-17.163942942577258,-104.98639262486417,0.0018417985430200057,11.109874656632693,11.10985567487942,0.020537026049342252,0.0006361649491643668,6.136721582310157e-06,9.2973019285111,L,0.5,0.0,0.0,0.5,64.13189765003574,59.077953232974835,10.5,-52.785714285714285,4.2973019285111
3740,-26.34811458576293,-105.1909448060671,0.054121412728991306,11.091038783108555,11.075615509805981,0.584707078256527,0.0038769207662060164,0.000418131224640907,-17.052844392636324,-104.98618651492598,0.0018389774097646448,11.10987461256029,11.109856292818247,0.02017572151031309,0.000693607141404167,5.958117597658196e-06,9.297525150330003,L,0.5,0.0,0.0,0.5,64.06318548446394,59.02582938915413,10.5,-52.785714285714285,4.297525150330003
3750,-26.237369818173914,-105.18489845522386,0.05392079418353452,11.091009894329417,11.075920671160361,0.578343982657096,0.0030821111453062755,0.0003638088707156238,-16.941745841988457,-104.98598119788255,0.0018338269229058563,11.109874517692738,11.109856880246706,0.019796446988359234,0.0006722038243877188,5.595610329643537e-06,9.297752049925945,L,0.5,0.0,0.0,0.5,63.994600106473506,58.97386947248671,10.5,-52.785714285714285,4.297752049925945
3760,-26.12662398555083,-105.1788804777816,0.05368853235516745,11.090970220802872,11.076231985030482,0.5715815361991545,0.0013470236257571424,0.0002598341427915712,-16.83064728976433,-104.98577744936415,0.0018272613406894401,11.109874369048015,11.109857321824443,0.01946239280922725,0.0006087924050046881,5.128627971996883e-06,9.297982120233922,L,0.5,0.0,0.0,0.5,63.92615621331,58.92207460338221,10.5,-52.785714285714285,4.297982120233922
3770,-26.015877003799975,-105.17289267061551,0.05343378123727418,11.090928135130323,11.076487790552207,0.5657783350158228,7.718289229675934e-05,0.0001797624239959793,-16.719548733439478,-104.98557683537251,0.0018212469181365027,11.109874181237853,11.10985753571385,0.019231720609915515,0.0004958621812058509,4.552711663725196e-06,9.298215233712144,L,0.5,0.0,0.0,0.5,63.85785568344829,58.870446604856824,10.5,-52.785714285714285,4.298215233712144
3780,-25.905128908841295,-105.16693445874549,0.05315976081022148,11.090885050511554,11.076717220607254,0.5604166471147992,-0.0008634553202769865,0.00011607136793211129,-16.608450174559906,-104.98537840337917,0.0018169814819960796,11.109873991967133,11.109857333350831,0.01923928217100104,0.0005067452702434089,4.1766884967488575e-06,9.298451381261291,L,0.5,0.0,0.0,0.5,63.78969852323275,58.81898507168947,10.5,-52.785714285714285,4.298451381261291
3790,-25.794379682299095,-105.16100645738567,0.05286709007218933,11.090841010342983,11.076942929623542,0.5550582406998298,-0.0016514446194387344,5.9592580274423314e-05,-16.497351612149757,-104.98518262060196,0.0018156863609071316,11.109873807606865,11.109856940438593,0.01935933721757437,0.0005095823141650908,3.7708837189935944e-06,9.298690496985373,L,0.5,0.0,0.0,0.5,63.72168568541503,58.767690855732845,10.5,-52.785714285714285,4.2986904969853725
3800,-25.683629338276155,-105.15510871886852,0.052554808000325526,11.090796156250097,11.077172436205805,0.5495545451129256,-0.0022847194213067015,1.0653151240364763e-05,-16.386253048650115,-104.98498808286816,0.0018177897463878285,11.109873625827797,11.109856223167222,0.019664242081370888,0.0006234723613193993,3.556547119542893e-06,9.298932567864638,L,0.5,0.0,0.0,0.5,63.65381768114969,58.7165631482828,10.5,-52.785714285714285,4.298932567864638
3810,-25.572877819374607,-105.14924299723984,0.05222176175112489,11.090749300641653,11.077413217076959,0.5437246249821718,-0.00290423812355072,-3.7539104880071554e-05,-16.275154491005843,-104.98479107158752,0.0018209094793623375,11.10987343188525,11.109855397973789,0.020017707721252137,0.0008805988144195592,3.592870013217471e-06,9.29917757259982,L,0.5,0.0,0.0,0.5,63.58609638351996,58.6655990791428,10.5,-52.785714285714285,4.29917757259982
3820,-25.462124499714633,-105.1434221236892,0.051875339556953996,11.09069980495886,11.07766192268109,0.5376137000635184,-0.0039763269616219675,-0.00010850412002002521,-16.164055944075702,-104.98458890085126,0.0018206724217649487,11.1098732529486,11.1098551110016,0.020077577899062442,0.0010874743504822946,3.529199498016684e-06,9.299425082124085,L,0.5,0.0,0.0,0.5,63.5185324813138,58.61479668544104,10.5,-52.785714285714285,4.299425082124085
3830,-25.35136935142312,-105.13764467764314,0.05152146304489242,11.090658802381713,11.077875417902932,0.5323428371537305,-0.0043589741236625575,-0.0001456463341324841,-16.052957409403827,-104.98438083003634,0.0018126231018337127,11.109873067529879,11.109855684723755,0.019653021066894132,0.0011003403282757074,3.130264757935781e-06,9.299674964775393,L,0.5,0.0,0.0,0.5,63.45112528658199,58.56415572849096,10.5,-52.785714285714285,4.299674964775393
3840,-25.240612390231764,-105.13190901499844,0.05116133803296947,11.090624985234799,11.07808006296868,0.5273563136724438,-0.0043794395318818855,-0.0001652761943600853,-15.941858876390878,-104.98417384390308,0.0017980339392948104,11.109872726462946,11.109856910716667,0.01874624245835386,0.0006010419610904689,1.8754811512419325e-06,9.299927020786066,L,0.5,0.0,0.0,0.5,63.38387394807077,58.513682853558635,10.5,-52.785714285714285,4.2999270207860665
3850,-25.12985361836678,-105.12621442792876,0.05079431919259952,11.090596008309987,11.078288785667514,0.5223383969179708,-0.00421446387253102,-0.00017572027555866568,-15.830760341357815,-104.98397022302997,0.0017805105768050299,11.10987234966522,11.109857647341148,0.018074337366031697,0.0001490752521218562,7.387928520864481e-07,9.30018113739408,L,0.5,0.0,0.0,0.5,63.3167783766941,58.46338053047851,10.5,-52.785714285714285,4.30018113739408
3860,-25.019093016647595,-105.12056115220794,0.05041950373099358,11.090569667386818,11.07850478460737,0.5171723934938589,-0.003974291786638272,-0.00018186246838838838,-15.719661802292048,-104.98377080729861,0.0017630144919922209,11.109871996598653,11.109857910675231,0.01769139378083729,-0.00019124782966867986,-1.8190559424579432e-07,9.300437221388611,L,0.5,0.0,0.0,0.5,63.24983925089932,58.413249949451405,10.5,-52.785714285714285,4.300437221388611
3870,-24.908330553207236,-105.11495001316655,0.05003630265667478,11.090544394282059,11.078726872772211,0.5118455236260605,-0.003714270790388073,-0.00018592502216880244,-15.608563262136695,-104.9835732241106,0.0017457972916095962,11.109871734901995,11.109857867108117,0.017553877923121367,-0.0002869093485702552,-6.641642653466294e-07,9.300695217496816,L,0.5,0.0,0.0,0.5,63.18305773215202,58.363289432362485,10.5,-52.785714285714285,4.300695217496816
3880,-24.79756619278133,-105.10938208342263,0.04964449322364238,11.09051932647391,11.078952817708494,0.5063826555879587,-0.003455985299635277,-0.00018860945341699355,-15.49746471948437,-104.98337824014524,0.0017290207932095043,11.109871497038716,11.109857928098439,0.017363702990201704,-0.000412775915315277,-1.1672840892997957e-06,9.300955025272454,L,0.5,0.0,0.0,0.5,63.1164351887741,58.31350010195354,10.5,-52.785714285714285,4.300955025272454
3890,-24.686799901845482,-105.10385846956027,0.049244094753918215,11.090494153494063,11.079180816759806,0.5008123383339698,-0.0032053275916842493,-0.00018999651568581802,-15.386366170981708,-104.98318737930815,0.0017143777507945945,11.109871330413963,11.109857953051598,0.01724068937924959,-0.0005385989809702849,-1.6509398787522218e-06,9.301216538400302,L,0.5,0.0,0.0,0.5,63.049973022787334,58.2638837608222,10.5,-52.785714285714285,4.301216538400302
3900,-24.576031650128243,-105.09838021875183,0.04883523633122717,11.090468901299873,11.079409827860253,0.4951548414518971,-0.002963389153359409,-0.000190046835185299,-15.275267616787215,-104.98299958330045,0.001702903373395744,11.10987130812202,11.109857774694138,0.017340965979754777,-0.0004963237381277158,-1.8415934464072768e-06,9.301479683089527,L,0.5,0.0,0.0,0.5,62.98367259331886,58.214439902438336,10.5,-52.785714285714285,4.301479683089527
3910,-24.46526190477676,-105.09293811949111,0.04841024171489401,11.090443820909988,11.079641293612822,0.4893801688157333,-0.0022834375783620693,-0.00016757310069086734,-15.164169057825475,-104.98281378271106,0.0016945543952275577,11.1098713805249,11.109857544398345,0.017533823925221632,-0.0003665687935125931,-1.861174430289312e-06,9.301744756612042,L,0.5,0.0,0.0,0.5,62.917527011687795,58.16516800739105,10.5,-52.785714285714285,4.301744756612042
3920,-24.35449062662719,-105.08753697653742,0.04796320741525858,11.090405707939082,11.079908099881258,0.4824264346752111,-0.0022670238278534177,-0.00017224394121873748,-15.053070496195257,-104.98262859940073,0.0016884083580566683,11.10987149174236,11.109857330265665,0.017738775941044407,-0.00017607695599678212,-1.7436780523293621e-06,9.302011729212012,L,0.5,0.0,0.0,0.5,62.85154074184614,58.11606727621759,10.5,-52.785714285714285,4.302011729212012
3930,-24.243717728027544,-105.0821818238017,0.047492973937405356,11.090356330234728,11.08018587022562,0.4748522010373598,-0.0025834402761529904,-0.00018857488146623326,-14.941971934182783,-104.98244287969241,0.0016829316726210833,11.109871588575253,11.109857232866679,0.017860009841677797,1.61530588127023e-05,-1.5793926355403822e-06,9.30228050911607,L,0.5,0.0,0.0,0.5,62.78571842805565,58.067137107086296,10.5,-52.785714285714285,4.30228050911607
3940,-24.132942612386387,-105.07688763980443,0.04700859098784113,11.09029872160245,11.080461288357245,0.4670153868914972,-0.0035296203447370113,-0.00023067159476496737,-14.830873371734684,-104.98225703635691,0.0016772362547798807,11.109871639388167,11.109857324619652,0.017834524848648226,0.00011092542347044182,-1.5283825131396019e-06,9.302550570084925,L,0.5,0.0,0.0,0.5,62.72007274182927,58.01837830286642,10.5,-52.785714285714285,4.302550570084925
3950,-24.02216526936466,-105.07165176910941,0.04651617808463792,11.090252224737558,11.080701408480069,0.46016377997857777,-0.003744913033026419,-0.00023989027793755907,-14.71977480907766,-104.9820712045368,0.0016709301834644706,11.109871653634766,11.109857475896966,0.01774895753536559,0.0001630432179704647,-1.5033431145840097e-06,9.3028217736979,L,0.5,0.0,0.0,0.5,62.65460201296335,57.96979141775222,10.5,-52.785714285714285,4.3028217736979
3960,-23.911385689304307,-105.06647289985258,0.04601668044110361,11.090214207565145,11.08093644426983,0.45354017212648284,-0.003704222752273788,-0.00023777841084386586,-14.60867624400369,-104.98188690267666,0.0016648185616385607,11.109871642256058,11.109857660629668,0.017625775262246398,0.0001171142699981935,-1.5991181108854877e-06,9.30309399149571,L,0.5,0.0,0.0,0.5,62.58930568657759,57.92137825178134,10.5,-52.785714285714285,4.303093991495709
3970,-23.80060389675589,-105.06134978790806,0.045508862517698014,11.090182256323377,11.081175684403343,0.4468645542644489,-0.0035006613413766123,-0.00022835595274876155,-14.497577676246724,-104.98170418697359,0.0016598699598290947,11.109871643810251,11.109857673434854,0.017618682123655752,0.00011036714595283689,-1.599873529163148e-06,9.303367147502527,L,0.5,0.0,0.0,0.5,62.52418328007466,57.87313929149128,10.5,-52.785714285714285,4.303367147502527
3980,-23.689819807285698,-105.0562846139396,0.044992621290816874,11.090152579821282,11.081422066312921,0.439965034917225,-0.0033728202874284477,-0.0002215728440889019,-14.38647911012128,-104.98152032108823,0.001654720064841752,11.109871666226956,11.10985757625142,0.01769393798645061,0.00024690493039696557,-1.3418905209591023e-06,9.303641105878992,L,0.5,0.0,0.0,0.5,62.459237114238064,57.82507250476113,10.5,-52.785714285714285,4.303641105878992
3990,-23.57903339747612,-105.05127788558298,0.04446817447067915,11.090125797592012,11.081668226466169,0.4330352467710043,-0.003168418544375716,-0.000210933105947245,-14.275380543269732,-104.98133689886163,0.0016489060074281112,11.109871676823637,11.109857787600912,0.017567434970194185,0.00020683426820435597,-1.3447011538060614e-06,9.303915744094324,L,0.5,0.0,0.0,0.5,62.39446814997474,57.77717976016073,10.5,-52.785714285714285,4.303915744094324
4000,-23.468244656011173,-105.04633024868424,0.04393543756175272,11.090100467671597,11.08191448649786,0.42602781247076443,-0.002943453718756072,-0.00019868959317666083,-14.164281978769944,-104.98115200838284,0.0016411005243262982,11.109871695058409,11.109857990636952,0.017450173072713106,0.00026475443266167945,-1.1670310331175362e-06,9.304190975173853,L,0.5,0.0,0.0,0.5,62.329877473324636,57.729459763531885,10.5,-52.785714285714285,4.304190975173853
4010,-23.35745357851437,-105.04144248910876,0.04339426924273645,11.090075505251315,11.08216033241343,0.4189237148425445,-0.0027214134383190423,-0.00018574877404344318,-14.05318341223077,-104.98096868093803,0.0016319166737413474,11.109871672278626,11.10985846271338,0.017132220374907116,9.34570721475629e-05,-1.3328654736196522e-06,9.304466691254783,L,0.5,0.0,0.0,0.5,62.26546629463472,57.681915684699376,10.5,-52.785714285714285,4.304466691254783
4020,-23.2466601642235,-105.0366154768484,0.04284457406894475,11.090050314900488,11.08240502890862,0.4117217048509509,-0.002514496083298241,-0.00017262514761737463,-13.942084848431918,-104.98078378411478,0.0016200374508228087,11.109871672347472,11.10985876492851,0.016935151902561466,0.00013752520216903162,-1.1391715911597483e-06,9.304742822085492,L,0.5,0.0,0.0,0.5,62.20123590030386,57.634545124263816,10.5,-52.785714285714285,4.304742822085492
4030,-23.135864414791158,-105.0318501136578,0.042286315164231696,11.090024620737662,11.082647928102952,0.40442674278893337,-0.0023281749020272525,-0.000159610379259076,-13.830986283465421,-104.98060044368809,0.0016056621971034934,11.109871585032536,11.109859367041956,0.016476664209233535,-7.143402860079002e-05,-1.3172700693536882e-06,9.305019267443564,L,0.5,0.0,0.0,0.5,62.137187608405135,57.587351341853086,10.5,-52.785714285714285,4.305019267443564
4040,-23.025066333459687,-105.02714730190552,0.041719495479278244,11.089998362767094,11.082888596530497,0.3970441323972853,-0.0021644865137267566,-0.00014689687737901328,-13.719887717621855,-104.98041842980355,0.0015893460272714505,11.109871498821834,11.109859826626936,0.016104441456423313,-0.00019318565796850302,-1.3482266014717905e-06,9.305295946939763,L,0.5,0.0,0.0,0.5,62.07332274212544,57.54033456405358,10.5,-52.785714285714285,4.305295946939763
4050,-22.9142659246586,-105.02250793214964,0.041144136401068614,11.089971583301287,11.083126774197098,0.38957749614871445,-0.002023944164321627,-0.00013463330185187338,-13.608789147897195,-104.9802397889826,0.0015726040930709579,11.109871392679851,11.109860255028945,0.01573135767635578,-0.00038764167449703265,-1.4839012476018697e-06,9.30557277327799,L,0.5,0.0,0.0,0.5,62.00964261906425,57.4934970817491,10.5,-52.785714285714285,4.305572773277991
4060,-22.803463193904598,-105.01793288212792,0.04056026356779555,11.089944349159012,11.083362295528294,0.3820286553462639,-0.0019064193034113875,-0.00012294292327588182,-13.49769057510366,-104.98006336616368,0.0015560434650559436,11.109871363680313,11.109860500283533,0.015536465607341279,-0.00042156254640427876,-1.385615503462367e-06,9.305849672816805,L,0.5,0.0,0.0,0.5,61.94614855026337,57.44683828436712,10.5,-52.785714285714285,4.305849672816805
4070,-22.69265814789306,-105.01342302062962,0.03996790023923742,11.089916710440267,11.08359502463109,0.37439814966852386,-0.0018114291747993029,-0.00011192507407824302,-13.386591999429125,-104.97988883920958,0.0015394715759305747,11.109871368755938,11.109860770473599,0.015345715842365652,-0.0004245362830084314,-1.2464972748437013e-06,9.306126568068471,L,0.5,0.0,0.0,0.5,61.88284184345482,57.400358314804336,10.5,-52.785714285714285,4.306126568068471
4080,-22.581850824532225,-105.00897845778582,0.03936648548271895,11.089888694371828,11.083824927620396,0.3666827340041992,-0.0017049804924937394,-0.00010039626262236639,-13.275493422517371,-104.97971506239244,0.0015218443960743496,11.10987139093646,11.109861091299548,0.015127960102381363,-0.0003658670522297832,-1.0202407864838247e-06,9.306403410574173,L,0.5,0.0,0.0,0.5,61.81972318574852,57.354056565861555,10.5,-52.785714285714285,4.306403410574173
4090,-22.471041240424036,-105.00460034748647,0.03875558697454567,11.089858892922642,11.084052998116706,0.3588027311427046,-0.00166743081381256,-9.122320319369226e-05,-13.164394839463379,-104.97954578716231,0.0015049339093412782,11.109871357946602,11.109861519198505,0.014785613094131901,-0.0005144062125680473,-1.0955351513135253e-06,9.306680125775625,L,0.5,0.0,0.0,0.5,61.756794136435616,57.30793688416613,10.5,-52.785714285714285,4.306680125775625
4100,-22.360229408469912,-105.00028986683719,0.03813512346462223,11.089827488378152,11.084277784143802,0.35079869715239814,-0.001672574178572822,-8.352044554791086e-05,-13.053296250687035,-104.97937960948097,0.001490000265412811,11.109871453098194,11.109861693418067,0.014726081897036425,-0.0004526077842233945,-8.932636873161884e-07,9.30695664770719,L,0.5,0.0,0.0,0.5,61.69405627687377,57.26199843004078,10.5,-52.785714285714285,4.3069566477071906
4110,-22.249415312731774,-104.99604888405739,0.037505729727092624,11.089794792179072,11.084498541561393,0.34269609680506413,-0.0017381140130929547,-7.803768063033838e-05,-12.942197654464719,-104.97921723721413,0.001478178191923363,11.109871613426668,11.109861829922526,0.014744044701822558,-0.00040183205315632957,-7.235736593446692e-07,9.307232877858677,L,0.5,0.0,0.0,0.5,61.631511763031845,57.216242285029644,10.5,-52.785714285714285,4.307232877858677
4120,-22.13859895819512,-104.99187816010566,0.03686792507260472,11.08976255579334,11.084714194253468,0.33458149319968,-0.0017719867529893238,-7.186603263969487e-05,-12.83109905654757,-104.97905416365072,0.0014674128144821033,11.109871850928435,11.109861833110235,0.014919559393194195,-8.511291332673828e-05,-1.9605572406025985e-07,9.307508736179315,L,0.5,0.0,0.0,0.5,61.56916182987797,57.17066477486705,10.5,-52.785714285714285,4.307508736179315
4130,-22.027780356722577,-104.9877783989794,0.0362218492166181,11.089730748150329,11.084925912091494,0.32641321957512853,-0.0017925079763937315,-6.573574970877815e-05,-12.720000455699164,-104.97889205566312,0.0014565468853990752,11.109872010766214,11.109862151108459,0.014801316638820016,1.3186195408991768e-06,7.6645907351336e-09,9.30778414301669,L,0.5,0.0,0.0,0.5,61.507007670838846,57.12526784959657,10.5,-52.785714285714285,4.30778414301669
4140,-21.91695952420754,-104.98375036198985,0.035567474514262544,11.08969908474114,11.08513405061572,0.31816484719151245,-0.001809604450580332,-6.000179193822578e-05,-12.608901851285507,-104.97873167120886,0.0014460082619095196,11.109872127151576,11.109862445845817,0.014666834841997822,4.7129755677452487e-05,1.538561307372907e-07,9.308059025903301,L,0.5,0.0,0.0,0.5,61.44505053309237,57.08005263290221,10.5,-52.785714285714285,4.308059025903301
4150,-21.806136162501218,-104.9798039099524,0.034911672521182525,11.08966713268579,11.085337308665995,0.30986104445255136,-0.0022264081769483267,-6.806549238646577e-05,-12.497803243257371,-104.97857313035416,0.0014363805950774742,11.10987222545372,11.10986263794536,0.014595612141434637,9.730022151706848e-05,3.015099016539623e-07,9.308333000612791,L,0.5,0.0,0.0,0.5,61.38329923890593,57.03501966679842,10.5,-52.785714285714285,4.308333000612791
4160,-21.69531017348997,-104.97593647284515,0.0342597491957746,11.089652855348023,11.085527845091553,0.3024447847597738,-0.002070439744707651,-6.097509891691629e-05,-12.386704638029421,-104.97841196744983,0.001424722623947544,11.109872316803571,11.109862763811334,0.014569315589731794,0.00034893450430945896,7.162699025002757e-07,9.308605864622278,L,0.5,0.0,0.0,0.5,61.32175216926954,56.990165296175796,10.5,-52.785714285714285,4.308605864622278
4170,-21.584481546401534,-104.97214491872396,0.033612540251913306,11.089652981158794,11.085717376116927,0.29542088515094667,-0.0016221090177211712,-4.754949717772139e-05,-12.275606038207526,-104.97824769623813,0.0014072105089530365,11.109872261483343,11.109863296145871,0.014114086147783861,0.00041649868859972526,8.91296811092322e-07,9.308877508644512,L,0.5,0.0,0.0,0.5,61.26040726533991,56.94548949843423,10.5,-52.785714285714285,4.308877508644512
4180,-21.473650602984907,-104.96841839596564,0.03296237848953321,11.089661850509023,11.085910096951315,0.2884393886904032,-0.0006846554741355702,-2.0830391852499632e-05,-12.16450744589073,-104.97808117419734,0.00138120404668331,11.109871933117846,11.109864032039278,0.013249901117962025,0.00029170225731510956,8.561541871592633e-07,9.309148172016412,L,0.5,0.0,0.0,0.5,61.199256050542,56.900993481545285,10.5,-52.785714285714285,4.309148172016412
4190,-21.362817508586204,-104.96475937995928,0.032303139224118,11.089657084423862,11.086109715704591,0.2804739229814659,-0.0003225590355142253,-9.803847157728795e-06,-12.053408859616487,-104.9779170810845,0.0013476508078934786,11.109871188862517,11.109864631136492,0.012071078653138395,-0.00013744127250218572,5.002722328155603e-07,9.309417947359064,L,0.5,0.0,0.0,0.5,61.13830130558683,56.85668196282718,10.5,-52.785714285714285,4.309417947359064
4200,-21.25198235801586,-104.9611714209899,0.03163356300141609,11.0896387386922,11.086301923174634,0.2720239381325483,-0.0002986786193573184,-6.756994607021632e-06,-11.942310275787188,-104.97775956952077,0.001310547511055012,11.109870254774748,11.109864806495128,0.011002696473792286,-0.0006397199889900964,7.559446343672658e-08,9.30968686075421,L,0.5,0.0,0.0,0.5,61.07754670039337,56.81255918739808,10.5,-52.785714285714285,4.30968686075421
4210,-21.141145219309696,-104.95765695332435,0.030954332488264586,11.0896109901388,11.086481607034338,0.26343403253294256,-0.0004253124219690313,-6.606956233554403e-06,-11.831211691938073,-104.97760836630808,0.0012727816627505913,11.109869510878703,11.109864724688748,0.010312510305477739,-0.0009055624268129187,-1.1037273657294682e-07,9.309954905527647,L,0.5,0.0,0.0,0.5,61.016994948144045,56.76862534314243,10.5,-52.785714285714285,4.309954905527647
4220,-21.030306142822376,-104.95421757530764,0.030266402033294705,11.089577777739397,11.08664986057456,0.25481396655897814,-0.0006118270644973787,-7.419866109186979e-06,-11.720113109811972,-104.97745989146972,0.0012332023016918855,11.10986899658444,11.10986467214461,0.009802443638160081,-0.0008854649382996357,-1.1897631557816833e-08,9.310222044461455,L,0.5,0.0,0.0,0.5,60.95664804544632,56.72487757579323,10.5,-52.785714285714285,4.3102220444614545
4230,-20.919465166586054,-104.95085433498357,0.029570460284329733,11.08954215724733,11.086809320654412,0.24617949714833284,-0.0008098367866402755,-8.451019641265395e-06,-11.609014530675266,-104.97731489223304,0.0011904643063532087,11.109868352907998,11.109864665145269,0.009052132527046803,-0.0009548215930584895,-4.415201644795696e-09,9.310488236651263,L,0.5,0.0,0.0,0.5,60.896507516557904,56.681317004706045,10.5,-52.785714285714285,4.310488236651263
4240,-20.80862232015327,-104.94756802678364,0.02886686456450379,11.089506067313161,11.086962310039224,0.2375111634115683,-0.0010005839703418453,-9.610854428647735e-06,-11.497915952783014,-104.97717629250278,0.001145909783445912,11.109867591275679,11.109864569284396,0.008194378372793451,-0.0011328903536821692,-1.132227952746467e-07,9.31075344474269,L,0.5,0.0,0.0,0.5,60.836574667634856,56.63794675543731,10.5,-52.785714285714285,4.310753444742691
4250,-20.69777762936189,-104.9443593837484,0.02815574146740764,11.089470402243778,11.087110143718977,0.22878475317325217,-0.0011796405264251912,-1.0983317578880399e-05,-11.386817369215592,-104.9770479425654,0.0011039720644956702,11.109867039585898,11.109864487811935,0.007529922468979401,-0.0013440341887226944,-3.1733829875961187e-07,9.311017640832883,L,0.5,0.0,0.0,0.5,60.77685075317569,56.59477081351384,10.5,-52.785714285714285,4.311017640832883
4260,-20.586931120249073,-104.94122916579175,0.027437101908662543,11.089435361423854,11.08725323459611,0.21998260643945944,-0.0013472249487900593,-1.261470545179698e-05,-11.275718775199543,-104.97692623891592,0.0010661304933771056,11.109867194383543,11.109864745819321,0.0073760721706556545,-0.001138969293555817,-2.503159960560378e-07,9.31128077203305,L,0.5,0.0,0.0,0.5,60.71733705360515,56.55178629646101,10.5,-52.785714285714285,4.311280772033051
4270,-20.476082587808982,-104.93818686051021,0.02671758757146214,11.08940066753171,11.087390645590729,0.21112990579249274,-0.0018855553923937704,-2.4005091494563145e-05,-11.164620173311082,-104.97680593664991,0.0010287910223629,11.109867673447738,11.109865303650297,0.007256463762462741,-0.0006930328551734971,-2.9423518974737363e-08,9.311542500018401,L,0.5,0.0,0.0,0.5,60.65804223803802,56.50898879797974,10.5,-52.785714285714285,4.311542500018401
4280,-20.365231900170954,-104.93522999303829,0.026002322287054742,11.08938523742612,11.08752461941434,0.20313236552853872,-0.0018566841229188111,-2.5324683340256528e-05,-11.053521565719981,-104.97668968942894,0.0009904231421868218,11.10986784863121,11.109865825805404,0.006704226330012901,-0.0005595914317329591,-4.863016354550641e-08,9.311802632097926,L,0.5,0.0,0.0,0.5,60.598964749901164,56.466381196913126,10.5,-52.785714285714285,4.311802632097926
4290,-20.254379004659427,-104.93235587917758,0.025292375148735082,11.089385500949533,11.087661847429835,0.1955135435680776,-0.0015438120718034001,-2.2975672316171132e-05,-10.942422954328864,-104.97657692822452,0.0009504161809061425,11.109867911726516,11.109866222664492,0.006126214908849586,-0.0003914461192160468,-2.1612626300083077e-08,9.312061049223571,L,0.5,0.0,0.0,0.5,60.540102885932995,56.42396339784808,10.5,-52.785714285714285,4.312061049223571
4300,-20.143524117224406,-104.92955395087053,0.024580574651455578,11.089396065211833,11.08780285167642,0.18797077829259284,-0.0007214916476128596,-1.0994397417336619e-05,-10.831324340377517,-104.97646923826564,0.0009091425129485864,11.109867756606752,11.109866419627274,0.005450442973688657,-0.0003479401577018481,-5.611911999991376e-08,9.312317956776315,L,0.5,0.0,0.0,0.5,60.48144827423063,56.381737297033034,10.5,-52.785714285714285,4.312317956776315
4310,-20.032667440994253,-104.92682644620852,0.023861071028328695,11.089393117089372,11.087940299100469,0.17949826999986376,-0.0004246713277314773,-8.320998527311329e-06,-10.720225723712666,-104.97636721828549,0.0008675586486317961,11.1098675576967,11.109866503882358,0.004838953859117786,-0.00030536635583330776,-7.965055235292437e-08,9.312573491031596,L,0.5,0.0,0.0,0.5,60.4230035532461,56.33970388006507,10.5,-52.785714285714285,4.312573491031596
4320,-19.921809126403915,-104.92417633432085,0.023132374897830738,11.089376487444001,11.088064690043712,0.1705646788807224,-0.000417448447250775,-9.27762454226511e-06,-10.609127101714682,-104.97627317958357,0.0008281471828907409,11.109867412167212,11.109866570025666,0.004325755556061605,-0.0003369817223128367,-1.5937185861951214e-07,9.312827743186077,L,0.5,0.0,0.0,0.5,60.364771972710535,56.29786572020989,10.5,-52.785714285714285,4.312827743186077
4330,-19.81094928359106,-104.92160600267097,0.022394915613323612,11.089349647636501,11.088174119555854,0.16146300488826817,-0.0005602227844640813,-1.128782496548474e-05,-10.498028468957004,-104.97618818793774,0.0007943000525883572,11.109867629564215,11.10986685883952,0.004138272355503857,-0.0002920583349813791,-2.3468210510654538e-07,9.313080763882205,L,0.5,0.0,0.0,0.5,60.306756268221406,56.25622423982786,10.5,-52.785714285714285,4.313080763882205
4340,-19.70008799276418,-104.91911706024116,0.021649552117056017,11.089316747615573,11.088270620987057,0.15231731583292382,-0.0007580652129315121,-1.3143987893911197e-05,-10.386929824033746,-104.97610650658736,0.0007648794928513059,11.109868338753225,11.109867491752784,0.004338216920187844,0.00013962147033449838,-1.349985897595097e-07,9.313332533136848,L,0.5,0.0,0.0,0.5,60.248958494083084,56.21477454942498,10.5,-52.785714285714285,4.3133325331368475
4350,-19.589225312910518,-104.91671056035942,0.020896962110831047,11.089281193691958,11.088357143499591,0.1431546400636257,-0.0009605279857694463,-1.4552303477898331e-05,-10.275831169878241,-104.97602605685599,0.0007366105795594141,11.109869037233508,11.10986819433394,0.004327702269194486,0.0005068726057219539,-8.178691129059875e-08,9.31358302650449,L,0.5,0.0,0.0,0.5,60.19138021775344,56.17351514342196,10.5,-52.785714285714285,4.3135830265044905
4360,-19.478361113248546,-104.91439595645079,0.020144189392805573,11.089245065766427,11.088435463034028,0.1339966818783949,-0.0015292904870048093,-2.261424806164972e-05,-10.164732510069411,-104.97594695911546,0.0007072952276483708,11.109869483796711,11.109868750440407,0.004036704735670487,0.0007075844863776851,-8.619250830642808e-08,9.313831987097767,L,0.5,0.0,0.0,0.5,60.13403019726279,56.13244655470196,10.5,-52.785714285714285,4.3138319870977675
4370,-19.36749523604812,-104.91217061267291,0.019396532209636587,11.089229518420202,11.08851670925349,0.12573186075180365,-0.0015223319551594932,-2.418650350132373e-05,-10.05363384731861,-104.97587041742972,0.0006764481010748679,11.109869639830592,11.109869063514623,0.0035784899401276513,0.0007469077282459287,-1.2246726962745602e-07,9.314079215552791,L,0.5,0.0,0.0,0.5,60.07690671865257,56.0915703237347,10.5,-52.785714285714285,4.314079215552791
4380,-19.256627600767438,-104.91003166578435,0.01865509932731517,11.089231371109912,11.088604938620184,0.11786821970436875,-0.0012252434290698096,-2.395238158339735e-05,-9.94253518303615,-104.975797394057,0.0006446134081655121,11.109869604864505,11.109869171559792,0.003102888582661014,0.0007036975451105614,-1.5548194265178332e-07,9.314324596934268,L,0.5,0.0,0.0,0.5,60.020007901607514,56.050887767861354,10.5,-52.785714285714285,4.314324596934268
4390,-19.145758346064795,-104.90796839193678,0.017912702920203923,11.089245015423193,11.08869849860598,0.11009368329574658,-0.0004158524768103427,-1.752232734811323e-05,-9.831436516645109,-104.97572983495526,0.0006137179784079378,11.10986949448515,11.109869168441891,0.0026915787166453355,0.0005707850372372377,-2.068614280852447e-07,9.314568307504327,L,0.5,0.0,0.0,0.5,59.963325133175346,56.01040112211646,10.5,-52.785714285714285,4.314568307504327
4400,-19.034887698074186,-104.90598290125172,0.017163464176809886,11.089245394294089,11.088781799792507,0.10139828136180738,-0.00013134061965761323,-1.6660731205979154e-05,-9.720337846778168,-104.97566647077092,0.0005846864378767825,11.10986953201562,11.109869247644738,0.0025136918518078714,0.0005722693461106023,-2.064380764654715e-07,9.314810504360226,L,0.5,0.0,0.0,0.5,59.90686097513064,55.97010962751768,10.5,-52.785714285714285,4.314810504360226
4410,-18.924015835390517,-104.90407805602038,0.016405871327722255,11.089232070534973,11.088848358858257,0.09224959852428387,-0.00013666538850488902,-1.7256583992487105e-05,-9.609239173553968,-104.97560537323399,0.0005565175323885298,11.109869668987143,11.109869411686116,0.0023910586898737004,0.0006508219806645131,-1.8196181936277527e-07,9.315051283648556,L,0.5,0.0,0.0,0.5,59.85061862650433,55.9300119065459,10.5,-52.785714285714285,4.315051283648556
4420,-18.813142753858077,-104.9022648280221,0.0156470094631672,11.089208332137776,11.088897891511886,0.08297581079519178,-0.0006740773720342742,-2.2927444210563575e-05,-9.49814049868895,-104.97554503918887,0.0005270723531264121,11.109869768971375,11.10986956241806,0.002142326028402774,0.0007192807812473702,-1.5209112405373252e-07,9.315290494834532,L,0.5,0.0,0.0,0.5,59.794608273129334,55.89010697325266,10.5,-52.785714285714285,4.315290494834532
4430,-18.702268334993374,-104.90054141251446,0.01489288438628977,11.089198634518093,11.08894762815025,0.0746113660168844,-0.0007108015465741486,-2.411545711181971e-05,-9.387041824319772,-104.97548650607214,0.000495268675105333,11.109869677809337,11.109869553035237,0.0016650669527738893,0.0006318824285327843,-1.4705658990904413e-07,9.315527988912097,L,0.5,0.0,0.0,0.5,59.73882893366109,55.85039621108413,10.5,-52.785714285714285,4.3155279889120965
4440,-18.591392512636368,-104.8989052134865,0.014145258362370211,11.089202838133376,11.089002189939674,0.06670844608044293,-0.00048050546671744875,-2.4183037938725277e-05,-9.275943149774333,-104.97543492029187,0.0004643820242295791,11.109869433453472,11.10986937663556,0.001123600989337364,0.00028862690152817156,-2.0941999734782497e-07,9.315763716844176,L,0.5,0.0,0.0,0.5,59.683278956494306,55.810884846760494,10.5,-52.785714285714285,4.315763716844176
4450,-18.48051538603367,-104.89734545651856,0.013397342359226004,11.089217715476774,11.089061018493242,0.0589514153991368,0.00026130478989521105,-2.004118206777803e-05,-9.16484447039092,-104.97539067783076,0.0004383669937695796,11.109869501131028,11.109869452746764,0.0010368633887837242,0.00013135864834794937,-2.5495521732367137e-07,9.315997835182333,L,0.5,0.0,0.0,0.5,59.62794961527752,55.77157367296088,10.5,-52.785714285714285,4.315997835182333
4460,-18.369637191302775,-104.89586407951863,0.012643432717169336,11.089219437422484,11.089105299457007,0.05031290950793017,0.00048323898891433886,-1.8995001774819915e-05,-9.053745782027361,-104.97535300067892,0.0004198137281364766,11.109869932327374,11.109869850760862,0.0013462491164053763,0.00015037964311705957,-2.915609381883176e-07,9.316230527310855,L,0.5,0.0,0.0,0.5,59.572843335618785,55.73246238330663,10.5,-52.785714285714285,4.316230527310855
4470,-18.25875811480248,-104.89446375990606,0.011882060171112407,11.089208172161266,11.089131470087338,0.041244692347348996,0.00041964092221815686,-1.8183200180920284e-05,-8.942647083633032,-104.97531763653646,0.00040795573373691204,11.109870626773693,11.109870455052718,0.001953354960200343,0.00045032593185188093,-2.6307117502873296e-07,9.316461887135224,L,0.5,0.0,0.0,0.5,59.517963171380444,55.69354741381494,10.5,-52.785714285714285,4.316461887135224
4480,-18.147878195360423,-104.89315531347401,0.011120296159258742,11.08918733241457,11.089140973374672,0.03206502778435753,-0.00017362927648652314,-2.020124535145614e-05,-8.831548377296135,-104.97528151134146,0.00039975277285954504,11.109871318988205,11.109871044565836,0.002469330752914572,0.000792332279149473,-2.0732161531507719e-07,9.31669179437261,L,0.5,0.0,0.0,0.5,59.46331924436833,55.65482629441942,10.5,-52.785714285714285,4.316691794372611
4490,-18.03699729978906,-104.89193681263694,0.01036412065035909,11.089181277650837,11.089155729802588,0.02380354570860279,-0.00026476766099237965,-2.018960080205362e-05,-8.7204496647218,-104.97524655224612,0.00039451994638440516,11.109871842546278,11.109871507478871,0.0027285732153937,0.0008861824654134008,-1.907730281728595e-07,9.316920110701343,L,0.5,0.0,0.0,0.5,59.40891045048167,55.61630123905645,10.5,-52.785714285714285,4.316920110701343
4500,-17.926115345630066,-104.8908055622595,0.009615276247959652,11.089189681627056,11.08917812324669,0.016010809192040357,-8.737551951595971e-05,-2.041711415339576e-05,-8.609350949883614,-104.9752069066361,0.0003883478924078059,11.109872207170538,11.109871790967588,0.0030410397856265713,0.0012298147580052622,-5.6568131977166304e-08,9.317146687306224,L,0.5,0.0,0.0,0.5,59.354735030831144,55.57796716105287,10.5,-52.785714285714285,4.317146687306224
4510,-17.815232381899655,-104.88975070184205,0.008866963727771885,11.089208997804537,11.089205838285839,0.008370968664680236,0.0006038185987451345,-1.883223211518064e-05,-8.498252234744218,-104.9751652698354,0.00037887541055205983,11.10987234143478,11.109871983755431,0.0028191388184043826,0.0011592373045554787,-1.6605920396085772e-08,9.317371663238193,L,0.5,0.0,0.0,0.5,59.30078410690829,55.539826989278104,10.5,-52.785714285714285,4.317371663238193
4520,-17.704348653876437,-104.888774089654,0.008113476794754739,11.089215215210118,11.089215214287066,-0.0001430798564201613,0.0007783596123953481,-1.8031696188838492e-05,-8.387153521172332,-104.97512148280843,0.00036481088843161704,11.109872310717488,11.10987204030878,0.0024512063080885304,0.001032741794060255,4.086159964792928e-08,9.317595237677457,L,0.5,0.0,0.0,0.5,59.24706004454855,55.501880974579905,10.5,-52.785714285714285,4.317595237677457
4530,-17.593464294873325,-104.88788700766855,0.0073600158889676765,11.089208297546106,11.089204609177932,-0.009044454229988664,0.00028959521305532395,-1.829182051367444e-05,-8.276054809339769,-104.97508090805616,0.0003485896316551354,11.109872098660533,11.109871936910872,0.0018957943082641517,0.0005772259921726218,2.4049235786336324e-08,9.317817464265733,L,0.5,0.0,0.0,0.5,59.193573455533816,55.464134561395106,10.5,-52.785714285714285,4.317817464265733
4540,-17.48257921060478,-104.88708819491256,0.006612138389672778,11.089211866763156,11.08919862034436,-0.01714014333488715,0.00021346832739643854,-1.8059187715930647e-05,-8.164956099005321,-104.97504103786581,0.0003309624944054525,11.109871942977659,11.10987181887543,0.001660578127484454,0.00040134792263342065,7.813207220468858e-08,9.318038213722668,L,0.5,0.0,0.0,0.5,59.140323828195754,55.426585796173974,10.5,-52.785714285714285,4.318038213722668
4550,-17.371693340698002,-104.88637541274865,0.005871760537981722,11.089226404647622,11.089198705295129,-0.02478564130430884,0.00036011547618858237,-1.8586908615955924e-05,-8.053857389756976,-104.9750044670152,0.00031329658520481073,11.109871755884967,11.109871672938512,0.001357589393901447,8.16099178243795e-05,8.928191460742792e-08,9.31825745072056,L,0.5,0.0,0.0,0.5,59.087309801276106,55.38923752560123,10.5,-52.785714285714285,4.31825745072056
4560,-17.260806712165653,-104.88573799111425,0.005132375644030763,11.089249611296573,11.089202693442532,-0.03225779577203803,0.001004745382326407,-1.884332553454578e-05,-7.942758680299232,-104.97497096658606,0.000297063938857096,11.109871671335297,11.109871600469683,0.0012548369368605055,-0.00010228962034866668,1.0690768860820513e-07,9.318475285586223,L,0.5,0.0,0.0,0.5,59.03452260680576,55.35208993923961,10.5,-52.785714285714285,4.3184752855862225
4570,-17.14991958200827,-104.88517779303992,0.004388500690244852,11.089258853837762,11.089184620326003,-0.04057565457816012,0.0011323269606090805,-1.7836464506359622e-05,-7.8316599691834705,-104.9749413119349,0.0002838893485557878,11.109871694101464,11.109871620205215,0.0012813881816250202,-0.00024716540946664444,1.0467685833642442e-07,9.318691952271317,L,0.5,0.0,0.0,0.5,58.981964621761115,55.315144172461125,10.5,-52.785714285714285,4.318691952271317
4580,-17.039032157306224,-104.8846973326282,0.003638788561189914,11.089254973654533,11.089145421100433,-0.049291991328297806,0.0009838105528243576,-1.4820268664316767e-05,-7.720561256021492,-104.97491153548803,0.00027241978085341853,11.109871847864989,11.109871746456461,0.0015010900999875216,-0.00011091211529686807,1.456071553659755e-07,9.318907582999625,L,0.5,0.0,0.0,0.5,58.929638779512054,55.2783968839566,10.5,-52.785714285714285,4.318907582999625
4590,-16.928144561384006,-104.8843072373476,0.002890359715633548,11.089241740060269,11.089089560042307,-0.058095601000548724,0.0003164941083378457,-1.0518255622351426e-05,-7.609462541503866,-104.97488115663128,0.0002605092624718206,11.10987198381625,11.109871882818096,0.0014980497748740816,-5.0029200007506804e-05,1.7320329806592679e-07,9.319122180897287,L,0.5,0.0,0.0,0.5,58.87755516001115,55.24184801599736,10.5,-52.785714285714285,4.319122180897287
4600,-16.817256644173742,-104.88400539540032,0.002149202735308767,11.08924325785846,11.089047072694319,-0.06596250092932196,0.00016182260877293603,-8.515483549347277e-06,-7.498363826512962,-104.97485041924693,0.00024684914209273053,11.109872047677205,11.109871970692772,0.0013078892941191828,-5.919614520858942e-05,1.9681606904728926e-07,9.319335607510192,L,0.5,0.0,0.0,0.5,58.825712465836276,55.20549819353081,10.5,-52.785714285714285,4.319335607510192
4610,-16.706368299876186,-104.8837889393151,0.0014170543042124283,11.089259185617994,11.08901662781442,-0.07334516935948647,0.00028542990965314336,-9.155202302603785e-06,-7.387265110879747,-104.97482442902732,0.00023431007735735015,11.10987202012431,11.109871974618347,0.001005550023312633,-0.0003289142891533093,1.719411957456906e-07,9.31954782741903,L,0.5,0.0,0.0,0.5,58.77410874424785,55.16935263982853,10.5,-52.785714285714285,4.319547827419029
4620,-16.595479487382278,-104.88364684525233,0.0006871068886639358,11.089285926672323,11.088993297090648,-0.080560663921987,0.000932069034161958,-1.2355559632953292e-05,-7.2761663936731455,-104.97480036711103,0.00022408587037228537,11.109872101303798,11.109872046118708,0.0011073385216009966,-0.00027264591924232306,1.8639750052566874e-07,9.319758875803908,L,0.5,0.0,0.0,0.5,58.72273482757192,55.13340908802025,10.5,-52.785714285714285,4.319758875803908
4630,-16.484590457854754,-104.88358949600035,-3.9680744989132734e-05,11.089299823134532,11.088945866099072,-0.08860105019611525,0.0006889140745665582,-1.1677896960929945e-05,-7.165067673878682,-104.974782083786,0.00021922174037726229,11.109872206267992,11.109872137367685,0.0012373145264655083,-0.0003987751874230951,1.580133127576146e-07,9.319968938205543,L,0.5,0.0,0.0,0.5,58.67160065657563,55.09767158015336,10.5,-52.785714285714285,4.319968938205543
4640,-16.373701167234618,-104.88361601679071,-0.0007596268102012213,11.089320300482756,11.088903851338555,-0.09610464332134158,0.000728511228451982,-1.2741499355333524e-05,-7.053968951292287,-104.9747665176439,0.00022120318217272217,11.109872373174177,11.109872222104821,0.0018321360495630638,-0.00018521222786717985,1.9106842174594101e-07,9.32017794844493,L,0.5,0.0,0.0,0.5,58.6207060619942,55.062137615697516,10.5,-52.785714285714285,4.320177948444931
4650,-16.26281158860118,-104.88372475373096,-0.001471240125965924,11.089347344803077,11.088866546467164,-0.10326300563339824,0.0009042885973461863,-1.5223395767828177e-05,-6.942870226383863,-104.97475462535671,0.0002317241482705166,11.109872498894067,11.1098722050789,0.002555092554005949,-1.2550746032630427e-05,2.4078697389380765e-07,9.320385905781873,L,0.5,0.0,0.0,0.5,58.57005018652913,55.026808496471,10.5,-52.785714285714285,4.3203859057818725
4660,-16.151921705995278,-104.8839054081458,-0.0021808556649563597,11.08937933062086,11.08883118218158,-0.11025856646348363,0.0015344899458804911,-2.0250701373746195e-05,-6.8317715039039495,-104.97473815357945,0.00024708466772625526,11.109872390345286,11.1098718142012,0.0035779567058630522,0.0006153735571496543,4.425367727861797e-07,9.320592812540736,L,0.5,0.0,0.0,0.5,58.51962447634045,54.991676786074976,10.5,-52.785714285714285,4.3205928125407365
4670,-16.041031798300253,-104.8841599464199,-0.0028936635012175816,11.08939574120768,11.08876716340791,-0.11807074507048584,0.0016332489891807602,-1.9979896901366652e-05,-6.72067278449497,-104.97471507227458,0.00026167422782740905,11.10987227337217,11.10987151776679,0.004097481906892344,0.0010296817332486191,5.784571605326709e-07,9.320798913024568,L,0.5,0.0,0.0,0.5,58.469431408043306,54.95674093548704,10.5,-52.785714285714285,4.320798913024568
4680,-15.930142117760077,-104.88449948107466,-0.003604117540389252,11.089398393459303,11.088680174533888,-0.1262090161473362,0.0010743551404470797,-1.3647193462228608e-05,-6.609574067146196,-104.97468486578633,0.0002709908065898862,11.109872236892944,11.109871477368802,0.004108093447676848,0.0012094933963210405,6.244599046212772e-07,9.321004355204423,L,0.5,0.0,0.0,0.5,58.41948160671486,54.922000828145244,10.5,-52.785714285714285,4.321004355204423
4690,-15.819252557294572,-104.88492245951122,-0.004306494803639473,11.089410735905112,11.088607230918978,-0.13349212717951273,0.0009397528707381187,-1.146096335110283e-05,-6.49847534912868,-104.97465256403275,0.0002751030576283462,11.109872316457324,11.109871710564413,0.0036691668529796775,0.0009438192385124258,5.239707472182913e-07,9.321209109118957,L,0.5,0.0,0.0,0.5,58.36977426298037,54.88746161750487,10.5,-52.785714285714285,4.321209109118957
4700,-15.70836302721565,-104.8854263239221,-0.004998828270046688,11.08943374397072,11.088546348825098,-0.14028767541747045,0.0010389638267161879,-1.2703938447778665e-05,-6.387376629456318,-104.97462159670035,0.0002772620954899683,11.109872426193222,11.109871930127593,0.003320007748994365,0.0005676022098841014,3.847531999173628e-07,9.321413155949076,L,0.5,0.0,0.0,0.5,58.32030767263236,54.853126945870656,10.5,-52.785714285714285,4.321413155949076
4710,-15.597473430999447,-104.88600009578049,-0.005687629117797253,11.089465332003702,11.088492569300586,-0.14688053062836076,0.0016449663314730537,-1.9290609921381236e-05,-6.276277908639055,-104.97459172986125,0.00027982249625104643,11.10987250550617,11.109872019799958,0.003285158734303148,0.00033618410258415195,2.882070029645826e-07,9.321616514516165,L,0.5,0.0,0.0,0.5,58.27107259157247,54.818996975027574,10.5,-52.785714285714285,4.321616514516165
4720,-15.486584072568004,-104.88665403462821,-0.006371726922594567,11.089484192408676,11.088411249588482,-0.15425826941048823,0.0013586999781281031,-1.6483068606053026e-05,-6.165179187740565,-104.9745608216211,0.000282491442458341,11.109872542253694,11.109872018849591,0.0034102647169719433,0.00026731354711613477,2.460599271497809e-07,9.321819384116186,L,0.5,0.0,0.0,0.5,58.2220789261308,54.785070047485874,10.5,-52.785714285714285,4.321819384116186
4730,-15.375694899088126,-104.88738706389337,-0.0070473336093440225,11.089509239155644,11.088339508767055,-0.16106552590170997,0.0013576803378406036,-1.7202026864977754e-05,-6.054080467084751,-104.97452819805436,0.0002839986757868388,11.10987256440719,11.109872032338023,0.0034383776718558004,0.00019472616631314765,2.079260841869383e-07,9.322021733304235,L,0.5,0.0,0.0,0.5,58.173326299904346,54.7513458984122,10.5,-52.785714285714285,4.322021733304235
4740,-15.264805867830454,-104.88819730908403,-0.007712921922855111,11.089540608741274,11.088275532090028,-0.16750115634049823,0.001495996875233821,-2.024651575931744e-05,-5.94298174638698,-104.97449514041769,0.000284264124963387,11.109872576561063,11.10987207543541,0.0033368973699015128,3.296016785000216e-05,1.4564870607695853e-07,9.32222356880687,L,0.5,0.0,0.0,0.5,58.1248136221315,54.71782612469424,10.5,-52.785714285714285,4.322223568806869
4750,-15.153916890613468,-104.88907425667976,-0.00837482696853186,11.08957689934107,11.088215626390026,-0.17375278150042847,0.0020913859416267387,-2.8709249629965827e-05,-5.831883025657533,-104.9744620530244,0.0002837752429106962,11.109872577659058,11.109872100517826,0.0032560645458299562,-0.00010734943563123919,9.009626992730112e-08,9.322424923545904,L,0.5,0.0,0.0,0.5,58.07653202537588,54.684511488022615,10.5,-52.785714285714285,4.3224249235459045
4760,-15.043028233717799,-104.89001967338685,-0.00903824762953918,11.089598842622118,11.088124863262445,-0.1808023976251868,0.0021574061745465367,-2.89678798313808e-05,-5.7207843045485856,-104.97443046964914,0.0002839812467266357,11.109872570808022,11.109872106245536,0.003212858511986263,-0.00027801238257716825,2.287723971512736e-08,9.322626081606936,L,0.5,0.0,0.0,0.5,58.02848379270605,54.65140382809936,10.5,-52.785714285714285,4.322626081606936
4770,-14.932140721195005,-104.89109995966089,-0.00965502909750555,11.089607451059027,11.088014843116355,-0.1879368442197543,-0.0008725554369460645,8.298249744975884e-06,-5.6096855829082894,-104.97440114895241,0.0002868895892964028,11.109872559032002,11.109872054673117,0.0033476447909800743,-0.00038351801167610486,-2.8757377150804854e-08,9.32282730149528,L,0.5,0.0,0.0,0.5,57.980729539161416,54.61850424617363,10.5,-52.785714285714285,4.3228273014952805
4780,-14.821252574305788,-104.89228573296322,-0.010191535116536567,11.089727878296777,11.08813088439038,-0.18819645400742427,0.0003561773766984004,-2.2930047311698588e-05,-5.498586861365173,-104.97437291574198,0.00029342690817045665,11.109872524829221,11.10987190723299,0.0037044338867246855,-0.00033197751725225834,-2.839543902012228e-08,9.323027099650366,L,0.5,0.0,0.0,0.5,57.9332427878765,54.585811995079915,10.5,-52.785714285714285,4.323027099650366
4790,-14.710362753739652,-104.89354815161528,-0.010647193313892118,11.089919490561805,11.088364964379762,-0.185679088370191,0.003397762604062948,-8.671621215140812e-05,-5.387488140982747,-104.97434374686573,0.0003027863696024769,11.109872454453152,11.109871680557802,0.004146776656403521,-0.00015931652364802355,2.0383361921476473e-08,9.323224708940522,L,0.5,0.0,0.0,0.5,57.885997791965906,54.55332551241246,10.5,-52.785714285714285,4.323224708940522
4800,-14.599470802985701,-104.89485788378971,-0.011040036867920483,11.090136348815891,11.088632052149467,-0.18265663790549552,0.007330677002728075,-0.0001641113910228772,-5.276389422257994,-104.97431251655281,0.00031344198880364543,11.10987236936864,11.10987145653929,0.0045036467778986535,1.458232634770994e-05,7.547317596845735e-08,9.32341994497401,L,0.5,0.0,0.0,0.5,57.838968534326206,54.52104408852252,10.5,-52.785714285714285,4.32341994497401
4810,-14.488577086829833,-104.8962140313012,-0.011380540651011862,11.090332723211914,11.08885914273386,-0.1807839156359126,0.010072682326886285,-0.0002199911979275789,-5.1652907058720325,-104.97427653579615,0.00032225693710830874,11.109872293548333,11.109871291956745,0.004717532011775495,0.00023875230866880515,1.4638860183096186e-07,9.323613178160128,L,0.5,0.0,0.0,0.5,57.792154904963105,54.488965512570985,10.5,-52.785714285714285,4.323613178160128
4820,-14.377681871986955,-104.89760880929302,-0.011673510850654501,11.090500762220813,11.089060563334526,-0.17872599005016832,0.012513398322494334,-0.00026387743836240387,-5.054191988142562,-104.97424370024181,0.00033225440162732393,11.109872299530455,11.109871353065898,0.004585869579846835,-5.60549092044854e-05,2.2018567519863743e-08,9.32380483068256,L,0.5,0.0,0.0,0.5,57.74555053127803,54.457097708700964,10.5,-52.785714285714285,4.32380483068256
4830,-14.266785480050878,-104.89903574089023,-0.011922994573142031,11.090635138810502,11.089230691515255,-0.17649490806917037,0.014449943464998064,-0.0002923711500085254,-4.943093270768982,-104.97421311858453,0.0003471069962475433,11.10987220955147,11.109871088513941,0.0049909083452382,-6.305402607228067e-05,2.330768508310458e-08,9.323995283757974,L,0.5,0.0,0.0,0.5,57.6991502199587,54.42544019296646,10.5,-52.785714285714285,4.323995283757974
4840,-14.155888105914409,-104.90048042428775,-0.012138910327715323,11.090737633490079,11.089371117732796,-0.17409614615722124,0.016247257725007316,-0.0003115041521626487,-4.8319945543246074,-104.97418864596312,0.00037230392089699163,11.109871956255809,11.109870478329444,0.005730544752729816,-0.00015146982245059336,4.183229827659278e-08,9.324184890022313,L,0.5,0.0,0.0,0.5,57.652941537874504,54.39399703151249,10.5,-52.785714285714285,4.3241848900223125
4850,-14.044990108098576,-104.9019409022397,-0.012328992872631611,11.090808425002676,11.089468417875274,-0.17239991025865178,0.0169952260715353,-0.0003099657163957677,-4.7208958520629265,-104.97415729909714,0.00040394078665771,11.109871015602904,11.109868697254674,0.007177262306722435,0.0006084358668165769,5.522407678825656e-07,9.324373914821953,L,0.5,0.0,0.0,0.5,57.6069233352354,54.362756135983915,10.5,-52.785714285714285,4.324373914821953
4860,-13.93409173632469,-104.90341573921941,-0.012496468552787491,11.09085586821268,11.089538979019677,-0.1709067648481146,0.01702502410487188,-0.00029427317194005237,-4.609797159865413,-104.97412054484035,0.0004378101152268303,11.109870327196543,11.109867463236423,0.007977245320666413,0.0009115807836174052,8.024302578069197e-07,9.324562644871115,L,0.5,0.0,0.0,0.5,57.561094879925804,54.33171926305908,10.5,-52.785714285714285,4.324562644871115
4870,-13.823193135871211,-104.90490297189213,-0.012642696260535501,11.090888178573557,11.089595286074479,-0.1693427905090161,0.016547285186341017,-0.000269329107722867,-4.4986984776842895,-104.97407547541114,0.00047007962341291643,11.109869741777795,11.109866436794698,0.00856947212422732,0.0012294544807061423,1.0319073337598909e-06,9.324751228091799,L,0.5,0.0,0.0,0.5,57.51545491109586,54.30088396785771,10.5,-52.785714285714285,4.324751228091799
4880,-13.71229437542685,-104.90640010841176,-0.012768633633694976,11.090911679533994,11.0896449881069,-0.16761837900148044,0.0157148707599391,-0.0002388492899400872,-4.387599795427585,-104.97403197258761,0.0005047899596079974,11.109869590012881,11.10986613209055,0.008765507419784364,0.0008683440240006297,8.130613263136387e-07,9.324939843201111,L,0.5,0.0,0.0,0.5,57.470001649127035,54.27026009385647,10.5,-52.785714285714285,4.324939843201111
4890,-13.601395477565859,-104.90790444966298,-0.01287536993195352,11.090930444282193,11.089691984194841,-0.1657402051111267,0.014631121195482592,-0.00020535495542907032,-4.276501121131783,-104.97398738383107,0.0005456076482566193,11.109868969561385,11.109864767925636,0.009662257893247145,0.000908235322695309,9.228374253574828e-07,9.32512850918658,L,0.5,0.0,0.0,0.5,57.42473309866457,54.239845449138485,10.5,-52.785714285714285,4.32512850918658
4900,-13.490496442857495,-104.90941339155532,-0.012964184973769192,11.090946655947503,11.089737768688787,-0.16374964668836703,0.013367675867919048,-0.0001704849517237283,-4.165402459130191,-104.97394269566632,0.0005954093112382695,11.109867946428071,11.109862662254312,0.010835724129648895,0.0009255297798557432,1.1011599187815749e-06,9.325317251248677,L,0.5,0.0,0.0,0.5,57.37964733292643,54.20964133673628,10.5,-52.785714285714285,4.325317251248677
4910,-13.37959726532588,-104.9109246035968,-0.013036446547761402,11.090961213470317,11.089782534478864,-0.16169099130909023,0.011979746381364039,-0.00013534091593326265,-4.054303824943883,-104.97388909970431,0.0006508479184269672,11.109866092343035,11.10985916554767,0.012406106961039547,0.0014408184086058724,1.7820430788848037e-06,9.325506006485739,L,0.5,0.0,0.0,0.5,57.33474266304546,54.179639628225274,10.5,-52.785714285714285,4.325506006485739
4920,-13.26869805378327,-104.91244478610987,-0.013086821734636666,11.090974305704732,11.089826424149535,-0.1595648208010936,0.010132680845023227,-9.575792303046578e-05,-3.943205214058491,-104.97382553979645,0.000707279527972162,11.109864605181226,11.1098563961104,0.013505675230407996,0.0016970375489800769,2.1802255793564785e-06,9.32569484278149,L,0.5,0.0,0.0,0.5,57.290025657463204,54.14983964079546,10.5,-52.785714285714285,4.325694842781489
4930,-13.157798744980452,-104.91396895516453,-0.013111418265797698,11.090986867235136,11.089882833989709,-0.15648775531221334,0.008808510592729978,-6.514837621537243e-05,-3.832106614971237,-104.97375796983611,0.0007663782344412966,11.109863707771416,11.109854539186927,0.014273169376940852,0.0014914716968120207,2.0697685260074743e-06,9.325883788145294,L,0.5,0.0,0.0,0.5,57.24549219232079,54.12024744583778,10.5,-52.785714285714285,4.325883788145294
4940,-13.046899295686226,-104.91549218828554,-0.013110292955856223,11.090997942650416,11.089943216611593,-0.1529536407094515,0.007762602688668489,-3.9909567023309884e-05,-3.7210080339554787,-104.97368575066835,0.000830785128799411,11.109862450104398,11.109851732885035,0.01543157642816125,0.0014415224483172613,2.1544640526786677e-06,9.326072823880837,L,0.5,0.0,0.0,0.5,57.20113819333139,54.090862769313325,10.5,-52.785714285714285,4.326072823880837
4950,-12.935999576643805,-104.91700190759867,-0.013091645472201159,11.091006417077963,11.090001763854248,-0.14927900513542458,0.0072549986705414665,-2.3048084652176467e-05,-3.60990947801816,-104.97360781056172,0.000901674918005344,11.109860739451214,11.109847973236704,0.01684225542455121,0.001464221522714971,2.3802769914764962e-06,9.326261885446577,L,0.5,0.0,0.0,0.5,57.15695255410391,54.061684916756704,10.5,-52.785714285714285,4.326261885446577
4960,-12.825099630598928,-104.91849856315845,-0.01306224181625312,11.091012252684358,11.090044922637087,-0.14648004330251724,0.006279098242882317,-1.3561723966051653e-06,-3.498810953090489,-104.97352418162602,0.0009803638385130742,11.109858557577084,11.109843285901508,0.018420968430779953,0.0014816760946478485,2.676796940277241e-06,9.326451003190327,L,0.5,0.0,0.0,0.5,57.11293609416255,54.03271425564506,10.5,-52.785714285714285,4.326451003190327
4970,-12.71419950536217,-104.91998351379515,-0.013024399634888552,11.091015471377789,11.090079364840738,-0.14409673096614015,0.005095065353221705,2.1451851888196126e-05,-3.387712472355313,-104.97343129157905,0.0010660631960442144,11.109855617394281,11.109837188463649,0.020235740099619533,0.001687856076053678,3.3244581776656297e-06,9.326640179710758,L,0.5,0.0,0.0,0.5,57.06909046603754,54.00394767050868,10.5,-52.785714285714285,4.326640179710758
4980,-12.603299236349342,-104.92145768521658,-0.012978441014195107,11.091016526502026,11.090109476954028,-0.14184280142304415,0.003861449648858628,4.311688875530415e-05,-3.276614035673568,-104.97333067838692,0.0011593917717432408,11.109852533065103,11.109830759482472,0.021995502044739622,0.0017087478305298446,3.7453418865032177e-06,9.326829452709262,L,0.5,0.0,0.0,0.5,57.02541692458765,53.975386974404095,10.5,-52.785714285714285,4.326829452709262
4990,-12.492398844789667,-104.92292134741183,-0.012924190478727523,11.091015922749774,11.090137344170387,-0.1395990190739234,0.002686917178697573,6.215977309045534e-05,-3.1655156627058743,-104.97321446709604,0.0012562463963721486,11.109848682744756,11.109822818629496,0.02397273753111334,0.0021078895231048393,4.809492049217848e-06,9.32701877826592,L,0.5,0.0,0.0,0.5,56.98191612110117,53.94702488098283,10.5,-52.785714285714285,4.32701877826592
5000,-12.381498341770609,-104.92437431403454,-0.012861593012444827,11.091014061360472,11.09016367219394,-0.1373413020380915,0.001630760793840352,7.784420513277479e-05,-3.0544173328609494,-104.9730857645629,0.0013545222438504608,11.109846137376516,11.109817070616366,0.02541365029106756,0.002033368128061605,4.883906305391522e-06,9.327208207828095,L,0.5,0.0,0.0,0.5,56.9385882852149,53.918864705265285,10.5,-52.785714285714285,4.327208207828095
5010,-12.270597732890456,-104.92581619780219,-0.01279084075131666,11.091011212006547,11.090188546664294,-0.13508406379389779,0.0007175159336733925,8.995081773093604e-05,-2.9433190391210013,-104.97294629118154,0.0014553545385271672,11.109844147966768,11.10981172292683,0.026841632383883943,0.0018401857060811664,4.6183436555636995e-06,9.3273977655586,L,0.5,0.0,0.0,0.5,56.89543345925075,53.89090842786063,10.5,-52.785714285714285,4.327397765558599
5020,-12.159697021518916,-104.9272465839735,-0.012712305195145525,11.09100753978119,11.09021188119177,-0.13284832613208872,-4.7761456123286824e-05,9.855202982821146e-05,-2.832220774057464,-104.9728027499147,0.0015652555719521542,11.109842140857332,11.109805659041374,0.028471268002307818,0.0013741818950692851,3.817579907910027e-06,9.327587496840371,L,0.5,0.0,0.0,0.5,56.85245165793153,53.86316285865963,10.5,-52.785714285714285,4.327587496840371
5030,-12.048796210462703,-104.92866510843751,-0.012626435962043365,11.091003146047793,11.090233615863708,-0.13064888521771442,-0.000669053664471938,0.00010386002193083699,-2.7211225726026784,-104.97265485553736,0.0016911543467644605,11.109837560486243,11.109794327424183,0.030993914311491982,0.0012504495433511655,4.096085571235873e-06,9.327777366140273,L,0.5,0.0,0.0,0.5,56.80964294063033,53.83562805538753,10.5,-52.785714285714285,4.327777366140273
5040,-11.937895302507489,-104.93007147176151,-0.012533687447703633,11.090998102952128,11.090253771118153,-0.12849206935551985,-0.0011539526178470571,0.00010614653009249737,-2.610024490893823,-104.97249688670065,0.001834996536082193,11.109829246511692,11.109776318852587,0.034293318719780745,0.0016040723320245825,6.043362389454397e-06,9.327967291644356,L,0.5,0.0,0.0,0.5,56.76700742466844,53.808298805987626,10.5,-52.785714285714285,4.327967291644356
5050,-11.826994300374029,-104.93146542334597,-0.012434481981458141,11.090992475466393,11.090272438908931,-0.1263776943494773,-0.0015115466063492446,0.00010570912472825111,-2.498926573548139,-104.97232267296877,0.0019941535591608416,11.109818096968263,11.109753639392252,0.03784467907278004,0.002199187053660485,9.063609476680175e-06,9.328157204458845,L,0.5,0.0,0.0,0.5,56.72454527095612,53.78116944646292,10.5,-52.785714285714285,4.328157204458845
5060,-11.716093206468802,-104.93284673818604,-0.012329198754892912,11.090986332168214,11.090289757406548,-0.12430171803121995,-0.0017519064658095417,0.00010285985793094014,-2.387828835411664,-104.97213001273049,0.0021657899503294085,11.109805934544305,11.109729319472033,0.04125956009629784,0.0026829880076882882,1.1986680713673742e-05,9.328347085737803,L,0.5,0.0,0.0,0.5,56.682256662681866,53.75423814476243,10.5,-52.785714285714285,4.3283470857378035
5070,-11.605192022629623,-104.93421519677949,-0.012218175753126876,11.090979748580049,11.090305888716614,-0.12225824352720689,-0.0018860629004944245,9.792110910711732e-05,-2.2767312889201405,-104.97191573544417,0.0023468714962453755,11.109793369917796,11.109703840236994,0.044601619844846084,0.003130042768408147,1.4819917094687713e-05,9.328536915882108,L,0.5,0.0,0.0,0.5,56.64014178679902,53.72750212117683,10.5,-52.785714285714285,4.328536915882108
5080,-11.494290749946614,-104.93557057107259,-0.012101715912065039,11.090972806095193,11.09032100371779,-0.1202406754768123,-0.0019259628953223278,9.122186255243944e-05,-2.165633933008575,-104.97167623137658,0.0025329878730236417,11.109781768830665,11.109679191559403,0.047741089998181566,0.003492367979966769,1.7119166893272517e-05,9.328726688402364,L,0.5,0.0,0.0,0.5,56.5982008210218,53.70095815829631,10.5,-52.785714285714285,4.328726688402364
5090,-11.383389388678989,-104.93691261577996,-0.011980093180857026,11.090965588238609,11.090335272035896,-0.11824226541080662,-0.0018842670145628427,8.309269381766101e-05,-2.054536726815789,-104.97141489573447,0.00272343149270039,11.109773059121341,11.109658302546897,0.050495800113833623,0.003389309831453599,1.733251364102094e-05,9.328916464095611,L,0.5,0.0,0.0,0.5,56.556433925755904,53.6746098316851,10.5,-52.785714285714285,4.328916464095611
5100,-11.27248793822304,-104.93824106358083,-0.011853557050334473,11.09095817960589,11.090348858663676,-0.11625633274830945,-0.0017740262404981654,7.385902579638883e-05,-1.9434396718231912,-104.97112966182239,0.002917559640976632,11.109765355563006,11.109637164666303,0.05336970239080923,0.003327386927485106,1.734580496988043e-05,9.329106238901577,L,0.5,0.0,0.0,0.5,56.514841239590815,53.64845541898894,10.5,-52.785714285714285,4.329106238901577
5110,-11.161586397148358,-104.93955562280092,-0.011722335613780268,11.090950661529154,11.090361918799461,-0.11427636027071623,-0.001608309416233082,6.383506182479454e-05,-1.8323427577643945,-104.9708190699752,0.0031134157131260448,11.109759346594451,11.109617478115444,0.05614471653335146,0.0031762163415518397,1.6606572941637814e-05,9.329296023072446,L,0.5,0.0,0.0,0.5,56.47342287709441,53.622493780495475,10.5,-52.785714285714285,4.329296023072446
5120,-11.050684763263869,-104.94085597673924,-0.01158663761979145,11.090943110482357,11.090374595750646,-0.11229606353180314,-0.0013998468361175506,5.33177620366233e-05,-1.721245964056064,-104.97048307586391,0.003309342538745388,11.109755513723018,11.109600308246344,0.05872448988054216,0.002872369504189491,1.480432625451421e-05,9.329485841843937,L,0.5,0.0,0.0,0.5,56.43217892812986,53.59672514804735,10.5,-52.785714285714285,4.329485841843937
5130,-10.939783033705597,-104.94214178415821,-0.01144665397323663,11.090935596696887,11.090387019023302,-0.11030946630987205,-0.001160723272404905,4.2581939167102924e-05,-1.6101492699761963,-104.97012268067276,0.0035048790647272815,11.109753641834846,11.1095853032077,0.0611585890461395,0.002426071568974904,1.2008004703294634e-05,9.329675722976088,L,0.5,0.0,0.0,0.5,56.39110945825421,53.57115077047457,10.5,-52.785714285714285,4.329675722976088
5140,-10.828881205037778,-104.94341268067359,-0.011302558978038588,11.090928183288911,11.090399302917278,-0.10831098154954111,-0.0009021334335512106,3.187648300557851e-05,-1.4990526520225085,-104.96974243891927,0.003703254867177302,11.1097529346537,11.1095710124135,0.06357821315643301,0.0017588531724897977,8.000611505973797e-06,9.329865705615932,L,0.5,0.0,0.0,0.5,56.35021450995687,53.54577535941093,10.5,-52.785714285714285,4.329865705615932
5150,-10.717979273361205,-104.94466828086763,-0.011154511468434117,11.09092092578929,11.09041154563105,-0.10629548741252451,-0.0006342001732419847,2.1421710356640576e-05,-1.3879561587623634,-104.9693378195543,0.0039045237441873415,11.109750355398788,11.10955181872017,0.06641796786143747,0.0014911333074199078,6.028520130000676e-06,9.330055728937939,L,0.5,0.0,0.0,0.5,56.30949410457627,53.520594790736375,10.5,-52.785714285714285,4.330055728937939
5160,-10.607077234424601,-104.94590818097038,-0.011002655883648444,11.090913871952958,11.090423828843091,-0.10425838914874996,-0.0003658503876623309,1.1407762952487618e-05,-1.2768597610504273,-104.96891593478037,0.004112997590762738,11.109748015910244,11.109532846123509,0.06914418214473834,0.0008392431117305187,2.2158428021370343e-06,9.330245841197975,L,0.5,0.0,0.0,0.5,56.26894824475286,53.495616270667846,10.5,-52.785714285714285,4.330245841197975
5170,-10.496175083735698,-104.94713196195292,-0.010847123297945403,11.090907061757859,11.090436217717397,-0.10219566180910256,-0.00010474209271427593,1.993946904116026e-06,-1.1657635335075467,-104.96847356281741,0.0043319548858653965,11.109741329994476,11.109504312905973,0.07256955912116043,0.0006697377429241156,1.4711344868002633e-06,9.330435957690208,L,0.5,0.0,0.0,0.5,56.22857691727494,53.47083695428571,10.5,-52.785714285714285,4.330435957690208
5180,-10.38527281666955,-104.94833919287717,-0.010688032404220553,11.090900527533343,11.090448761268162,-0.10010387267663669,0.00014276373158571731,-6.691101409430325e-06,-1.054667519767534,-104.96801043274208,0.004563529826702298,11.109731322369596,11.109469387714904,0.0762887846641012,0.0006007241955911513,1.8386920973754858e-06,9.330626032815472,L,0.5,0.0,0.0,0.5,56.188380096173674,53.44625686302533,10.5,-52.785714285714285,4.330626032815472
5190,-10.274370520443405,-104.9495381259387,-0.010518812692834233,11.090894320606488,11.090461829973249,-0.09794502931572789,-1.0718829261240244e-05,-1.0641832775338723e-05,-0.9435717987383515,-104.96752054895603,0.004806105294584236,11.109717353875439,11.109426724619436,0.08035877869006144,0.0009221148498717523,5.0165508060095495e-06,9.330816049655583,L,0.5,0.0,0.0,0.5,56.1483658547124,53.421870431569275,10.5,-52.785714285714285,4.330816049655583
5200,-10.163468214633875,-104.95072498975847,-0.010334413295136496,11.090883921211672,11.090478696927798,-0.09480731397040051,0.00036933267368339834,-1.8393250114753322e-05,-0.8324763866513767,-104.96700172959989,0.005056681739831153,11.10970289433872,11.1093833440882,0.08426217759962105,0.0012007707869149298,8.058372622022073e-06,9.331006024332854,L,0.5,0.0,0.0,0.5,56.10853108405377,53.397675795444734,10.5,-52.785714285714285,4.331006024332854
5210,-10.052565906067992,-104.95189577452548,-0.010133839348463305,11.090869710465645,11.090495030649409,-0.09116419069490175,0.0009955242866740443,-2.7063232846725982e-05,-0.7213812592338658,-104.96645684368082,0.005316010285910176,11.109689471340488,11.109340927415367,0.08800175036643096,0.0012228474947543473,9.373705348986524e-06,9.33119600791066,L,0.5,0.0,0.0,0.5,56.06887243780506,53.37367601417261,10.5,-52.785714285714285,4.331196007910661
5220,-9.941663424094951,-104.95302987002158,-0.00993102370466424,11.090852518777462,11.090508517886573,-0.0873522063701262,0.0024728832672465013,-4.26779562689013e-05,-0.6102864429740054,-104.96588561943172,0.00558623631615533,11.109674765009494,11.109293507332389,0.0920388626135548,0.0013238287902805458,1.1325790375267432e-05,9.331385836738654,L,0.5,0.0,0.0,0.5,56.02937103713277,53.34987108945099,10.5,-52.785714285714285,4.331385836738654
5230,-9.830760692361196,-104.95413150239038,-0.009737033287877362,11.090844328599236,11.090516411391805,-0.08528569558175926,0.0028253116053493176,-4.874337660294251e-05,-0.4991919858309326,-104.96528551852485,0.0058678925814714695,11.109657986182398,11.10923987761225,0.09638418758345563,0.0015719091218456235,1.4520828396659478e-05,9.331575372720879,L,0.5,0.0,0.0,0.5,55.99003112361383,53.32625880728104,10.5,-52.785714285714285,4.331575372720879
5240,-9.719857675000155,-104.95520587043879,-0.00955450451411376,11.090844010646917,11.090525750165549,-0.08402055354176463,0.002573176974903015,-4.999683183867602e-05,-0.38809792655544073,-104.96465359332058,0.006159691484131164,11.109639969173553,11.109182215410613,0.10085013367920524,0.0018912869767147096,1.8350043889518226e-05,9.331764531007018,L,0.5,0.0,0.0,0.5,55.95085787193887,53.30283654483242,10.5,-52.785714285714285,4.331764531007018
5250,-9.60895443991007,-104.95626551077608,-0.009375890272550803,11.090849182581744,11.090538895661268,-0.08296140427121543,0.001632739618297408,-4.5390874636265266e-05,-0.2770042632020542,-104.9639905367472,0.0064617870391508936,11.10962222956544,11.109123349721985,0.10528287760293155,0.0020494194594696787,2.0914201779660394e-05,9.331953374111286,L,0.5,0.0,0.0,0.5,55.911863354686865,53.27960522956398,10.5,-52.785714285714285,4.331953374111286
5260,-9.498051016377326,-104.95730937900966,-0.009194536294956146,11.090852692134797,11.090557054672125,-0.08097935351711519,0.0011381139916275653,-4.3731950772968634e-05,-0.16591103934321705,-104.96329342807655,0.006773560920315784,11.109603320114626,11.109059558907841,0.10991654534347488,0.002316956706239614,2.440301884578813e-05,9.332141895610109,L,0.5,0.0,0.0,0.5,55.87304698181756,53.25656225721542,10.5,-52.785714285714285,4.332141895610109
5270,-9.38714742187582,-104.958335160236,-0.009008320802770585,11.090853586548493,11.090575655064955,-0.07851698883742034,0.0009071744498906696,-4.317561330679877e-05,-0.05481828586304904,-104.96255838186411,0.007091936163143427,11.109584764806314,11.10899433803455,0.11453577577699145,0.0026233564574271993,2.802382623571888e-05,9.332330091594155,L,0.5,0.0,0.0,0.5,55.834406968248544,53.23370406877126,10.5,-52.785714285714285,4.332330091594155
5280,-9.276243668022179,-104.95934085882928,-0.008817335361712008,11.090852215487898,11.090592627689828,-0.07588170019731971,0.0008238828663362449,-4.2759526193962394e-05,0.056274079099576824,-104.96179225189763,0.007419885048042754,11.10956951622324,11.10893314065581,0.1189088400235821,0.002392593196307137,2.6598745693867953e-05,9.332518069078167,L,0.5,0.0,0.0,0.5,55.79594181844983,53.211037605407874,10.5,-52.785714285714285,4.3325180690781675
5290,-9.165339762614426,-104.96032518766292,-0.008622324523224917,11.090849373662634,11.09060767546859,-0.07322033945598115,0.000801342800530897,-4.193961610988576e-05,0.16736600237499433,-104.96099678263089,0.007763844993346654,11.109550403855227,11.108859131038765,0.12393136219911839,0.0022719897543196817,2.668045380739618e-05,9.332705789153891,L,0.5,0.0,0.0,0.5,55.75765069251754,53.18856483269621,10.5,-52.785714285714285,4.332705789153891
5300,-9.054435710278517,-104.96128743990617,-0.008423970377871818,11.090845837199987,11.090621268769958,-0.07057802238461888,0.0007914210515561106,-4.054067530525754e-05,0.2784573674898827,-104.96017159792962,0.008130025708213057,11.109523189870934,11.108765182887232,0.12977525862990272,0.0023675292338168254,3.0053709954106556e-05,9.332893144473509,L,0.5,0.0,0.0,0.5,55.719533288747535,53.16628564807214,10.5,-52.785714285714285,4.332893144473509
5310,-8.943531512975023,-104.96222724027889,-0.008222695268201801,11.090842182152112,11.09063401202569,-0.06795234141351218,0.000775376746648537,-3.860617696927863e-05,0.38954790077310664,-104.95930162516876,0.008513630381346554,11.109484604063468,11.108646981784549,0.1364199472667322,0.0033060331820312927,4.319562335405228e-05,9.333079872290437,L,0.5,0.0,0.0,0.5,55.68158961267091,53.144185547606675,10.5,-52.785714285714285,4.333079872290437
5320,-8.832627170965045,-104.96314434793068,-0.008018694813185916,11.090838735208703,11.090646339328135,-0.06532707213086349,0.0007505915208989396,-3.625827779789695e-05,0.5006376401209252,-104.95838711282619,0.00890984673613386,11.10944849466063,11.108534976113733,0.14246592566356128,0.0037414235371509286,5.093600913522189e-05,9.333266023485105,L,0.5,0.0,0.0,0.5,55.6438197936574,53.12226498869403,10.5,-52.785714285714285,4.3332660234851055
5330,-8.72172268386002,-104.9640385470765,-0.007812029814972848,11.090835620352722,11.090658457632667,-0.06268758908871527,0.0007206004048504317,-3.3619756649519425e-05,0.6117266303371336,-104.95743178640205,0.009320573944269153,11.109414324770562,11.108422821821568,0.14842186850697103,0.0038146196297315395,5.4491739455785744e-05,9.333451652522443,L,0.5,0.0,0.0,0.5,55.60622398310354,53.10052784299563,10.5,-52.785714285714285,4.333451652522443
5340,-8.610818051478537,-104.96490960483108,-0.007602703056624076,11.090832830651907,11.090670397521137,-0.060025086543240715,0.0006896959284520734,-3.078564031319714e-05,0.7228148552223717,-104.95644105875415,0.009754096274973968,11.109376555220173,11.10829617745492,0.15493056385379536,0.003691645711724519,5.63921594876582e-05,9.333636748519986,L,0.5,0.0,0.0,0.5,55.568802315213325,53.07897965656875,10.5,-52.785714285714285,4.333636748519986
5350,-8.499913274366104,-104.96575726519761,-0.007390703681995173,11.090830294174445,11.090682090006235,-0.05733578806074015,0.000660914686542147,-2.7823149336115445e-05,0.8339020303608675,-104.95540628122785,0.01021343325759043,11.109324712302342,11.10813429958917,0.16262824374054718,0.004243255576521507,6.806305891729681e-05,9.333821044225381,L,0.5,0.0,0.0,0.5,55.53155490146265,53.05761220471022,10.5,-52.785714285714285,4.333821044225381
5360,-8.389008353990661,-104.96658125626332,-0.0071760255435592306,11.090827920625696,11.090693429360448,-0.054618869189153534,0.0006358204749051382,-2.4781519602086284e-05,0.9449879632675671,-104.95431945381894,0.010695149741927567,11.109264621093367,11.107953706847105,0.17066009497944265,0.004997313954665642,8.333500961820684e-05,9.334004371243317,L,0.5,0.0,0.0,0.5,55.494481837343656,53.03641786742104,10.5,-52.785714285714285,4.334004371243317
5370,-8.278103292712476,-104.9673812986377,-0.006958670890658064,11.090825627574606,11.090704311013436,-0.05187472345586941,0.0006149348778760782,-2.1701509237188616e-05,1.0560725251276817,-104.95317051678654,0.011190225929443931,11.109203624321962,11.107769201042105,0.17851762666102422,0.0058554415827214695,9.970601741856611e-05,9.33418663541033,L,0.5,0.0,0.0,0.5,55.457583210228336,53.01538697181685,10.5,-52.785714285714285,4.33418663541033
5380,-8.167198093641984,-104.9681571110033,-0.006738648199202755,11.090823350944468,11.090714647973655,-0.04910396193456606,0.0005982189291056785,-1.8621085800809078e-05,1.1671559623511634,-104.95196904267029,0.01169927389840233,11.109154797457533,11.107604278024816,0.18560042208611005,0.0056818056026979365,0.0001004089502066751,9.334368093030832,L,0.5,0.0,0.0,0.5,55.4208591045089,52.99452908743233,10.5,-52.785714285714285,4.334368093030832
5390,-8.056292760473182,-104.9689084126018,-0.00651596897490883,11.090821045812383,11.090724373610374,-0.04630700637749516,0.0005854004762027785,-1.5577442257447708e-05,1.2782381728935461,-104.95071287051829,0.01222567484564832,11.109103505066543,11.10742130843231,0.19331984705560273,0.005687562317065058,0.00010342284874043163,9.33454866738248,L,0.5,0.0,0.0,0.5,55.384309603865404,52.9738423049384,10.5,-52.785714285714285,4.33454866738248
5400,-7.945387297342385,-104.96963492376193,-0.006290645395315265,11.090818682635366,11.090733437929632,-0.04348401871039451,0.0005761395688136816,-1.2606745592690706e-05,1.389319143350372,-104.94940689453006,0.012776543456325664,11.10904898670267,11.107221355846871,0.2015022113496558,0.00539639880353624,0.00010241472386875506,9.334728357433729,L,0.5,0.0,0.0,0.5,55.34793479170668,52.953331644559846,10.5,-52.785714285714285,4.334728357433729
5410,-7.834481708730182,-104.9703363655574,-0.006062689067769438,11.09081624232677,11.090741802092987,-0.040634964827046795,0.0005700886909460357,-9.742978646754878e-06,1.5003986177967688,-104.94804991993948,0.013360017581328895,11.10897807509836,11.106977300618329,0.21082959129407838,0.005403159903336182,0.00010825692182861464,9.334906930239754,L,0.5,0.0,0.0,0.5,55.31173475080863,52.93299617304989,10.5,-52.785714285714285,4.334906930239754
5420,-7.723575999404321,-104.97101245927195,-0.005832110589756683,11.090813712002724,11.090749433621307,-0.03775970042677173,0.0005669037290463264,-7.016744734552738e-06,1.6114760736035867,-104.94662628504538,0.013973134872380456,11.108884209756953,11.106680693090695,0.22125181923268225,0.006280028868361659,0.00013102846551118653,9.33508392523938,L,0.5,0.0,0.0,0.5,55.27570956278341,52.912820735546546,10.5,-52.785714285714285,4.335083925239379
5430,-7.612670174392317,-104.97166292596718,-0.005598919527570543,11.090811082053788,11.090756303119564,-0.03485803523987625,0.0005662405437811155,-4.454421904925046e-06,1.7225512229105824,-104.94511869540669,0.014600201049914933,11.108787364063845,11.106378295081068,0.23133928878744017,0.007443747518789942,0.000158436777069689,9.335259135816099,L,0.5,0.0,0.0,0.5,55.23985930765423,52.89278850096928,10.5,-52.785714285714285,4.335259135816099
5440,-7.5017642389713926,-104.9722874862211,-0.0053631245449415835,11.090808344513624,11.090762382476994,-0.03192976927975494,0.0005677525336795471,-2.0777373654988647e-06,1.8336244295243411,-104.94352992472759,0.01523046568607107,11.108717545203397,11.106127632270276,0.23986353376955732,0.007523103415988851,0.0001625502355579722,9.335432962065637,L,0.5,0.0,0.0,0.5,55.20418406359581,52.87290230129076,10.5,-52.785714285714285,4.335432962065637
5450,-7.3908581986657875,-104.97288586000691,-0.005124733544901396,11.090805492396628,11.090767644145473,-0.028974708818087638,0.0005710928211063354,9.631672024637935e-08,1.9446962140263084,-104.94187797320812,0.0158721660448915,11.108672415091982,11.105908687816523,0.2477802326801255,0.006360003088273168,0.00014004938454385395,9.335605908637028,L,0.5,0.0,0.0,0.5,55.16868390680916,52.853179974973564,10.5,-52.785714285714285,4.335605908637028
5460,-7.279952059245259,-104.97345776666116,-0.0048837537776251815,11.090802519618338,11.09077206105161,-0.025992671457494357,0.0005759197378942234,2.055343419726763e-06,2.055766542119346,-104.9401746566249,0.01654574304902839,11.108617140058938,11.105639899797978,0.2571715000274551,0.005143741158727864,0.00011743787183535128,9.335777930589328,L,0.5,0.0,0.0,0.5,55.13335891148092,52.833633371859605,10.5,-52.785714285714285,4.3357779305893285
5470,-7.169045826721748,-104.97400292490057,-0.004640191911436023,11.090799421178668,11.09077560678913,-0.022983486860333684,0.0005819033175685372,3.791277930287453e-06,2.1668344140384566,-104.93839797066016,0.01725414918736261,11.108517081728268,11.105260387805794,0.2689674219681826,0.005712445150747094,0.0001355878927961253,9.33594813516995,L,0.5,0.0,0.0,0.5,55.09820914978829,52.8142411118921,10.5,-52.785714285714285,4.33594813516995
5480,-7.058139507343592,-104.97452105286288,-0.00439405407877641,11.090796193386765,11.090778255856224,-0.01994699649454549,0.000588731137661583,5.300070150981856e-06,2.277899307987495,-104.93652816698702,0.017981956260272772,11.108402905710031,11.104856146952624,0.28068678464722185,0.006785247526115655,0.0001658750687955356,9.336116120783087,L,0.5,0.0,0.0,0.5,55.06323469192593,52.794983930945,10.5,-52.785714285714285,4.336116120783087
5490,-6.947233107589218,-104.97501186815983,-0.004145345909032057,11.090792833881881,11.090779983688586,-0.016883053583033804,0.000596112770082422,6.581377714218665e-06,2.388961515643695,-104.9345652921773,0.01871672283858883,11.10831237761761,11.104503316681699,0.2908779272095845,0.006958016294437912,0.0001734539518101424,9.336282234829444,L,0.5,0.0,0.0,0.5,55.0284356061447,52.775861969170975,10.5,-52.785714285714285,4.336282234829444
5500,-6.83632663413021,-104.97547508793694,-0.0038940725559530012,11.090789344587133,11.09078076962528,-0.013791523396190681,0.0006037827785234367,7.637596264533538e-06,2.5000215249080995,-104.93252116757313,0.01946077072473524,11.108248333866902,11.104188762678742,0.3002881443812379,0.006128726691771688,0.0001545370174792561,9.336446967988017,L,0.5,0.0,0.0,0.5,54.993811958787404,52.75688697768107,10.5,-52.785714285714285,4.336446967988017
5510,-6.725420093910218,-104.97591042892765,-0.003640238730867812,11.090785720345044,11.090780585557152,-0.010672283640004634,0.0006115029838912989,8.476053255986638e-06,2.611079301689752,-104.93039886323356,0.020222023264379285,11.108185484495369,11.103847441766385,0.31041383334462425,0.00534842279472497,0.0001355791418807609,9.336610319952875,L,0.5,0.0,0.0,0.5,54.95936381435623,52.738062151288844,10.5,-52.785714285714285,4.336610319952875
5520,-6.614513494019092,-104.97631760753904,-0.0033838487146590716,11.090781968865656,11.090779415888973,-0.007525224847448107,0.0006190620821531775,9.10400573234306e-06,2.722134593950245,-104.92819778435295,0.021007330922228035,11.108110440583477,11.103457993333553,0.3214625179968782,0.0048147741126298976,0.0001236887024205922,9.336772088680592,L,0.5,0.0,0.0,0.5,54.92509123554577,52.71938709507567,10.5,-52.785714285714285,4.336772088680592
5530,-6.503606841751504,-104.97669633990105,-0.003124906397361789,11.090778092679361,11.090777239507462,-0.004350250530382892,0.000626278013154161,9.532681721762074e-06,2.8331870138924033,-104.92591441780138,0.021820874927629304,11.108015440752455,11.103011831948596,0.3333696021001696,0.0046300783537736746,0.0001231727358883911,9.336931953613133,L,0.5,0.0,0.0,0.5,54.89099428330028,52.70085854308299,10.5,-52.785714285714285,4.336931953613133
5540,-6.392700144591418,-104.97704634194008,-0.0028634153004172,11.090774096301015,11.090774036961372,-0.0011472772672884665,0.0006329968818342187,9.774940481208538e-06,2.9442360211758944,-104.92353845869307,0.02265994863608647,11.107899365810095,11.10251234557954,0.34590162939514324,0.004988522616135971,0.00013948960797265168,9.337089485336593,L,0.5,0.0,0.0,0.5,54.857073016870864,52.68246652156813,10.5,-52.785714285714285,4.337089485336593
5550,-6.281793410204848,-104.97736732944807,-0.0025993786017598558,11.090769985381671,11.090769789629794,0.0020837653518939237,0.0006390932081029928,9.845220141557391e-06,3.05528134696763,-104.92106159442089,0.023516762339858294,11.107780098686073,11.102001543203434,0.3582463614259702,0.005429148520462815,0.00015827869413448072,9.337244526991057,L,0.5,0.0,0.0,0.5,54.823327493871446,52.66420297338857,10.5,-52.785714285714285,4.337244526991057
5560,-6.1708866464355125,-104.97765901815079,-0.0023327991608541715,11.090765766371158,11.090764479401667,0.005342934839604454,0.0006444698210577613,9.75922156097709e-06,3.1663231531010956,-104.91848507259085,0.024387208613187456,11.107675867248775,11.101512300247515,0.3699835392472424,0.005369627125143231,0.0001608772894273849,9.337397303124442,L,0.5,0.0,0.0,0.5,54.789757770335214,52.646069236095414,10.5,-52.785714285714285,4.337397303124442
5570,-6.059979861302169,-104.97792112377533,-0.0020636795431698903,11.090761446304368,11.090758088479259,0.008630275967116048,0.0006490575589124018,9.533588854243393e-06,3.277361730295743,-104.91581871361495,0.02527812323959404,11.10758309001421,11.101023305707333,0.3816852993138024,0.004705401059971226,0.00014431595097017975,9.3375481100518,L,0.5,0.0,0.0,0.5,54.7563639007712,52.62807512382365,10.5,-52.785714285714285,4.3375481100518005
5580,-5.94907306299729,-104.97815336211714,-0.0017920220440276152,11.090757032620264,11.090750599214521,0.011945820967109746,0.0006528147383447173,9.185601889426226e-06,3.3883967044441983,-104.91306173158739,0.02619826385660842,11.107471695018338,11.100461619684404,0.39456214408764717,0.004428722331364641,0.0001412829945500046,9.337696642012355,L,0.5,0.0,0.0,0.5,54.72314593822112,52.6102200449317,10.5,-52.785714285714285,4.3376966420123555
5590,-5.838166259886942,-104.97835544910569,-0.0015178287118387207,11.09075253299898,11.09074199396354,0.01528958982218925,0.00065572631488684,8.732886056679996e-06,3.4994273443384314,-104.91020323700583,0.027147825228206544,11.107331963508486,11.099818264641481,0.40848236131889104,0.004856687169996655,0.00016342048598589834,9.33784231188794,L,0.5,0.0,0.0,0.5,54.690103934315644,52.592493437186555,10.5,-52.785714285714285,4.33784231188794
5600,-5.727259460511714,-104.97852710086816,-0.0012411013707062648,11.090747955214194,11.09073225495599,0.018661590678098583,0.0006578026272539018,8.19314269243492e-06,3.610453417642968,-104.9072411421236,0.0281257951242626,11.107182552269759,11.099144283721579,0.4224930988505693,0.00515085164817319,0.00018296077669375653,9.337984979789265,L,0.5,0.0,0.0,0.5,54.6572379393293,52.57489338033758,10.5,-52.785714285714285,4.337984979789265
5610,-5.616352673588606,-104.97866803378973,-0.0009618416423121321,11.090743306999816,11.090721364178263,0.022061820438891894,0.0006590776398579485,7.5839023856740265e-06,3.7214744718075976,-104.90416728720923,0.029128482234084624,11.107021950179993,11.098429192662037,0.43681352685929214,0.005717934882245527,0.00021262900646034066,9.338124338352927,L,0.5,0.0,0.0,0.5,54.62454800223275,52.557411956881914,10.5,-52.785714285714285,4.338124338352927
5620,-5.505445908013757,-104.97877796456933,-0.0006800509669585886,11.090738595930583,11.09070930326933,0.025490265581376993,0.0006596066126039917,6.922302357555094e-06,3.8324904775884114,-104.90098100335831,0.030153707922399936,11.1068671474272,11.097708844597316,0.4509503643907494,0.005961307863281094,0.0002302201504666507,9.338260454106353,L,0.5,0.0,0.0,0.5,54.59203417074118,52.54004861324953,10.5,-52.785714285714285,4.3382604541063525
5630,-5.394539172865936,-104.97885661026876,-0.00039573062360083694,11.09073382931678,11.090696053428985,0.02894690322670192,0.000659463178177707,6.2248881582688e-06,3.9435015041166634,-104.89768708755585,0.031206352154038164,11.106715308135694,11.096965410912086,0.4652779867955634,0.005822289521861918,0.00023372891116827928,9.33839344729055,L,0.5,0.0,0.0,0.5,54.55969649135679,52.52280820582993,10.5,-52.785714285714285,4.338393447290549
5640,-5.283632477410668,-104.97890368835354,-0.0001088817486964535,11.090729014113187,11.090681595337893,0.032431702474752674,0.0006587358485109591,5.507439293598379e-06,4.05450708382522,-104.89428305645897,0.032292255579200124,11.106543336308548,11.09614095517279,0.4805837952291735,0.00595150469731499,0.0002492821680614428,9.338522962249492,L,0.5,0.0,0.0,0.5,54.527535009403714,52.505688437234,10.5,-52.785714285714285,4.338522962249492
5650,-5.172725831104945,-104.97891891672367,0.00018049464631600653,11.09072415684232,11.090665909088957,0.035944625993847776,0.0006575240321601887,4.784817909715145e-06,4.165506218628784,-104.89075209325304,0.033405438425115494,11.106344806759873,11.09523175536975,0.49671647977157163,0.006871020702755186,0.00029711453007332466,9.338648253544788,L,0.5,0.0,0.0,0.5,54.49554976905365,52.48867283892091,10.5,-52.785714285714285,4.338648253544788
5660,-5.06181924360239,-104.9789020137326,0.0004723976590488254,11.090719263532298,11.090648974129783,0.039485631822298785,0.0006559336923957042,4.070839387686969e-06,4.276498694839892,-104.88708436049923,0.03453300004595652,11.106162130484194,11.094345833467019,0.5121794568646797,0.007596681260740207,0.00033429551871121577,9.33876931939526,L,0.5,0.0,0.0,0.5,54.463740813340344,52.47175175430134,10.5,-52.785714285714285,4.33876931939526
5670,-4.950912724758825,-104.97885269819336,0.0007668264818418047,11.090714339668633,11.090630769215265,0.04305467532176736,0.0006540728226599176,3.3781638094999777e-06,4.387485423344831,-104.88329297580562,0.03567586439815309,11.10602517421978,11.093534500205072,0.5265809179635521,0.007013565730078454,0.0003125281203487255,9.338887066082801,L,0.5,0.0,0.0,0.5,54.432108184161976,52.45493818335964,10.5,-52.785714285714285,4.338887066082801
5680,-4.840006284638163,-104.97877068937123,0.001063780389149204,11.090709390158574,11.09061127236879,0.04665171120016937,0.0006520469517399217,2.718207523501612e-06,4.498466351327228,-104.87938229372926,0.03684354757138632,11.10588850732493,11.092665626705498,0.5417830112123261,0.006399723156636681,0.0002884010695327861,9.339001511182161,L,0.5,0.0,0.0,0.5,54.40065192227069,52.438236551827664,10.5,-52.785714285714285,4.339001511182161
5690,-4.729099933518596,-104.97865570696281,0.0013632587266628748,11.090704419301336,11.090590460845588,0.05027669550612672,0.0006499549049479987,2.101075327895335e-06,4.6094407543255205,-104.87534724262004,0.038041919699503685,11.105723973690148,11.091686683792854,0.5582038054047618,0.006272766746444759,0.00028816258144408213,9.339112100051317,L,0.5,0.0,0.0,0.5,54.36937206724919,52.42164199843384,10.5,-52.785714285714285,4.339112100051317
5700,-4.618193681899669,-104.97850747106268,0.0016652609021910747,11.090699430710144,11.090568311044645,0.05392958748819581,0.0006478850438371532,1.5355240965283708e-06,4.720408305987032,-104.87119165030596,0.039279729210463944,11.105532174060317,11.090616390382412,0.5753893903000571,0.006000962646690304,0.0002862028427783399,9.339218584739632,L,0.5,0.0,0.0,0.5,54.338268657475474,52.40515845264563,10.5,-52.785714285714285,4.339218584739632
5710,-4.507287540490934,-104.97832570210588,0.001969786368344526,11.090694429123989,11.090544800307946,0.05761035119047862,0.000645912777927206,1.0285400309334402e-06,4.831367822345655,-104.8669077139428,0.04056287206372081,11.105281997212764,11.089382073991414,0.5940483605362327,0.006429550014931542,0.00032461405866690107,9.33931999419245,L,0.5,0.0,0.0,0.5,54.30734173005915,52.38877837546979,10.5,-52.785714285714285,4.339319994192451
5720,-4.396381520271142,-104.97811012087502,0.0022768346617662444,11.090689413517644,11.090519900015439,0.061318956888428276,0.0006440949674375473,5.868639359159372e-07,4.942317995729805,-104.8624815784081,0.0418880745145593,11.104981239423973,11.088015910771196,0.6136053213941537,0.007479274087133,0.00039940785516206535,9.339415324847126,L,0.5,0.0,0.0,0.5,54.276591320859296,52.37248820628988,10.5,-52.785714285714285,4.339415324847126
5730,-4.285475632436163,-104.97786044832863,0.002586405315376561,11.090684388008484,11.090493586478328,0.06505538177731206,0.0006424770083167976,2.144678587448623e-07,5.0532577221864345,-104.8578936752605,0.04323984819978704,11.104666464867545,11.086606412828358,0.6330683556986328,0.00895451021356712,0.0004955686571403781,9.339503878439208,L,0.5,0.0,0.0,0.5,54.24601746429928,52.3562686582801,10.5,-52.785714285714285,4.339503878439208
5740,-4.17456988842439,-104.97757640563269,0.0028984979233512326,11.090679354288,11.090465833355958,0.06881961053514511,0.0006410822808064099,-8.55293849900337e-08,5.164187795002912,-104.85314866051905,0.044609787203329955,11.104408474099083,11.085303669979604,0.6510991506523802,0.009195005777235256,0.0005216134481177892,9.33958657187386,L,0.5,0.0,0.0,0.5,54.21562019339837,52.34012432409382,10.5,-52.785714285714285,4.339586571873861
5750,-4.063664299928995,-104.97725771406942,0.00321311211719456,11.0906743129308,11.090436612952589,0.07261163531951198,0.0006399194529489385,-3.1123726493618465e-07,5.275108934057773,-104.84825730807255,0.04600452880550393,11.1041896876444,11.084018850838529,0.6689953164592085,0.008600166943961138,0.0004978753217706268,9.339664159945745,L,0.5,0.0,0.0,0.5,54.18539953968141,52.32406590285075,10.5,-52.785714285714285,4.339664159945745
5760,-3.9527588789022614,-104.97690409497564,0.003530247561092015,11.09066926418208,11.09040589699566,0.07643145528480903,0.0006389827747724983,-4.620778055683772e-07,5.386020809406466,-104.84322314750807,0.04743666262979784,11.10395578060803,11.082611020908079,0.6881619990563989,0.008072101769079543,0.00047828065616978385,9.339736434315663,L,0.5,0.0,0.0,0.5,54.15535553311449,52.308097002830856,10.5,-52.785714285714285,4.339736434315663
5770,-3.841853637560655,-104.97651526969113,0.0038499039499008255,11.090664207903142,11.09037365657575,0.08027907569510195,0.0006382544193278578,-5.386691547886444e-07,5.496922152620786,-104.83803933243524,0.048914065104640324,11.10366707540406,11.081010109518141,0.7089693041090553,0.008174768573035993,0.0004998893082827642,9.339802398577707,L,0.5,0.0,0.0,0.5,54.12548820205034,52.2922109947211,10.5,-52.785714285714285,4.3398023985777066
5780,-3.7309485883900866,-104.97609095951628,0.00417208100736445,11.090659143563238,11.090339862136863,0.08415450671809534,0.0006377075707883271,-5.427168742117908e-07,5.607811644589847,-104.83269687044542,0.05043842426180202,11.103323050667303,11.079243752533888,0.7308492590258852,0.008713544254778393,0.0005538464224982554,9.3398610564541,L,0.5,0.0,0.0,0.5,54.0957975731825,52.276399102081584,10.5,-52.785714285714285,4.339861056454099
5790,-3.620043705936475,-104.9756395756067,0.004503454584102456,11.090654117737929,11.090304251919589,0.08809290068764154,0.0002550693818287245,-2.5024370029056016e-06,5.718687165606694,-104.82716779472109,0.05199295619749522,11.102937184375063,11.077356925764933,0.75324475397186,0.010305323673664131,0.0006725911582908616,9.339911036023457,L,0.5,0.0,0.0,0.5,54.06629204987252,52.260633709805425,10.5,-52.785714285714285,4.339911036023457
5800,-3.5091391344746548,-104.97515751421777,0.004849172592748992,11.090640281974817,11.090250320317043,0.09300374653837509,0.00042851602531137126,2.7966665378424885e-07,5.829549355431081,-104.82144984566814,0.05356101836018673,11.102622533272601,11.075622987030352,0.773823342564309,0.010756280177330421,0.0007123599788533966,9.339953359566033,L,0.5,0.0,0.0,0.5,54.03696849185988,52.24491252254903,10.5,-52.785714285714285,4.339953359566033
5810,-3.3982349928606377,-104.97464093430219,0.005210317101914563,11.09061881267235,11.090182178251233,0.09841189562541271,0.0008732998291188435,6.11796214541293e-06,5.940399465292899,-104.81555197323584,0.05514016166707438,11.102393183081132,11.074014762697011,0.7933041203063564,0.010054252693998159,0.0006674218467031058,9.339989445419398,L,0.5,0.0,0.0,0.5,54.00782351334355,52.22924436391877,10.5,-52.785714285714285,4.339989445419398
5820,-3.2873314153109203,-104.97407808648812,0.005579713250771068,11.090591801998684,11.090104031781099,0.10401482025669403,0.0018136051656926395,1.61034001021608e-05,6.051238398987309,-104.80948826629687,0.05674298284104506,11.102205754306008,11.072392298478826,0.8130814224493089,0.00860167702001144,0.0005674822009311799,9.340020127678132,L,0.5,0.0,0.0,0.5,53.978846076565404,52.213643226319554,10.5,-52.785714285714285,4.340020127678132
5830,-3.176428314300356,-104.97347002938304,0.005951510718128906,11.090571202462442,11.09003744748141,0.1088072164389568,0.002212509848021275,2.1236494343272166e-05,6.162064990177209,-104.80325495020813,0.058380736761112426,11.10197566005795,11.070558609415487,0.8346230478579844,0.007840376352685096,0.0005163449062819387,9.340044452300578,L,0.5,0.0,0.0,0.5,53.95003745130329,52.19810549178693,10.5,-52.785714285714285,4.340044452300578
5840,-3.06552561696675,-104.97281855147024,0.006324216608420586,11.090556981807143,11.089978667848374,0.11325772988713702,0.0023053719200731883,2.292102866183887e-05,6.27287723533516,-104.79683502956276,0.06005002779991434,11.101688831071325,11.068535856234547,0.8573266012343136,0.008040442941571399,0.0005360829618432227,9.340060922277937,L,0.5,0.0,0.0,0.5,53.92139961934839,52.182614421842956,10.5,-52.785714285714285,4.340060922277937
5850,-2.954623281619787,-104.97212486033861,0.0066982555671835226,11.09054746729117,11.089923328722927,0.11765919974903707,0.002231776806778389,2.235309083485303e-05,6.383674623021126,-104.7902229184955,0.06174325187901854,11.101404227477968,11.066500684427902,0.8796240239002506,0.008025459238813183,0.0005413625479825602,9.340069382625977,L,0.5,0.0,0.0,0.5,53.89293401099598,52.16716450743874,10.5,-52.785714285714285,4.340069382625977
5860,-2.8437212959373332,-104.97138938739309,0.0070744818599268,11.090540660531481,11.089868127256352,0.1221354287901759,0.0020870925269501545,2.0610148042241715e-05,6.494457035038119,-104.78341685177078,0.06345580079188261,11.101140668152958,11.064473376247467,0.9015281695157908,0.00772753582887216,0.0005236798722225089,9.340070032673617,L,0.5,0.0,0.0,0.5,53.86464131358929,52.151754012614326,10.5,-52.785714285714285,4.3400700326736175
5870,-2.7328196687661777,-104.97061201183384,0.007453569138427248,11.090534920713225,11.089811027326668,0.1267130843414462,0.0019225798676245525,1.8438859125044576e-05,6.605224811599242,-104.77642255963762,0.06519078704715428,11.1009015933011,11.062437113214257,0.9233099698014184,0.0069368181682721505,0.0004669691692134997,9.340063397034697,L,0.5,0.0,0.0,0.5,53.83652168437001,52.13638864164244,10.5,-52.785714285714285,4.340063397034697
5880,-2.6219184212266597,-104.96979233836781,0.007835889972573354,11.090529194515428,11.089751012536885,0.13137843938853747,0.0017594865206299421,1.6254813598726026e-05,6.71597711790959,-104.76923600481786,0.06695105973142305,11.10064824299618,11.060280271997257,0.945828588911557,0.0064859191429261455,0.00043633055930079835,9.340049033208963,L,0.5,0.0,0.0,0.5,53.8085750160582,52.12106445087913,10.5,-52.785714285714285,4.340049033208963
5890,-2.51101757979293,-104.96892989075393,0.008221588859864426,11.090522968384038,11.089687729584686,0.13610941390201903,0.0016037426657231992,1.4236078683224521e-05,6.826713510000481,-104.76185760042415,0.0687400317737508,11.100384419206298,11.058031292478425,0.9687508393420246,0.005983514250635292,0.0004034696386296155,9.340026811455996,L,0.5,0.0,0.0,0.5,53.78080112218238,52.10578190094524,10.5,-52.785714285714285,4.340026811455996
5900,-2.400117171989968,-104.96802420760724,0.008610688019561828,11.090516107300694,11.089621180352097,0.14088861764628266,0.001455794411824066,1.2427112687149085e-05,6.93743299026654,-104.75428336062002,0.07056018790772714,11.100090958166911,11.055642845380072,0.9923611010994069,0.005780851618051096,0.00039821163966179444,9.339996155370052,L,0.5,0.0,0.0,0.5,53.75319982880609,52.090537100245854,10.5,-52.785714285714285,4.339996155370052
5910,-2.2892172243104203,-104.9670748717092,0.009003164773387902,11.090508684567943,11.089551509995452,0.14570583253448008,0.001315420172355229,1.0816424024182128e-05,7.0481343557725875,-104.74650584503043,0.07240979184978891,11.099770093654547,11.053131471599551,1.0164550179537764,0.005912820347401684,0.00042357765927021553,9.339956382425385,L,0.5,0.0,0.0,0.5,53.725771002529335,52.075322715241015,10.5,-52.785714285714285,4.339956382425385
5920,-2.1783177616269,-104.96608150694526,0.009398991997304934,11.090500850543824,11.089478883777673,0.1505563089424176,0.0011832420417344208,9.381705323038196e-06,7.158816713178333,-104.73851777378056,0.07428339759478887,11.09944604952429,11.05056287478611,1.0405588674838735,0.006157788674481608,0.00045848836287294177,9.339907143716593,L,0.5,0.0,0.0,0.5,53.69851454749284,52.06013154061146,10.5,-52.785714285714285,4.339907143716593
5930,-2.067418807314907,-104.96504376541556,0.009798152403583813,11.09049276220778,11.089403438625933,0.15543836069160938,0.001060660759086489,8.107333016803256e-06,7.269479854832779,-104.73031662099515,0.07617622499762595,11.099148334154245,11.048000678476177,1.0643189145875833,0.006163204354241099,0.0004692978539031654,9.339848685045332,L,0.5,0.0,0.0,0.5,53.67143039299097,52.04496106424519,10.5,-52.785714285714285,4.339848685045332
5940,-1.956520383945465,-104.9639613154109,0.010200639477105396,11.090484521484662,11.089325240324095,0.1603515999352606,0.000949331705973136,6.994205848318374e-06,7.380123981273254,-104.72190488025676,0.0780884535793712,11.09888378838117,11.045438924715828,1.0878880035935696,0.005797387126795244,0.00044318785948672,9.33978154564495,L,0.5,0.0,0.0,0.5,53.64451848201913,52.02981375946745,10.5,-52.785714285714285,4.33978154564495
5950,-1.8456225136270952,-104.96283383326731,0.010606453845759674,11.090476203903878,11.089244323251913,0.1652960029261932,0.0008507069443696312,6.048143742221642e-06,7.490749141239498,-104.71328750666862,0.08002662743299926,11.098628281126887,11.042797986622553,1.1118283812146768,0.005204475586326667,0.0003958170358780871,9.339706047136348,L,0.5,0.0,0.0,0.5,53.61777876347188,52.014694571327865,10.5,-52.785714285714285,4.339706047136348
5960,-1.7347252184938409,-104.9616609987031,0.011015599487545526,11.090467840970486,11.08916067723315,0.17027156576070865,0.0007657836082714633,5.281135491672538e-06,7.601354182890013,-104.70446182854413,0.0819969659886624,11.098335167891767,11.03996069419657,1.1367987374456272,0.004998715908314452,0.00038851857444952367,9.339621512784891,L,0.5,0.0,0.0,0.5,53.59121118773765,51.99960090221028,10.5,-52.785714285714285,4.339621512784891
5970,-1.6238285209781955,-104.96044249230259,0.011428081210348192,11.090459439638918,11.089074267635414,0.175278262035243,0.0006950311757647225,4.704738763195056e-06,7.711937720790567,-104.69542316523321,0.08400256217284188,11.097994456621375,11.036930806752105,1.1626002434908962,0.005130117553586045,0.00041982545748295405,9.339527106051438,L,0.5,0.0,0.0,0.5,53.564815704317006,51.98452815241431,10.5,-52.785714285714285,4.339527106051438
5980,-1.5129324439609835,-104.95917799403335,0.011843903406792623,11.090450994038202,11.08898504619162,0.18031610161476308,0.0006384243858471597,4.327107396724138e-06,7.822498235504103,-104.68616453376985,0.08604289838338898,11.097609712064981,11.033731266919116,1.1889977505153093,0.0055826509458534596,0.0004884747324613069,9.33942194788216,L,0.5,0.0,0.0,0.5,53.538592260410226,51.96946941859009,10.5,-52.785714285714285,4.33942194788216
5990,-1.4020370108370175,-104.95786718216792,0.012263069641751872,11.090442493869515,11.088892958316778,0.1853851903988775,0.0005955206557778131,4.151362032057668e-06,7.933034175696151,-104.67667565681671,0.08811199815033757,11.097202464982294,11.030420337307419,1.2156190731985093,0.0063184008165496144,0.000587556797055373,9.339305259577456,L,0.5,0.0,0.0,0.5,53.512540799874834,51.95441449540537,10.5,-52.785714285714285,4.339305259577456
6000,-1.2911422455323582,-104.95650973236184,0.012685582646983117,11.090433929358962,11.08879794734951,0.19048575887384195,0.0005655466158606805,4.1750795748310425e-06,8.043545284906179,-104.6669543787112,0.09020489611829655,11.096821343495254,11.027114653852603,1.2418479537532046,0.006688595178885011,0.0006468048229110777,9.33917735101719,L,0.5,0.0,0.0,0.5,53.486661262321455,51.939361214347805,10.5,-52.785714285714285,4.33917735101719
6010,-1.180248172500349,-104.95510531684366,0.013111444452719492,11.090425293430565,11.088699956460466,0.1956181606039443,0.0005474786759908917,4.39053490273795e-06,8.15403108362689,-104.65699660387529,0.09231750872313746,11.096470608442576,11.023788711225901,1.2679678285659917,0.0069413286498265,0.0006883718342484212,9.3390383892623,L,0.5,0.0,0.0,0.5,53.46095358231164,51.924305479100546,10.5,-52.785714285714285,4.339038389262299
6020,-1.0693547002280401,-104.953662290883,0.013547330872925426,11.090416644813594,11.088598356079945,0.2008179601020382,0.0001579941411853798,-8.061941184449956e-07,8.264492087431865,-104.64680743377491,0.09445196650473885,11.09616420928448,11.020465672830412,1.2939074593541782,0.006619340663387013,0.000663767375719186,9.338889428558407,L,0.5,0.0,0.0,0.5,53.43542614455016,51.90925233654377,10.5,-52.785714285714285,4.3388894285584065
6030,-0.9584620522806997,-104.95217699607359,0.013998391689148596,11.090396355999154,11.088464475886017,0.20699492789229335,0.0003337134338949269,4.535167972546965e-06,8.374927920715603,-104.63638945743973,0.09661543845749264,11.095854638027646,11.016997185215532,1.320516251014227,0.0062428060890120755,0.0006332435427024851,9.338730650232094,L,0.5,0.0,0.0,0.5,53.41007568160585,51.894204369138755,10.5,-52.785714285714285,4.338730650232094
6040,-0.8475704195682398,-104.9506455313137,0.014465710304168121,11.090366051220823,11.088307460443541,0.21367454865627286,0.0007885935385062656,1.5997321833320217e-05,8.485336868138692,-104.62573676088839,0.09881179540769637,11.095498819823563,11.013289240202047,1.3481669675362515,0.006321200744756889,0.0006578023881717888,9.338561139170874,L,0.5,0.0,0.0,0.5,53.38489867261316,51.87915571558039,10.5,-52.785714285714285,4.338561139170874
6050,-0.7366800725879834,-104.94905608464286,0.014942114604515591,11.090328552826657,11.0881352315309,0.22055497483709144,0.0017453579580566049,3.6711076431547745e-05,8.595717577716226,-104.61484536267386,0.10104245137389088,11.095105127756243,11.009401905686241,1.376382023652972,0.006521622412744,0.0007019350122848538,9.33838009025562,L,0.5,0.0,0.0,0.5,53.35988387061524,51.86410241907669,10.5,-52.785714285714285,4.338380090255621
6060,-0.6257907631664921,-104.94741832585918,0.01542842724094439,11.090299416774076,11.087982831759316,0.2266668840172448,0.001784004196072767,4.070481392200128e-05,8.706068419669304,-104.60370856061276,0.10330627169238432,11.09467475548146,11.00534046870086,1.4050939818719428,0.006947638676059968,0.00077696513185435,9.33818677319117,L,0.5,0.0,0.0,0.5,53.33504090630688,51.849037803881366,10.5,-52.785714285714285,4.33818677319117
6070,-0.5149026097857372,-104.94573064378602,0.015928303888250856,11.090265747625484,11.087809707870084,0.233388592302484,0.0020763612598848893,4.96050702896894e-05,8.816388697595658,-104.59232597371526,0.1056043881991136,11.094231072269347,11.001162953066029,1.4340072402167923,0.007157151890668036,0.0008297424479944884,9.337981169612595,L,0.5,0.0,0.0,0.5,53.31036846596894,51.83396146937742,10.5,-52.785714285714285,4.337981169612595
6080,-0.4040157392877367,-104.94399060464812,0.016443251762461145,11.090227192094266,11.087618340986829,0.24053834804360644,0.002476107513152289,6.100291210181659e-05,8.926676917485883,-104.58069244326086,0.10793774024942648,11.09375680117049,10.996795294882965,1.463534490866681,0.007549590342643962,0.000907772276634278,9.337762634016594,L,0.5,0.0,0.0,0.5,53.28586442767809,51.818868261114105,10.5,-52.785714285714285,4.337762634016594
6090,-0.2931304138722042,-104.9421870904414,0.016966953557281086,11.090184286509473,11.08741242366411,0.24793800902720142,0.003301530089372474,8.057701268018475e-05,9.036932239135202,-104.56880754431704,0.11030927491432037,11.093263517156588,10.992268526884367,1.4934952607707688,0.007781127093976943,0.000969163463771645,9.337530797513207,L,0.5,0.0,0.0,0.5,53.26151818678371,51.8037577276208,10.5,-52.785714285714285,4.337530797513207
6100,-0.1822464960715282,-104.9403212254336,0.01749423144157939,11.09015197857553,11.087228904288724,0.2546097637708153,0.0035664482949485186,8.7526331576622e-05,9.147152406198343,-104.5566612453675,0.11271771723437969,11.092727747501687,10.987505714316661,1.5242463902048613,0.008442292819190879,0.0010875058333017701,9.337284340640945,L,0.5,0.0,0.0,0.5,53.23733103039118,51.788619847523265,10.5,-52.785714285714285,4.337284340640945
6110,-0.07136388069232602,-104.93839458685014,0.018023964041474876,11.090128868517807,11.087056990599796,0.26100882652556373,0.0035265174647484943,8.667399528062495e-05,9.257336746474003,-104.54425254542645,0.11516290893477656,11.09219218684762,10.982639798041799,1.5551046834318847,0.008772839012587347,0.0011639027364301927,9.33702325905377,L,0.5,0.0,0.0,0.5,53.213304698078,51.773453571726805,10.5,-52.785714285714285,4.337023259053771
6120,0.039517480183175024,-104.93640808855845,0.018556719846093462,11.09011186794619,11.086887532626738,0.2674062124310245,0.003326431322329551,8.12641085081235e-05,9.3674834995306,-104.5315738206375,0.11764322668865511,11.091638721400429,10.977590577142324,1.5864913005451347,0.009294847805620851,0.0012650874338036404,9.336746801888939,L,0.5,0.0,0.0,0.5,53.18944029283823,51.75825125167812,10.5,-52.785714285714285,4.336746801888939
6130,0.15039758435756245,-104.93436188176406,0.019093375026822762,11.090097925842738,11.086714847049079,0.27390857051744893,0.0030613280778041922,7.375994700914354e-05,9.47759251815539,-104.51862810679214,0.12016187627121226,11.0910953594109,10.972436894335575,1.6180311713219493,0.009318176068926412,0.0012990640230012215,9.336455425091273,L,0.5,0.0,0.0,0.5,53.16573818032493,51.74301585217081,10.5,-52.785714285714285,4.336455425091273
6140,0.2612763963617384,-104.93225560834144,0.01963458046631726,11.090084797428105,11.086536081920164,0.2805325621532615,0.0027817175989018235,6.567597540744226e-05,9.587661480919836,-104.5054066832479,0.12271981762269746,11.090509811436815,10.967004868360426,1.6505187351057184,0.00975642473145404,0.0013917015670167053,9.336147961034104,L,0.5,0.0,0.0,0.5,53.142198232140906,51.72773862512157,10.5,-52.785714285714285,4.336147961034104
6150,0.3721538630784125,-104.93008867558959,0.02018068164493952,11.090071147009045,11.086350156930747,0.2872598886794467,0.0025090770272943623,5.778532463474345e-05,9.697688114734328,-104.49189794306696,0.125310644215136,11.089911273348655,10.961413297363869,1.6833153522498818,0.010397885147643112,0.0015110139954112303,9.335823487881312,L,0.5,0.0,0.0,0.5,53.118820091231704,51.712407918884644,10.5,-52.785714285714285,4.335823487881312
6160,0.483029925600186,-104.92786043710831,0.0207318058986876,11.090056465596177,11.086157001196934,0.2940669225257888,0.002250468012919439,5.0389005048764095e-05,9.807671302638772,-104.47809358342263,0.12792439448441237,11.089360881175791,10.955837453546346,1.7156778381802948,0.010804734224178181,0.0015877200225504213,9.335482153218138,L,0.5,0.0,0.0,0.5,53.095603346649675,51.69701535372556,10.5,-52.785714285714285,4.335482153218138
6170,0.5939047085867288,-104.92557895946467,0.0212946405946922,11.090040789475998,11.085956032271628,0.30097103312727125,0.001625910689060339,3.489472388829088e-05,9.917612010882559,-104.46399755411548,0.13055806272150647,11.088906289575002,10.950372313807154,1.7473376571177641,0.010370478287145638,0.001529213219805447,9.335125883063855,L,0.5,0.0,0.0,0.5,53.07255611066386,51.68156477254712,10.5,-52.785714285714285,4.335125883063855
6180,0.7047778876299873,-104.9232403608812,0.02187431372148068,11.090009265559006,11.08570720600599,0.30887093241588776,0.0015740963539603956,3.5473702192664845e-05,10.027510243376303,-104.44961205587337,0.13321479020667623,11.088500314192432,10.944828395574364,1.7792050498114973,0.009648419193301408,0.0014192194232268524,9.334755612665168,L,0.5,0.0,0.0,0.5,53.04967484791374,51.666058291450526,10.5,-52.785714285714285,4.334755612665168
6190,0.8156491839290947,-104.92084056534814,0.022471885992156673,11.089964348190094,11.085424587040468,0.3172868877940214,0.0018121102677858246,4.536784627396879e-05,10.137364588363994,-104.43493303488201,0.13589622078722843,11.088097143142807,10.939093242700887,1.8116669901688587,0.009091867887642803,0.0013306204321211544,9.334371120190294,L,0.5,0.0,0.0,0.5,53.02695581420927,51.65049178702126,10.5,-52.785714285714285,4.334371120190294
6200,0.9265183883609358,-104.91837630510142,0.02308684668357198,11.089910070677133,11.085118946148786,0.3259498817906454,0.0021840654435749734,6.021206102822721e-05,10.24717359026771,-104.41995567586567,0.13860082763057457,11.087696559375576,10.933215476569963,1.844400806679506,0.008610987170913539,0.0012518236555953885,9.333972172471888,L,0.5,0.0,0.0,0.5,53.00439603840459,51.63486036709967,10.5,-52.785714285714285,4.3339721724718885
6210,1.0373853480972157,-104.91584512172032,0.023718492466294407,11.089850058391704,11.084796235901777,0.33476368702160036,0.002593106693096966,7.690835078923925e-05,10.356936499647478,-104.40467901076052,0.1413278872652138,11.087311001709246,10.927249330380953,1.8771487208827948,0.00796927567581503,0.0011463426172430658,9.333559045688606,L,0.5,0.0,0.0,0.5,52.981993328200794,51.61916297704468,10.5,-52.785714285714285,4.333559045688606
6220,1.148249943710619,-104.91324505572825,0.024366417619200696,11.089786812818188,11.084458799514081,0.34372179976114386,0.0029912010782401676,9.36739418865516e-05,10.466652818394106,-104.38910523816341,0.1440807643714655,11.086927655773929,10.921144991909353,1.9101196062179102,0.007159133034490537,0.0010151148896850445,9.333132093957868,L,0.5,0.0,0.0,0.5,52.95974597082261,51.60340172726823,10.5,-52.785714285714285,4.333132093957868
6230,1.2591118532109293,-104.91056567019459,0.02502388599961321,11.089721548369479,11.084107802429715,0.3528147452801015,0.003742254494310815,0.00011979042763642217,10.57631966927915,-104.37322402694409,0.1468569644416251,11.086505479790793,10.914783100250023,1.943737026433304,0.0069478995802611425,0.0009839025530332416,9.332689726406523,L,0.5,0.0,0.0,0.5,52.93764393695307,51.58756619567741,10.5,-52.785714285714285,4.332689726406523
6240,1.3699712839713571,-104.90780853803182,0.0256859066991137,11.089672351675942,11.083789735811544,0.36116195791430095,0.0039054841080216323,0.00012671530868436543,10.685936522275947,-104.3570349528788,0.14965368261852266,11.08610825766699,10.908392662431016,1.9770598936130863,0.006444796043179974,0.0009031014278712312,9.332232308692372,L,0.5,0.0,0.0,0.5,52.91568891739934,51.57165585615636,10.5,-52.785714285714285,4.332232308692372
6250,1.4808283849554256,-104.90497540856555,0.026351665173501054,11.089636457454192,11.083487028327665,0.36925878647576915,0.0037664258678685118,0.00012244559098541455,10.795502654191026,-104.34053768907413,0.1524709825614556,11.085727348496489,10.901905537043495,2.0104244593078784,0.005872122133846337,0.0008090361192189788,9.331760106279223,L,0.5,0.0,0.0,0.5,52.893882790107035,51.55567027951682,10.5,-52.785714285714285,4.331760106279223
6260,1.5916832157901808,-104.90206717368027,0.027021963001740715,11.089609049390166,11.083185901779329,0.37738459814382247,0.0034843170146961217,0.00011221080867763854,10.905017495870696,-104.32373413362644,0.1553122135905025,11.085350467594903,10.895271062725756,2.044031178611839,0.005209413323260572,0.0007002964921010759,9.331273467096587,L,0.5,0.0,0.0,0.5,52.87222660594912,51.53961126178339,10.5,-52.785714285714285,4.331273467096587
6270,1.7025357612592806,-104.89908386404663,0.027697802792558873,11.089585638085543,11.082878243216186,0.38564163478346214,0.003158504454726199,9.974914593813276e-05,11.014447559512961,-104.30665067554814,0.15819260260562237,11.081421855930245,10.885003770539534,2.0771623105642565,0.002356664366458253,0.0010666959517700869,9.330738364207335,L,0.5,0.0,0.0,0.5,52.850720580137576,51.52350476022371,10.5,-52.785714285714285,4.330738364207335
6280,1.813386202456257,-104.89603364385897,0.028386551526214412,11.089563127280572,11.082559060300367,0.39407490264555267,0.0024568238980026114,7.573445117465814e-05,11.123824823505888,-104.28923611362575,0.1610957888933034,11.081484759984649,10.878191639316793,2.1128774559993446,0.00381034423900453,0.001101343154682468,9.33019134632456,L,0.5,0.0,0.0,0.5,52.82937291768194,51.507299658287025,10.5,-52.785714285714285,4.330191346324559
6290,1.9242341156509122,-104.89291245037386,0.02909371259657664,11.089521300841923,11.082175511504381,0.4035698378711522,0.0023349428038723094,7.290244229958797e-05,11.233153341531725,-104.27149627447541,0.16402419355745468,11.081934649393949,10.871692806522635,2.148388022225541,0.0045089040956565705,0.0009747929631001795,9.3296374644271,L,0.5,0.0,0.0,0.5,52.808179868977376,51.491001746095776,10.5,-52.785714285714285,4.329637464427099
6300,2.0350793783812264,-104.8897246048184,0.029827154004969204,11.089462334941407,11.08174443339183,0.4136607197611669,0.002131071803882518,7.06069948812293e-05,11.342430817631652,-104.2534268097651,0.16697395419452396,11.08232172697158,10.86502302717654,2.1838336656050292,0.005185946197619857,0.0008793327200839672,9.329076358231111,L,0.5,0.0,0.0,0.5,52.78714590185393,51.47460657587227,10.5,-52.785714285714285,4.329076358231111
6310,2.1459210759795178,-104.88645458801571,0.030584872364295954,11.089371032076851,11.081226443369864,0.42493575729239,0.003004868986853386,0.00010885737083491213,11.451656992550475,-104.23504091638779,0.16994946962640672,11.082538915600711,10.85819451749748,2.218621336774673,0.004796459313278386,0.0006507659833946852,9.328507957896724,L,0.5,0.0,0.0,0.5,52.766256023301665,51.45812726655723,10.5,-52.785714285714285,4.328507957896724
6320,2.2567587797360744,-104.88309079029604,0.03135540511031247,11.089274886867692,11.080705458702294,0.4358716026533947,0.00401743691765233,0.00015250598656198571,11.560794482812854,-104.21636142687161,0.17296496230270975,11.078874232642304,10.847346121487238,2.2531170372089786,0.002593381152480154,0.0010123563127399841,9.32789410361094,L,0.5,0.0,0.0,0.5,52.745498997313554,51.44158580655345,10.5,-52.785714285714285,4.327894103610941
6330,2.367592507717559,-104.87962645721258,0.03212491268067343,11.089199708243392,11.080238338149321,0.4457224911436078,0.0046910060012657845,0.00018068833671286704,11.669873130102337,-104.19733647365625,0.17600205557461396,11.07907712269013,10.839819279504118,2.2900366543369177,0.004425943550861331,0.0010985551126107456,9.327268860671737,L,0.5,0.0,0.0,0.5,52.724868297154714,51.42493071591076,10.5,-52.785714285714285,4.327268860671737
6340,2.4784228727682462,-104.87606729845349,0.03288686640546905,11.089164205913512,11.079856441472728,0.4542510562109466,0.004414225695392817,0.00016846788428711852,11.77889568850505,-104.17797046861821,0.1790606360513637,11.079561170754792,10.832530791676593,2.3265752478430106,0.005431964355388303,0.0010297262852320761,9.326635716059963,L,0.5,0.0,0.0,0.5,52.70436961581,51.408166372195225,10.5,-52.785714285714285,4.326635716059963
6350,2.5892502989775497,-104.87241821609577,0.03364112031587131,11.089158911652099,11.079517526867352,0.4623167093155054,0.0036753903253511915,0.00013406251804594317,11.887829083776683,-104.15829127897946,0.18214787826693768,11.076446488642974,10.821783057294454,2.361499158718029,0.003797587553840769,0.0013224778218324312,9.325960792295431,L,0.5,0.0,0.0,0.5,52.68400788819549,51.39131966095768,10.5,-52.785714285714285,4.325960792295431
6360,2.7000749998712896,-104.86868219499412,0.03438947752723518,11.089172018483705,11.079193160705067,0.47033494799774817,0.00276334042124618,8.989445985440564e-05,11.996705659459762,-104.13826503380601,0.18525300108071308,11.07715172928832,10.81444317563521,2.3981470419121984,0.004940122685611223,0.0011678142884903172,9.325280202232987,L,0.5,0.0,0.0,0.5,52.663786193614165,51.37435737959546,10.5,-52.785714285714285,4.325280202232987
6370,2.810897029758493,-104.86486067861065,0.03513358206574048,11.089193395591122,11.078868254339746,0.47842279189516,0.001842840169257125,4.411464710374528e-05,12.105493311150576,-104.11792695044505,0.18839486622936705,11.074239012880616,10.803457329958935,2.4339431863056293,0.003348824542945817,0.0013824534854579135,9.324560580978543,L,0.5,0.0,0.0,0.5,52.64370611478363,51.35731365472006,10.5,-52.785714285714285,4.3245605809785435
6380,2.921716971768369,-104.86097162186526,0.03588766809477554,11.08921679469342,11.078534218079263,0.48662994005457116,0.00022470778491230203,-2.8073422063012917e-05,12.214224301923656,-104.09723600868558,0.19156396370451,11.075311503863945,10.795848045329727,2.472284346464087,0.005084293458180816,0.0012458478251468836,9.323839582909429,L,0.5,0.0,0.0,0.5,52.623785499356934,51.34014829043895,10.5,-52.785714285714285,4.323839582909429
6390,3.0325336699221537,-104.85700006028173,0.0366556224865599,11.08919873682062,11.07807015740013,0.49667918460980565,0.0001865490055468122,-3.153897902086829e-05,12.3228653761551,-104.07623249278397,0.19478200212035698,11.072541437585484,10.784377185539379,2.509657866535864,0.003746184290915311,0.0014518553882713742,9.32308217309563,L,0.5,0.0,0.0,0.5,52.60400988144836,51.32290030901734,10.5,-52.785714285714285,4.32308217309563
6400,3.1433467954977172,-104.85294253959327,0.037434326775394086,11.08916552123133,11.077584833575141,0.5066618322033842,0.00022458961948756398,-2.8486094385082267e-05,12.431443855928585,-104.0548556482878,0.19802788907366972,11.073694602563918,10.776100331449202,2.5499752542708474,0.006728207811612522,0.001552211413022652,9.322322118981846,L,0.5,0.0,0.0,0.5,52.58437604852651,51.30550975698566,10.5,-52.785714285714285,4.322322118981846
6410,3.254155842793849,-104.84878884594347,0.03821473351346851,11.089125065850146,11.077092275069164,0.5164508259932161,0.0006848358158559785,-6.447151451049091e-06,12.539929679986782,-104.03313672942168,0.20130321960115546,11.071420008755315,10.764764094910452,2.5877007151512466,0.006300374284667315,0.0018186314069050537,9.321527993343327,L,0.5,0.0,0.0,0.5,52.564874110136536,51.28800659241004,10.5,-52.785714285714285,4.321527993343327
6420,3.3649611179918093,-104.84454167648393,0.03899045179640939,11.089103502735227,11.076659427214006,0.5251975132136426,0.0005871886717838011,-1.002137796575137e-05,12.648350805783027,-104.01103440431717,0.20458636458719864,11.072744841149024,10.75671544904675,2.626547365921907,0.008391957716181045,0.0017243413071894018,9.320732721634238,L,0.5,0.0,0.0,0.5,52.54550684073488,51.270350422423,10.5,-52.785714285714285,4.320732721634238
6430,3.4757628931819213,-104.84020425170914,0.0397599599414901,11.089100110517242,11.076261536329048,0.5334525657555518,0.00021318560395845688,-2.8031263930915073e-05,12.75667702308454,-103.98859138675067,0.20788667623123563,11.070390461277952,10.745405958123078,2.6626670389455245,0.006854961632446203,0.0017674280948953732,9.31990405306776,L,0.5,0.0,0.0,0.5,52.526277543270275,51.2525825164972,10.5,-52.785714285714285,4.319904053067759
6440,3.5865609874167967,-104.83577030494956,0.04051705648699266,11.08911003303411,11.075880800287857,0.5415032987458042,0.0001121891667711112,-3.646514857695503e-05,12.864906434726779,-103.96580164500392,0.21120282809468335,11.068089041557469,10.73392277532887,2.6991659610184646,0.005783711800395251,0.001825612878004381,9.319041780618083,L,0.5,0.0,0.0,0.5,52.50718018124986,51.23469649124049,10.5,-52.785714285714285,4.3190417806180825
6450,3.69735658425435,-104.8312619805264,0.04127073801445541,11.089148142652055,11.07556785690973,0.5486375640361573,-0.0013085374206467655,-0.00010653825798983973,12.973041183349496,-103.94266201244854,0.2145384894153058,11.066188114331252,10.722527278403719,2.7364078909501797,0.005010098584037479,0.0018275116683926197,9.3181508189747,L,0.5,0.0,0.0,0.5,52.488236703996364,51.21668901257054,10.5,-52.785714285714285,4.318150818974701
6460,3.808149218523339,-104.82667709031813,0.04203074426239438,11.089166699779527,11.075160793049244,0.5571638032069246,-0.0018393115551440299,-0.00013367452089331087,13.081084095722648,-103.91917015077584,0.21789936045484448,11.064743615073935,10.711224826676084,2.774565547922291,0.004535573709233192,0.0017724490021887441,9.317236182586377,L,0.5,0.0,0.0,0.5,52.469445170610584,51.19855763411105,10.5,-52.785714285714285,4.317236182586377
6470,3.9189387791018335,-104.82202057852493,0.042806555130126385,11.089164326822322,11.074689265764452,0.5664125122473732,-0.0022557256929628226,-0.0001513992772965074,13.189037107202745,-103.89532210284692,0.2212900631139281,11.063706780619057,10.699951057794056,2.8136551118301516,0.004428777697161549,0.0016984061014911074,9.31630254325627,L,0.5,0.0,0.0,0.5,52.45081066477824,51.18029827760892,10.5,-52.785714285714285,4.3163025432562705
6480,4.029723731909269,-104.81726877322006,0.04358957711061493,11.08912497494243,11.074116052126774,0.5767550380534987,-0.001076563896047642,-8.920535198963542e-05,13.296900869654786,-103.87111833574426,0.22471705325014715,11.062856679336383,10.688516328113032,2.853492003002414,0.004410331983433102,0.00159898916286737,9.315351456208663,L,0.5,0.0,0.0,0.5,52.432310051834456,51.161911237066725,10.5,-52.785714285714285,4.3153514562086634
6490,4.140504324829893,-104.81242283600359,0.04436934489425357,11.089100244878344,11.073621970045265,0.5856967692345478,-0.0006132324128691805,-6.199902770228333e-05,13.404674121661648,-103.8465428235557,0.22817637936910234,11.062380690508467,10.67703867745993,2.894324035376709,0.005314671664919058,0.0016382001670179876,9.31438490846154,L,0.5,0.0,0.0,0.5,52.41394459320205,51.14338024342829,10.5,-52.785714285714285,4.314384908461539
6500,4.25128087773406,-104.80748602998639,0.04514214320920378,11.08909399863851,11.073180396323291,0.5938700372322167,-0.0005425291421018965,-5.6142127523203686e-05,13.512355228219823,-103.8215854070726,0.23165803891162717,11.062084136460832,10.665653180378113,2.934884610683803,0.006313574470892626,0.0016737714211844143,9.31340421991267,L,0.5,0.0,0.0,0.5,52.39571763113967,51.12469486595377,10.5,-52.785714285714285,4.31340421991267
6510,4.362054423522538,-104.8024786312295,0.045920994468609144,11.08910370349112,11.072761925971127,0.6018008620338098,-0.0014502566605466027,-9.98469432391989e-05,13.619942123502701,-103.79623064173678,0.23514298691124347,11.062036713172647,10.654606910363508,2.974560106841627,0.007459041000998047,0.0017084282277021214,9.312412130152001,L,0.5,0.0,0.0,0.5,52.37764932561085,51.10583937048725,10.5,-52.785714285714285,4.312412130152001
6520,4.472823840962298,-104.79738734457314,0.04671027903472443,11.08908303205322,11.072210495550308,0.611487721868742,-0.0009492699360329673,-6.964100689036158e-05,13.727434587971727,-103.77049959161192,0.2386304200410073,11.061557090972956,10.643525225343431,3.0122111569961607,0.0067092082336951755,0.0013878875088414572,9.311407978165503,L,0.5,0.0,0.0,0.5,52.35972676431473,51.08683457318639,10.5,-52.785714285714285,4.311407978165503
6530,4.583588880816631,-104.79220955809899,0.04750770908414575,11.089055015523625,11.071645083471909,0.6211411135498783,-0.00046784098077842535,-3.891419175164044e-05,13.83483118758959,-103.74439923874517,0.2421269884668613,11.060920389860588,10.632090192032067,3.0500193473696546,0.0057194252653094465,0.0010507443431259488,9.310391543000229,L,0.5,0.0,0.0,0.5,52.34194752822796,51.06768715334558,10.5,-52.785714285714285,4.310391543000229
6540,4.694348567835344,-104.78692665896757,0.048298194896362466,11.089023913002393,11.071077716613809,0.6306263044276504,0.00075737937037234,2.9867157892065915e-05,13.942130017126447,-103.7179265338351,0.245636284493669,11.060330666280104,10.620349462734909,3.0885420082690156,0.0050703336975679815,0.0008016028253772622,9.309362115708353,L,0.5,0.0,0.0,0.5,52.32429337162602,51.04839374106134,10.5,-52.785714285714285,4.309362115708353
6550,4.805104112183772,-104.78155329507038,0.049077194624212596,11.089034591582811,11.070653674860955,0.6382126484235422,0.00043965600277152256,1.266167669494384e-05,14.049329606076704,-103.6910833949487,0.24916291199028434,11.059699650863733,10.608300944798048,3.1274442332217895,0.00439888354059972,0.0005695474930811132,9.308320449200886,L,0.5,0.0,0.0,0.5,52.30677884806082,51.02895594463962,10.5,-52.785714285714285,4.308320449200886
6560,4.915856173698444,-104.77610147978221,0.04985403451345453,11.089060185115768,11.070236483940812,0.6458482629422503,-0.00030154112626486803,-2.9166508719353974e-05,14.156427792624811,-103.66385928666207,0.25270401578985807,11.05926958036762,10.596121138262337,3.166963920620927,0.004387879141393236,0.00048179673515290225,9.307268479025634,L,0.5,0.0,0.0,0.5,52.28941597361673,51.00936289486615,10.5,-52.785714285714285,4.307268479025634
6570,5.026604372930877,-104.77056943078651,0.05063591756938745,11.089072176940922,11.069737980727385,0.654540131273004,-0.0004925872779479023,-3.973192808933026e-05,14.263423825694364,-103.6362632555372,0.2562642004656429,11.058670356447234,10.583687141733781,3.2062059413680535,0.003780359761810299,0.00029028913348659087,9.306206751526569,L,0.5,0.0,0.0,0.5,52.272203169032025,50.989623350483406,10.5,-52.785714285714285,4.3062067515265685
6580,5.137348305460449,-104.76495422362574,0.05142490272849291,11.089068989229261,11.069185786933968,0.6637597925643819,-0.00037147622549219147,-3.0822514346522944e-05,14.370315177859252,-103.6082814987442,0.25983912232330053,11.058332023126912,10.57114028144211,3.246182416899297,0.004061525096558567,0.000297069765997679,9.305136702880759,L,0.5,0.0,0.0,0.5,52.25513771601714,50.96972314716759,10.5,-52.785714285714285,4.305136702880759
6590,5.248087201083394,-104.75924476805243,0.05221401595429164,11.089053830714777,11.068604678263235,0.6731309952894198,0.00028941709046771203,9.63317366098164e-06,14.477100991910154,-103.57992038891418,0.2634296359289886,11.057871602789518,10.558449566469633,3.2856760546493398,0.0037597242242495364,0.00019130865871710452,9.304058337225769,L,0.5,0.0,0.0,0.5,52.238208802044085,50.94966835960958,10.5,-52.785714285714285,4.304058337225769
6600,5.358822205057843,-104.75346010899294,0.05301052033617471,11.089052515160656,11.068081057807358,0.6816651537205386,-0.00031748923155298827,-2.188912887377162e-05,14.583779031263246,-103.5511708362687,0.26703135082239654,11.057578719565708,10.54567745203292,3.325467518571915,0.003961045061146806,0.0002051251289488604,9.302974144899117,L,0.5,0.0,0.0,0.5,52.22143539842717,50.92944953523858,10.5,-52.785714285714285,4.3029741448991174
6610,5.469552648081126,-104.74759623387767,0.053822862479508626,11.089023177092965,11.06743459072813,0.6916115976900797,-9.673069431246023e-05,-2.3734918785003184e-06,14.690348411191806,-103.52203891468541,0.2706449734883591,11.057168674634436,10.532768340790023,3.364783823452622,0.003624133889634312,0.0001118253997559015,9.301885037325798,L,0.5,0.0,0.0,0.5,52.20481372589405,50.90907243963024,10.5,-52.785714285714285,4.301885037325798
6620,5.580278376371865,-104.74165686562691,0.05465992456841422,11.0889695125876,11.066705513833295,0.7023346219495628,0.00013539681894630593,2.1969223847191155e-05,14.796806972438443,-103.49251702676331,0.2742666205117154,11.056901968865748,10.519774922358971,3.4043232414115088,0.003700183919409591,0.00012010086651120162,9.30079296077217,L,0.5,0.0,0.0,0.5,52.188347647929724,50.888529104092335,10.5,-52.785714285714285,4.300792960772171
6630,5.690999397782258,-104.7356519486455,0.05553969050435053,11.088876826704604,11.065840614080939,0.7143953958300487,0.0003305981537955895,5.111050901609684e-05,14.903154047537551,-103.46261313138645,0.27789866860795676,11.056488129846478,10.506609117828555,3.4434132210058555,0.0031875454250898036,6.382789321259633e-06,9.29970005544568,L,0.5,0.0,0.0,0.5,52.17204720896593,50.86782718163648,10.5,-52.785714285714285,4.29970005544568
6640,5.801713967574548,-104.72956838982681,0.056472523647821196,11.088707626236106,11.064720728456132,0.7289664062355498,0.0019281115820760303,0.00017578209994942312,15.009387103798547,-103.43231574918413,0.28153561411028893,11.056299963579775,10.493391138244506,3.482888356589369,0.0033435985913053694,5.179994569845635e-05,9.298607906412418,L,0.5,0.0,0.0,0.5,52.15589967426323,50.846954794278986,10.5,-52.785714285714285,4.298607906412418
6650,5.912420724777347,-104.72339557001733,0.057460480893321335,11.088477418303494,11.063434742904098,0.7448108120382543,0.0040626963326657545,0.0003430069381417125,15.115505818134979,-103.40163371696234,0.28517850479378254,11.055961929807792,10.480081445928422,3.521673903141244,0.002784583010475494,-6.749841525828915e-05,9.297517390775498,L,0.5,0.0,0.0,0.5,52.13989471408909,50.825920491692344,10.5,-52.785714285714285,4.297517390775498
6660,6.02311698889928,-104.71709763331842,0.05848250440223123,11.0881991249371,11.062028279259257,0.7613738786721918,0.0075871964334605375,0.0006014568478533412,15.221508609601123,-103.3705655796976,0.28882821400716824,11.055668014313738,10.466581049587086,3.560684818282064,0.0024290827914321255,-0.00012621754132283278,9.296427108261872,L,0.5,0.0,0.0,0.5,52.123996948535115,50.804722457513165,10.5,-52.785714285714285,4.296427108261872
6670,6.133806069933483,-104.71071958084865,0.05955461459791299,11.087971515297987,11.060792807911223,0.7758703400175151,0.007510030377281219,0.0006275497644039525,15.327394549152228,-103.33911639769511,0.2924891991967463,11.055291996754073,10.452810488583303,3.5997547170963666,0.001872970680783159,-0.00021928146180662822,9.295341005969634,L,0.5,0.0,0.0,0.5,52.108251019725095,50.783365418499116,10.5,-52.785714285714285,4.295341005969634
6680,6.244485259719975,-104.70423905078125,0.060690732101101263,11.087651513679827,11.05917209835853,0.7941842278053186,0.009629320058135925,0.0008066939770105823,15.433161692436888,-103.30728365362289,0.2961642047777136,11.054966445196584,10.438738477022437,3.639371115007879,0.001667626165005971,-0.00020906253016001502,9.294259463067357,L,0.5,0.0,0.0,0.5,52.09263498312993,50.76184645656743,10.5,-52.785714285714285,4.294259463067357
6690,6.355153843160267,-104.69765651300844,0.06190117770476108,11.087276127717912,11.057367606649914,0.8138264825333978,0.011337499657534784,0.0009676068051606059,15.538807884793219,-103.2750627202156,0.29985239570034944,11.054724631593691,10.424474027052131,3.679304002074276,0.0017701475278289536,-0.00011391659084481525,9.293184311940335,L,0.5,0.0,0.0,0.5,52.07714945610786,50.740160526355595,10.5,-52.785714285714285,4.293184311940335
6700,6.465807006039641,-104.69091472198053,0.0631593292223274,11.086808320618804,11.055283159323276,0.8354836954276935,0.01565693305264445,0.0013127755909249804,15.64433085270025,-103.24244692094769,0.3035483234138307,11.054605550360233,10.410182753074576,3.7191933159818276,0.0021220836672383205,4.092010015764705e-05,9.292112729317614,L,0.5,0.0,0.0,0.5,52.061737825791916,50.71830052501238,10.5,-52.785714285714285,4.292112729317614
6710,6.576446201361442,-104.68401808423134,0.06444160867533057,11.086431945733635,11.053497643608603,0.8539104930391243,0.017338723744137727,0.0014608376945679591,15.749729905733446,-103.20944256547367,0.30725213042611715,11.054364063796987,10.395794928439111,3.758512027492516,0.0019518981493665765,6.150232663419965e-05,9.291044445131904,L,0.5,0.0,0.0,0.5,52.04640440581828,50.69627242425381,10.5,-52.785714285714285,4.291044445131904
6720,6.687072963985812,-104.67697842989533,0.06574800390740447,11.08613429849899,11.051840759793548,0.8713148136705084,0.017389147683445006,0.001479025011877208,15.855003575759001,-103.17605172271377,0.31096650355032235,11.05407582841059,10.381145679247123,3.7979477098164582,0.001765056827931908,8.838981812494767e-05,9.289980230475134,L,0.5,0.0,0.0,0.5,52.0311609236536,50.674077893051624,10.5,-52.785714285714285,4.289980230475134
6730,6.797688133506776,-104.66980823194561,0.06709433612706794,11.085863150813003,11.050111426633789,0.8896062373493988,0.01655966470365376,0.0014266106147624708,15.960151157362269,-103.14228504959966,0.314702330623998,11.053559369784063,10.365970475716537,3.837685609571753,0.0012218582074031946,4.6722434080984256e-05,9.288921128749205,L,0.5,0.0,0.0,0.5,52.01601981868792,50.65172721397998,10.5,-52.785714285714285,4.288921128749205
6740,6.908290159241291,-104.6624982351064,0.06849163541390758,11.085542527257449,11.048114200769247,0.9101789551480256,0.016428815673118283,0.0014288586580135179,16.065166859627077,-103.10811392892894,0.3184488331013784,11.053561839135378,10.350671961042478,3.878765175475176,0.0024377853385500192,0.0004753048592391882,9.287868510985652,L,0.5,0.0,0.0,0.5,52.00097203430057,50.62919106629003,10.5,-52.785714285714285,4.287868510985652
6750,7.018877112300863,-104.6550326664785,0.06993825404210076,11.085170173096502,11.045916008170686,0.9320607850064895,0.016825763521870415,0.0014754628943323663,16.17006217790714,-103.07359516409197,0.3222287675299626,11.052921844203201,10.335415922054437,3.9174301540943803,-0.0011154155406543301,-0.0007068442358705515,9.286825759048671,L,0.5,0.0,0.0,0.5,51.98600201827745,50.60652693417359,10.5,-52.785714285714285,4.286825759048671
6760,7.129448456137819,-104.64740912698515,0.07143344718642167,11.08478018539982,11.043639864003607,0.9541332783331983,0.016728686316837313,0.0014854475256150372,16.27481493450222,-103.03864337522208,0.32599348792017396,11.053093616445757,10.320127206404958,3.9580112351450136,0.001543548864779995,0.0002399318729356416,9.285787810823436,L,0.5,0.0,0.0,0.5,51.97110744941783,50.58364725484758,10.5,-52.785714285714285,4.285787810823436
6770,7.240003155984511,-104.63962156799586,0.07297828410635597,11.084359113422968,11.041222405304485,0.9769466474301766,0.01663068477616256,0.0014977995907609798,16.379428675243844,-103.00329097567003,0.3297588072908412,11.052717035083443,10.30448982062044,3.997504645945201,0.0020841507289240187,0.0005395086936924869,9.284755065669215,L,0.5,0.0,0.0,0.5,51.95628239070271,50.56058435341571,10.5,-52.785714285714285,4.284755065669215
6780,7.350540260657537,-104.63166506288388,0.0745743753298623,11.083909185016218,11.038664197899873,1.0004676644901613,0.016439978905457682,0.0015046982851657043,16.483904489015817,-102.9675444783894,0.33353417895576526,11.052414777522168,10.288553630631275,4.037516142879728,0.0024515912677521242,0.0007537953179619079,9.28372982413819,L,0.5,0.0,0.0,0.5,51.94152200925991,50.5373445525202,10.5,-52.785714285714285,4.28372982413819
6790,7.461058028534335,-104.62352516533565,0.07621675623139162,11.083427201430567,11.035952415184795,1.0247501252441495,0.016631979656015247,0.0015442840722124612,16.588241820728808,-102.93140421761782,0.3373210063188387,11.05220701027051,10.272484269039541,4.077664373168516,0.0027218819639300215,0.0009098335081499803,9.282712818901754,L,0.5,0.0,0.0,0.5,51.926812005912005,50.51392785375419,10.5,-52.785714285714285,4.282712818901754
6800,7.571556137342684,-104.61519878473307,0.077901381708926,11.082957825473972,11.033214784544228,1.0488687617378163,0.016294196164294013,0.0015347343728975003,16.692438772688902,-102.89486617385744,0.3411147032582757,11.052097837466073,10.256408715117637,4.117638507370607,0.0030237240228255585,0.0010523585487402342,9.28170481860969,L,0.5,0.0,0.0,0.5,51.9121493187362,50.490329776131404,10.5,-52.785714285714285,4.28170481860969
6810,7.682034224632485,-104.6066839964991,0.07962859900846679,11.082497138363514,11.030406754072168,1.073251909644048,0.015657537495729245,0.0014947652518239093,16.796493336117607,-102.85792667427532,0.3449078739680309,11.052057194051693,10.240443448477844,4.157076640996291,0.003227990842923686,0.001142000821078333,9.280706711612291,L,0.5,0.0,0.0,0.5,51.89753204996573,50.466546164929284,10.5,-52.785714285714285,4.280706711612291
6820,7.792490965629124,-104.59796959275981,0.08139438078075847,11.082031243880802,11.027482137528713,1.0982049885314986,0.015293968263611355,0.001475164171544291,16.90041955069377,-102.82065155209676,0.3487355153624975,11.051189081803622,10.224167198716719,4.194661513693415,-0.0012638595054877961,-0.0004619040414897233,9.279721037202789,L,0.5,0.0,0.0,0.5,51.88294907938124,50.44264384105708,10.5,-52.785714285714285,4.279721037202789
6830,7.9029269931253445,-104.58906299978759,0.08320279958118945,11.081593625539453,11.024542229636324,1.1230253374532522,0.014067233183980279,0.0013714753278081663,17.00419373125427,-102.78296481506618,0.35256656898169936,11.050956605636786,10.207099277582024,4.235418071129676,0.00046172226243872605,0.0002773236605211498,9.278741665302782,L,0.5,0.0,0.0,0.5,51.86840778542288,50.418544173631844,10.5,-52.785714285714285,4.278741665302782
6840,8.01334148478073,-104.57996465624765,0.08506398218405067,11.081121126338555,11.021380749599906,1.1490917234647726,0.012997056732157015,0.0012843558805208423,17.107812664076878,-102.74485793806666,0.356402081332816,11.050925208299665,10.18966841536959,4.277102470628025,0.0026216574954263908,0.0010939254672173932,9.277770351661077,L,0.5,0.0,0.0,0.5,51.85390864743764,50.394237990864745,10.5,-52.785714285714285,4.277770351661077
6850,8.123732076187656,-104.57066248299218,0.08698111571135535,11.080573789249208,11.017917381914428,1.1766953999674084,0.01271133409255813,0.0012792506572263302,17.21127780813094,-102.70633418986365,0.3602335817425044,11.051033637108132,10.172728545530502,4.3175153025142,0.0038537613012697295,0.0015295492791465998,9.276810196113756,L,0.5,0.0,0.0,0.5,51.83943970608183,50.369728423255026,10.5,-52.785714285714285,4.276810196113756
6860,8.23409642992528,-104.56114019760406,0.08894662082294914,11.079979136618656,11.014271491573707,1.2048905252392794,0.012956798079190535,0.0013299577928299114,17.314591816463235,-102.66740768374677,0.3640581313054863,11.051001590824699,10.156149777248249,4.356289460367661,0.0037498424146865405,0.0014841119905394601,9.275862186286368,L,0.5,0.0,0.0,0.5,51.824984779027815,50.345029525071546,10.5,-52.785714285714285,4.275862186286368
6870,8.344432636339917,-104.55137759742284,0.09094114650315614,11.07940205711853,11.010627090320328,1.2325749556057106,0.013473689028826145,0.0014014397028402161,17.417771305127957,-102.62814931639716,0.3679162504018798,11.050087787382228,10.139177276907132,4.393350003847172,-0.0010956868317445723,-0.0003627036629235956,9.274927580281224,L,0.5,0.0,0.0,0.5,51.81052372598106,50.320213529136524,10.5,-52.785714285714285,4.274927580281224
6880,8.454743709665026,-104.54139422010324,0.09296468746077899,11.078950715680094,11.007239450715947,1.2585025367757408,0.011984022741599288,0.0012515548822188043,17.520788954047845,-102.58847020327627,0.37176976903290543,11.050098935224213,10.121489781382948,4.433974637230556,0.0009133879091346225,0.00045628661829641025,9.274000678709049,L,0.5,0.0,0.0,0.5,51.79607590121154,50.295188383398425,10.5,-52.785714285714285,4.274000678709049
6890,8.565028974031465,-104.53118918909092,0.09502549157528889,11.078503237047508,11.003663298146595,1.2855457962646561,0.010832417628907513,0.0011312773685666876,17.62364304248835,-102.54836850629643,0.37561676087619383,11.050197141501917,10.103715910649521,4.474570556259545,0.002679744691000481,0.0011228583551731153,9.27308291246027,L,0.5,0.0,0.0,0.5,51.7816404321775,50.269951713464124,10.5,-52.785714285714285,4.27308291246027
6900,8.675286976390494,-104.52075618410291,0.09712672213415684,11.078032133764243,10.999876716788098,1.3135859972518855,0.010076168921238296,0.001053014956732433,17.72633738272479,-102.50785894290323,0.37945556836359273,11.050227976375044,10.086359847070149,4.513633056117075,0.0030333996676725336,0.0012387679519179477,9.272177131700705,L,0.5,0.0,0.0,0.5,51.767211030212515,50.2445183207023,10.5,-52.785714285714285,4.272177131700705
6910,8.785516416655714,-104.51008935262463,0.09926803055340036,11.077540878820509,10.995934098198067,1.3421420304962226,0.009520653258428168,0.0009979298567906359,17.82888750042208,-102.46699617877432,0.3833126421832111,11.049755917955252,10.069118741974721,4.550819003915725,-0.0007129530368297113,-0.0003458293477815416,9.271288490589397,L,0.5,0.0,0.0,0.5,51.75278185778977,50.21894425942802,10.5,-52.785714285714285,4.271288490589397
6920,8.895716139024932,-104.49918350800273,0.10144785481717804,11.077035987667339,10.991864605794168,1.370999183065683,0.009079683430881615,0.0009567563164289456,17.931273748681306,-102.42572966425108,0.3871628089721339,11.049576563081185,10.051312115529091,4.589582440659621,-9.733963037094327e-05,-2.0231029468418594e-05,9.27041057125237,L,0.5,0.0,0.0,0.5,51.73834772884769,50.19317639190819,10.5,-52.785714285714285,4.27041057125237
6930,9.00588534651133,-104.48803629098192,0.1036660685625936,11.076525519641676,10.987684338172128,1.4000751665393545,0.008600697779086114,0.0009118579977196002,18.033494585792056,-102.38406212864847,0.3910201092937177,11.049388815871641,10.032680378128335,4.629721118450657,0.00084909342217325,0.00039974653810084603,9.2695434543948,L,0.5,0.0,0.0,0.5,51.72390626522858,50.16721687938102,10.5,-52.785714285714285,4.2695434543948
6940,9.116024474285,-104.47665836104153,0.10593426069227406,11.076002335908083,10.983350808160552,1.4296267939291867,0.007605651853212728,0.0008108735884688043,18.135549817341115,-102.34199224321827,0.39488425691965506,11.049400691813382,10.014028265385626,4.669956482485012,0.001705581303233478,0.0007378981037267265,9.268691215517654,L,0.5,0.0,0.0,0.5,51.709468065861856,50.1410640694281,10.5,-52.785714285714285,4.268691215517654
6950,9.226129161609679,-104.46502842829942,0.1082522084481849,11.075362541694787,10.978560638396376,1.4611166069242323,0.008170718251455055,0.0009079600168971947,18.237438807040753,-102.29951904964302,0.39874810574069336,11.049523690888924,9.99564956847955,4.709454692389573,0.002239512842204785,0.0009194250653142635,9.26785478926423,L,0.5,0.0,0.0,0.5,51.69501191760092,50.11471661591186,10.5,-52.785714285714285,4.267854789264231
6960,9.336199283592839,-104.45315048157323,0.11062172460715061,11.07471071128827,10.973680538146251,1.492498839340702,0.008096178131069713,0.00093257118945689,18.339174321013942,-102.25668307866925,0.40262583574043265,11.049315276040526,9.977672494299057,4.74693792521564,-0.0007525596466691981,-0.00047883738840215004,9.267039903682688,L,0.5,0.0,0.0,0.5,51.680541746005964,50.08821625241579,10.5,-52.785714285714285,4.267039903682688
6970,9.44622989966117,-104.4409933992244,0.11302762310220507,11.073989635467965,10.968500564808755,1.5248743575265367,0.009569798412416085,0.001153451658857769,18.44073396758423,-102.21342484596543,0.40647597343578395,11.049563509514357,9.959758680206129,4.784982840392423,0.0005480078981910299,7.46570908848527e-05,9.266237914458742,L,0.5,0.0,0.0,0.5,51.66602647503485,50.06150044866723,10.5,-52.785714285714285,4.266237914458742
6980,9.556223336697496,-104.42856733289409,0.11546250576080463,11.07339529557059,10.963606853548121,1.5554446736536622,0.009355706795740826,0.00114585335242394,18.542121261614852,-102.16976575204811,0.41031256147675277,11.049479829202502,9.941467466827092,4.822678623127556,0.0007428527882100051,0.0001791357693029179,9.265449050028087,L,0.5,0.0,0.0,0.5,51.65147611872097,50.03459057108417,10.5,-52.785714285714285,4.265449050028087
6990,9.666178272696625,-104.41586245942104,0.1179207221700737,11.072848946208747,10.958642787918688,1.5862320234927452,0.009466396981049618,0.0011686802918482204,18.643338632478642,-102.1257144108456,0.4141433604704075,11.049456511222576,9.923018808814733,4.860471881752638,0.0005795176894568708,0.00010953402609222183,9.26467410164197,L,0.5,0.0,0.0,0.5,51.63688080347067,50.00749520253117,10.5,-52.785714285714285,4.264674101641971
7000,9.776095429654294,-104.40288052768406,0.12039871763741722,11.072400992267175,10.953773837329821,1.6164474795636965,0.008924499612063616,0.0010900726363006926,18.744401379665007,-102.08131743798889,0.4179959594274739,11.049064378309783,9.904500075942932,4.897213685523698,-0.0030082674052469126,-0.0015565529290684265,9.263917464681588,L,0.5,0.0,0.0,0.5,51.622242189565064,49.98026254688513,10.5,-52.785714285714285,4.2639174646815885
7010,9.88597679239713,-104.38963776777646,0.12290885982165209,11.072016914668943,10.948875382093394,1.6467198991037926,0.007461680844130412,0.0008803333749346938,18.845282944521372,-102.0365007599639,0.42182684371900986,11.049466766594707,9.885852624651314,4.9356492693216785,-0.001169299338355119,-0.0007533421469553038,9.263175508702638,L,0.5,0.0,0.0,0.5,51.60757641317797,49.95281489321946,10.5,-52.785714285714285,4.263175508702638
7020,9.995819585278218,-104.376127906875,0.12546211869535462,11.07154524320018,10.943505191864318,1.6789306679750824,0.006947451902600479,0.0008116390417026185,18.945989408377546,-101.99129435295234,0.42565271094064744,11.049365908077034,9.866884690159287,4.973235715474914,-0.001015504466643079,-0.0006403274907723458,9.262449510914122,L,0.5,0.0,0.0,0.5,51.59287717789185,49.92518249180268,10.5,-52.785714285714285,4.262449510914122
7030,10.105622177172721,-104.362352575007,0.1280690838892204,11.070980236782916,10.937758515754437,1.7123206633919914,0.006560424508909461,0.000778218802496967,19.046517948232637,-101.94568547370194,0.4294687401223203,11.049719727882673,9.847931412251038,5.0114422040325675,-4.270577751523978e-05,-0.000252445984899418,9.261743737951685,L,0.5,0.0,0.0,0.5,51.57814606101768,49.897351996305765,10.5,-52.785714285714285,4.261743737951685
7040,10.215379239198027,-104.34829079259083,0.13072727471821707,11.070260389496362,10.931489225835485,1.7473432395196005,0.0075461018842360615,0.0009634162365618551,19.14687160508053,-101.89968524456556,0.4332704845972206,11.04999797520958,9.829491598675318,5.04812342991999,-0.0001803771340762874,-0.0003534842933952077,9.261059605230795,L,0.5,0.0,0.0,0.5,51.56336204132714,49.86933458450829,10.5,-52.785714285714285,4.261059605230795
7050,10.325089109856947,-104.33393674740604,0.13343040237851406,11.069509494199515,10.925107245057303,1.7821537885854941,0.008287698858600576,0.0011215372029428903,19.24706415490233,-101.85333336960568,0.4370752624332503,11.049945776579824,9.811341098057905,5.083196585113954,-0.0035658490917572176,-0.002055432232014735,9.260401277610335,L,0.5,0.0,0.0,0.5,51.548519210347386,49.84117147391141,10.5,-52.785714285714285,4.260401277610335
7060,10.4347492580801,-104.31927721224696,0.13616840040477718,11.068753509940176,10.91860624988365,1.8169594997728071,0.009281403271051774,0.0013171197335519584,19.347077402207592,-101.80659271312618,0.44085973572002884,11.050012792517073,9.792846008209176,5.1188816917655515,-0.003401917247998902,-0.001898579831518355,9.25976113842732,L,0.5,0.0,0.0,0.5,51.53360423609263,49.81282264995379,10.5,-52.785714285714285,4.25976113842732
7070,10.544360037107392,-104.30431220993034,0.13893492297238283,11.068083726397179,10.91220544918134,1.8510131305301813,0.009545171170279776,0.001389714421507578,19.446910509459713,-101.75946767065476,0.44463996619051266,11.050057424179588,9.773421204388603,5.155968099132661,-0.002769403700020697,-0.001555067331458681,9.259138115497645,L,0.5,0.0,0.0,0.5,51.51861702229527,49.78429198324758,10.5,-52.785714285714285,4.259138115497645
7080,10.6539229429776,-104.28905237886742,0.14173738215268278,11.067487004177416,10.905774911520075,1.885031078495871,0.008976290467979577,0.0013234319253580687,19.546564090056577,-101.71195957120115,0.4484188822463875,11.050271086416348,9.75389683939086,5.193263668427602,-0.002169966163134518,-0.0012631580060692774,9.25853519246146,L,0.5,0.0,0.0,0.5,51.50356809979299,49.75558058721782,10.5,-52.785714285714285,4.25853519246146
7090,10.763435593239292,-104.2734927129612,0.14458359413834743,11.066841773284182,10.898930932171266,1.9204924812839401,0.008929285320780939,0.0013437868038152564,19.64603789737585,-101.66406873775,0.45219255363211686,11.050587794934152,9.73456575901702,5.230078402559662,-0.0017265691842338322,-0.0010642874772158085,9.257954265163505,L,0.5,0.0,0.0,0.5,51.48845235278546,49.72668843949972,10.5,-52.785714285714285,4.257954265163505
7100,10.872896750185298,-104.25763592602469,0.1474835661891509,11.066137364139543,10.891724958481635,1.9569679585505413,0.008769576406084131,0.0013565073576210407,19.745334039814285,-101.6158069312416,0.45596360042522815,11.050714747512703,9.715276660891107,5.266089235214242,-0.0019810887474942577,-0.0011617854138335694,9.257397252796038,L,0.5,0.0,0.0,0.5,51.47327237831838,49.69762719968156,10.5,-52.785714285714285,4.2573972527960375
7110,10.982258722305668,-104.24149601475088,0.15045136447072607,11.060727306054776,10.879507815057345,1.9939905318260467,0.007073452981013637,0.0022107498291268953,19.844449193882916,-101.56716849080189,0.45972949181100325,11.050958192236928,9.695828617415359,5.302318774675649,-0.0017506929888717099,-0.001043660731159493,9.256913506124258,L,0.5,0.0,0.0,0.5,51.45804161471262,49.66839040174463,10.5,-52.785714285714285,4.256913506124258
7120,11.091565877770728,-104.22501466661888,0.15345917669398096,11.060540197595756,10.872121621983588,2.032860275431769,0.009406827650836206,0.0023535041677427483,19.943379483226757,-101.5181446010966,0.4634796214833621,11.051386765873085,9.676627866104008,5.338166594426795,-0.0012267251987330093,-0.0008154765198427844,9.256443683043562,L,0.5,0.0,0.0,0.5,51.44270185230043,49.6389683666756,10.5,-52.785714285714285,4.256443683043562
7130,11.200821628305464,-104.20818727546431,0.15650348183551155,11.060851671772214,10.865089713007734,2.0717782780113523,0.011246586753874334,0.0023721227564905134,20.042125560834727,-101.46874078999063,0.4672074774429076,11.051745771084125,9.657866696173576,5.3727735358581,-0.001324100728221895,-0.0008810389699853699,9.255983052822184,L,0.5,0.0,0.0,0.5,51.42724841303754,49.60936635187763,10.5,-52.785714285714285,4.2559830528221845
7140,11.309983886491134,-104.19104842338552,0.1595929301845349,11.056626195160641,10.853683082218556,2.10868356333405,0.009617060920911406,0.002871211807110402,20.14069104870054,-101.41897315758571,0.470919082292332,11.051845934165097,9.639110301568385,5.4065563112502435,-0.0022309759657499055,-0.0013015747706347515,9.255581573513119,L,0.5,0.0,0.0,0.5,51.41171512118618,49.57960056711788,10.5,-52.785714285714285,4.255581573513119
7150,11.419096189241717,-104.17354994716776,0.16270301550075647,11.057439598756599,10.847009100019553,2.14694295784576,0.011107646635192266,0.00262734428562037,20.23907526540658,-101.36884422265675,0.4746208817977602,11.05195306830864,9.619942598134937,5.440806101368216,-0.002842090611554176,-0.0015753214155663242,9.255182607873863,L,0.5,0.0,0.0,0.5,51.39605424323571,49.5496730715258,10.5,-52.785714285714285,4.255182607873863
7160,11.528117291695763,-104.15573513510141,0.16585455882280117,11.053681338824763,10.835799940843888,2.183875175528679,0.009151234306005904,0.0028999146251602456,20.337274183086404,-101.3183445563492,0.47830905348003766,11.052302147175235,9.600646489119926,5.475488082664736,-0.0027452914832337793,-0.0015367197611935357,9.254838217577172,L,0.5,0.0,0.0,0.5,51.380308165988566,49.519573547632326,10.5,-52.785714285714285,4.254838217577172
7170,11.637094034467625,-104.13756652411053,0.16903734527519973,11.055160056953037,10.829359561504326,2.222956448629779,0.00997108549305254,0.0023642272268005315,20.435291354828692,-101.26748925925875,0.4819898012603955,11.052409282991832,9.581318573460782,5.509454179192297,-0.0034251232270911475,-0.0018495255641942769,9.254491860400964,L,0.5,0.0,0.0,0.5,51.36444014254709,49.489317219888335,10.5,-52.785714285714285,4.2544918604009645
7180,11.74597877749759,-104.11908385074125,0.17228102352033006,11.051533278553025,10.817545506631408,2.2621001345925458,0.00822650281893963,0.0026091205506487735,20.53312360366512,-101.21627280039682,0.4856642430837303,11.052666770633122,9.561651001537683,5.5440303811803755,-0.0034017193699989534,-0.0018277085652187567,9.254200461954804,L,0.5,0.0,0.0,0.5,51.34848872180768,49.45889775652619,10.5,-52.785714285714285,4.254200461954804
7190,11.854769257820593,-104.10026501571481,0.17558015441439626,11.04817172562598,10.805559969282715,2.3026011876042016,0.00788677491002441,0.002935143333339736,20.630770182856843,-101.16469692266115,0.4893327267828928,11.052925606443598,9.541898376054059,5.578471102608088,-0.0033830744724424096,-0.0018078019105247415,9.253958734789768,L,0.5,0.0,0.0,0.5,51.33243142852025,49.42831643384051,10.5,-52.785714285714285,4.253958734789768
7200,11.963469223819821,-104.0810729960677,0.17891403883141213,11.045920763706746,10.794357352333313,2.3439741611663716,0.009258835326526065,0.0032864049505342556,20.72822400947349,-101.1127425932304,0.49297948028336824,11.053596707540368,9.522456148353639,5.612916271924003,-0.002422071259271473,-0.0013724988090437129,9.25375123034152,L,0.5,0.0,0.0,0.5,51.31623103261675,49.39755288901904,10.5,-52.785714285714285,4.2537512303415195
7210,12.072126579930462,-104.06147596708858,0.1822585828340627,11.04891717372394,10.788362264569214,2.3853323374806403,0.01172797567731429,0.002656129529214816,20.825492343108372,-101.06043432330424,0.49660703764733216,11.053841852392392,9.50353230381912,5.645378060676548,-0.0031557037501685923,-0.0017551991394044327,9.253521661059809,L,0.5,0.0,0.0,0.5,51.29985690027231,49.36663232219996,10.5,-52.785714285714285,4.253521661059809
7220,12.180697211240744,-104.04153121483976,0.18563502452322928,11.04673995963045,10.777491004121119,2.4240774310620754,0.010057096533463077,0.0025051250524218997,20.922537540431954,-101.00746523856888,0.4999801877176585,11.065266169902843,9.495901738589684,5.680489906851854,0.00868298975872548,0.002167918740019608,9.253395522155014,L,0.5,0.0,0.0,0.5,51.28336486803395,49.33524656613005,10.5,-52.785714285714285,4.253395522155014
7230,12.289176194739078,-104.02123775093764,0.18904508858814306,11.044215738847205,10.766047623456625,2.463111823621545,0.008553522745544643,0.002382209160731382,21.019459101329304,-100.95396446641381,0.5029678133744986,11.078407631026787,9.50577239972477,5.689587570626131,0.0040167381450353055,-0.0032245520692274813,9.25343206767387,L,0.5,0.0,0.0,0.5,51.26675351737493,49.30354292801887,10.5,-52.785714285714285,4.25343206767387
7240,12.397563368321203,-104.00058412164911,0.19249053440626102,11.042034515881753,10.754507633646714,2.5034160277026487,0.007911501653840993,0.002327079652765495,21.11639879615571,-100.9000368952475,0.5056129709139141,11.098866199366704,9.526946774933776,5.6940421546581135,-0.008169160957205022,-0.014191800878188937,9.253728130910748,L,0.5,0.0,0.0,0.5,51.250011112667494,49.27165476796223,10.5,-52.785714285714285,4.253728130910748
7250,12.505860344948928,-103.97955093559038,0.19596366928635636,11.04051188116709,10.743279666800337,2.5445715944154728,0.008215922959622271,0.002306571681947532,21.21334289442809,-100.84578735665885,0.5079578285781049,11.113483799586298,9.544450097972845,5.693241123558113,-0.023116469586463913,-0.024728070377333846,9.254227494400704,L,0.5,0.0,0.0,0.5,51.23311806495517,49.23968256963202,10.5,-52.785714285714285,4.254227494400704
7260,12.614069103468278,-103.9581372947338,0.19945982545130375,11.039301385830417,10.732317710788871,2.585252723020494,0.008101313930188595,0.0021315644243993207,21.310223784424952,-100.79129928538912,0.5100422059287395,11.118681842513512,9.553213624783373,5.6886901264080985,-0.03753391764983714,-0.032374632951117775,9.254834910064842,L,0.5,0.0,0.0,0.5,51.21607330505014,49.207693803208784,10.5,-52.785714285714285,4.254834910064842
7270,12.722190724776596,-103.93634323390818,0.20297778705168668,11.03831449332112,10.721456574686929,2.62578669555726,0.00776173843519852,0.0018660044917794155,21.406971797270597,-100.73662686969622,0.511896712533391,11.115624064880057,9.553605169641667,5.682053028117273,-0.0495721265354553,-0.03659775118964513,9.255463634446187,L,0.5,0.0,0.0,0.5,51.19887668116454,49.17572624194923,10.5,-52.785714285714285,4.255463634446187
7280,12.830225262402584,-103.9141788394286,0.20652589006367453,11.037263976404176,10.7103418078102,2.66641602993649,0.006850640655704747,0.0015023672503928348,21.50359284078199,-100.6817390046293,0.5135471752180022,11.114824941196781,9.553397571897163,5.680838697474117,-0.05474823461530867,-0.03770918695137668,9.256131612897493,L,0.5,0.0,0.0,0.5,51.181538052250446,49.1437507652868,10.5,-52.785714285714285,4.256131612897493
7290,12.938171288460206,-103.89163767021645,0.2101091131455405,11.036372175594746,10.698921817907086,2.708243477339808,0.006573843087696123,0.0012548567895088784,21.600092174747743,-100.62668473029433,0.5150328072176417,11.112254277614243,9.551403697142417,5.6791621340273615,-0.05940178451992655,-0.03809988182690036,9.256824030962802,L,0.5,0.0,0.0,0.5,51.16405070178159,49.11181629065532,10.5,-52.785714285714285,4.256824030962802
7300,13.04602683243714,-103.86871356620097,0.2137286287949844,11.035569011670926,10.687233842604329,2.750784652575393,0.0066463017886241645,0.0010859848165029249,21.696475652661707,-100.57150498457847,0.5163779700507625,11.108271440929169,9.548598123780785,5.676087409113135,-0.06304320450072058,-0.03773118363659834,9.257529326016185,L,0.5,0.0,0.0,0.5,51.14640816442238,49.079963933934394,10.5,-52.785714285714285,4.257529326016185
7310,13.153789579422833,-103.84540164389911,0.2173840170373972,11.034789758207426,10.675283523955292,2.7937263092522495,0.006897892702378835,0.0009762767446757929,21.792775712584064,-100.51622504041119,0.5176007891208948,11.105851677191877,9.547937726063338,5.6724621334127985,-0.06566285060195892,-0.03735286136663392,9.258266482779778,L,0.5,0.0,0.0,0.5,51.12860522493678,49.048225658008924,10.5,-52.785714285714285,4.258266482779778
7320,13.261457041386837,-103.82169807742648,0.22107451607939282,11.033996081598284,10.663062311340177,2.8369299732638775,0.00722046048054876,0.0009117004841869296,21.889016770117475,-100.46085647654341,0.51871630802086,11.104982870836878,9.548854894197513,5.669216415973258,-0.06642819009416027,-0.03644244493034409,9.259051956817228,L,0.5,0.0,0.0,0.5,51.110637704682716,49.01661846665672,10.5,-52.785714285714285,4.259051956817228
7330,13.369026654020779,-103.7975996448433,0.22479952239181913,11.03317128151155,10.65055826308142,2.88036060448675,0.007559352788892295,0.0008838842235021538,21.985215492653953,-100.40540569670074,0.5197344278520142,11.105248528393352,9.550911008444423,5.666272477225027,-0.06524145944139079,-0.03483392282120207,9.259896861455958,L,0.5,0.0,0.0,0.5,51.09250201188432,48.9851526994688,10.5,-52.785714285714285,4.2598968614559585
7340,13.476495829575986,-103.77310336107945,0.22855868916684585,11.03231261563538,10.637761819820863,2.9240289180972714,0.007893054378455335,0.000888000850268724,22.081377458508566,-100.34986966777822,0.5206535655706283,11.106157913506463,9.553747558380172,5.663272127532556,-0.06204849205699171,-0.032355899661278026,9.260805405951157,L,0.5,0.0,0.0,0.5,51.074194777266435,48.95382703165885,10.5,-52.785714285714285,4.260805405951157
7350,13.583869960916592,-103.74824450077149,0.2323682294276877,11.031254057916657,10.624890266318621,2.9665253949680817,0.0049564208503154366,5.572433398027339e-05,22.177517128760957,-100.29426823745767,0.5214802895759296,11.107332903098037,9.557630345282913,5.6590234496043115,-0.05865474394930054,-0.029946712615198254,9.261788362564477,L,0.5,0.0,0.0,0.5,51.05575129068676,48.922664531668936,10.5,-52.785714285714285,4.261788362564477
7360,13.691133674726077,-103.72294427170017,0.23618300582139098,11.030716552084114,10.61191470542673,3.010643442384093,0.007427530190041224,0.0006025266299912652,22.273641104752798,-100.23861408535187,0.5222268901731517,11.10847326173064,9.56144854281806,5.6548103389616,-0.054328096848904196,-0.027101622479205507,9.262828435956367,L,0.5,0.0,0.0,0.5,51.03709173508215,48.891679499256,10.5,-52.785714285714285,4.262828435956367
7370,13.79828650266488,-103.69721827919277,0.2400099273404607,11.029934042048541,10.598646842878573,3.054198761030681,0.008540542932284132,0.000868991579899769,22.36975948194563,-100.18292899303336,0.5229148849854894,11.109426311721442,9.564911393694885,5.65082498457831,-0.049760914797138844,-0.024180326958934437,9.263928876095434,L,0.5,0.0,0.0,0.5,51.018231375966344,48.860895941140306,10.5,-52.785714285714285,4.263928876095434
7380,13.905326469524297,-103.67108848396325,0.243862955403598,11.028609340070629,10.584709596496609,3.0974419661594474,0.008279252499365935,0.0009265699103600891,22.465863863102456,-100.1272043144116,0.5235504722543453,11.110116967857143,9.56724918416912,5.648224684578557,-0.04335434722269714,-0.020236490229907592,9.265091228587481,L,0.5,0.0,0.0,0.5,50.9991917157504,48.830303870931914,10.5,-52.785714285714285,4.265091228587481
7390,14.012264857927695,-103.64460330485984,0.24777469096965146,11.02731245274161,10.570729096222358,3.140271692810705,0.004566604943127085,-1.5233345923656712e-05,22.561952331564047,-100.07144115022516,0.5241298804814359,11.110591997575302,9.569654027561517,5.645084262379081,-0.03681535294449606,-0.01627095574194621,9.2663176979946,L,0.5,0.0,0.0,0.5,50.980021544660005,48.799904294517304,10.5,-52.785714285714285,4.2663176979946
7400,14.119085105606986,-103.61767754018337,0.2517065508517586,11.026751295144273,10.556409509180979,3.186135966878895,0.006942231141298486,0.0006321092234602842,22.658030225206357,-100.0156519678182,0.5246573593300576,11.110907668992784,9.572285414116287,5.641242875429069,-0.030898788236349017,-0.01273049091049423,9.267587171400251,L,0.5,0.0,0.0,0.5,50.9606344672564,48.769711014239675,10.5,-52.785714285714285,4.267587171400251
7410,14.225787272557938,-103.59038259038377,0.2556996787102898,11.024551522389133,10.540616127351276,3.2305027357417213,0.004383861520750942,0.00020804316911333096,22.754102521833083,-99.95984801920451,0.5251457631967742,11.111100419715498,9.574562525367156,5.637757088136808,-0.025310659862567465,-0.009446588700705666,9.268923468426456,L,0.5,0.0,0.0,0.5,50.94110140493473,48.73973658239052,10.5,-52.785714285714285,4.268923468426456
7420,14.332355694882148,-103.56263736019892,0.2597213272273658,11.023162296320256,10.524407164096893,3.278255764171321,0.007683526171967745,0.0013128115492872072,22.85016831936182,-99.90402990516847,0.5256052578162441,11.111196377618743,9.576099430745245,5.635335361315107,-0.01952149379423191,-0.006112261658299745,9.270304224552163,L,0.5,0.0,0.0,0.5,50.92133999694259,48.70998177305211,10.5,-52.785714285714285,4.270304224552163
7430,14.43880021605176,-103.53450659420722,0.26380849583668187,11.021171835051177,10.507763321861775,3.324626082653768,0.006211368920825635,0.0011121805483440277,22.94622263894917,-99.8481904859253,0.5260357197390785,11.111225009938499,9.57715348744321,5.633600296385711,-0.01357194295262484,-0.0027531569406243394,9.27174000561903,L,0.5,0.0,0.0,0.5,50.901415185754125,48.680438823758756,10.5,-52.785714285714285,4.27174000561903
7440,14.544939281997737,-103.50592270018966,0.2678862184749018,11.003993949110964,10.475921595591217,3.3679295650438252,0.008921159256517076,0.005609821014404076,23.042272305791826,-99.79234219487114,0.5264460123163439,11.111217713678494,9.578238737555397,5.631740562841646,-0.008846230212365481,-0.00017230239130404824,9.273367710100972,L,0.5,0.0,0.0,0.5,50.88124482953288,48.65112189849847,10.5,-52.785714285714285,4.273367710100972
7450,14.650977985515096,-103.47693399038906,0.2720239872565747,11.005008774204532,10.461590114837607,3.415457566630097,0.007807197999662177,0.004344466080986168,23.13831223892079,-99.73647720826216,0.5268407718578609,11.111170187765333,9.578525991056068,5.6311582094759585,-0.003857112093461402,0.0025057967245754147,9.275012650557017,L,0.5,0.0,0.0,0.5,50.86089237699078,48.622022533598404,10.5,-52.785714285714285,4.2750126505570165
7460,14.756928579352847,-103.44752471177652,0.2762142740029452,11.007748493882877,10.448660726884336,3.4635265148466283,0.0072878799091132184,0.0031073968068230473,23.234343891024874,-99.68059849944194,0.5272248991222049,11.111098183979735,9.578586954299798,5.630912431653992,0.0002974305999063455,0.0046465088650373245,9.276653677687051,L,0.5,0.0,0.0,0.5,50.84034300214722,48.59314436989858,10.5,-52.785714285714285,4.276653677687051
7470,14.862782325748807,-103.41767820161884,0.2804469695805473,11.010278997471504,10.435177214950478,3.5118826994563044,0.0076305901824078905,0.0022385774273648,23.330365083652946,-99.62470286562203,0.5276026686757368,11.111000961162754,9.578128914128392,5.631499699307218,0.004122062785547493,0.006553676515992034,9.278287539273377,L,0.5,0.0,0.0,0.5,50.81957929384429,48.564484135719475,10.5,-52.785714285714285,4.278287539273377
7480,14.968515962014166,-103.38739663267424,0.2847240149553881,11.010759375100836,10.419288825431924,3.5602306650834294,0.008018530868313405,0.0019043742735228436,23.426374505872644,-99.56878847281686,0.5279773401705,11.110883549294453,9.577291152356612,5.632692733406807,0.0073795089616097475,0.008096624734026022,9.279932080917899,L,0.5,0.0,0.0,0.5,50.79860127252928,48.536040096633535,10.5,-52.785714285714285,4.279932080917899
7490,15.073956462024428,-103.35668062532696,0.2890060641083342,10.995165675610975,10.387860896720774,3.603611275444849,0.008290287293709234,0.0051853375429450925,23.522376125817683,-99.51286248731594,0.528360359996292,11.110748795184458,9.576043971279445,5.634547066962478,0.009681344003823623,0.00905815779741378,9.281741899755186,L,0.5,0.0,0.0,0.5,50.7773937322381,48.507820596443125,10.5,-52.785714285714285,4.281741899755186
7500,15.179283526821436,-103.3255038386605,0.2933290381290226,10.997395139230363,10.37262791829935,3.6539416958791886,0.009835289223816834,0.0044253413607535375,23.61835643166377,-99.45690242271831,0.5287462858746415,11.110585984399773,9.573845672000735,5.637960621133627,0.012776666959013444,0.010469028802972843,9.283535339980878,L,0.5,0.0,0.0,0.5,50.755945685017764,48.479800717286366,10.5,-52.785714285714285,4.283535339980878
7510,15.284506772691488,-103.29386675670379,0.29769298108023856,11.000700101239964,10.358272918142351,3.704265766747805,0.01071297169917391,0.0034686167317891474,23.714321710670262,-99.40091894624956,0.5291373564152748,11.110424896360538,9.57202545832329,5.640733108637465,0.01411979435804918,0.010842461206851882,9.285301424482162,L,0.5,0.0,0.0,0.5,50.73425835755022,48.45199277446369,10.5,-52.785714285714285,4.285301424482162
7520,15.389446464979534,-103.26180779374307,0.302067834167154,10.986210050778887,10.327396399432622,3.747224958395364,0.009354657418704674,0.005891490622062179,23.810260405576788,-99.34489263067923,0.5295257327429279,11.110251806925875,9.56959413933995,5.644516207932274,0.016005574057200465,0.011531858386496093,9.287213350451067,L,0.5,0.0,0.0,0.5,50.71235256389874,48.424375269305415,10.5,-52.785714285714285,4.287213350451067
7530,15.49427310469843,-103.22929197746052,0.3064981930474057,10.988980290182287,10.311437808333004,3.798939081229843,0.010359985017019614,0.004761169109070908,23.906179300062554,-99.28883474096327,0.5299121653515011,11.110093446327735,9.567689904330889,5.64743183054911,0.016143148962655094,0.011196471896421603,9.289099475851732,L,0.5,0.0,0.0,0.5,50.69020905645934,48.3969612217629,10.5,-52.785714285714285,4.289099475851732
7540,15.598852851277488,-103.19630747340474,0.3109321394975587,10.979773852624472,10.28436840378462,3.8454129024088686,0.011129212984343433,0.006538336053368897,24.00207591930382,-99.23274115364556,0.5302997842883551,11.109935444594484,9.565328409377805,5.651120066306031,0.01618189161705056,0.010813537940033879,9.291071838175572,L,0.5,0.0,0.0,0.5,50.6678024581075,48.369746319377924,10.5,-52.785714285714285,4.291071838175572
7550,15.70334856890647,-103.1628318599579,0.31538992911928987,10.98658028704792,10.272367693690752,3.8965893252135886,0.012088939360429747,0.004481058047504534,24.09795708959366,-99.17662349280943,0.5307014157204091,11.109782237463946,9.56274960675259,5.655181811615131,0.015208906434802402,0.009851914096055013,9.29297096530052,L,0.5,0.0,0.0,0.5,50.64512623558862,48.34274396506031,10.5,-52.785714285714285,4.292970965300521
7560,15.807757704418647,-103.1288722104744,0.3198650445419241,10.993102475898752,10.260345887655026,3.9463406228165194,0.011959237245734462,0.0024509058010458986,24.193818605432067,-99.12047505425215,0.5311267549195919,11.10961507882342,9.559145178201208,5.66094432596659,0.014765073999916993,0.009226031537214642,9.294797749145305,L,0.5,0.0,0.0,0.5,50.62218724715628,48.3159468858483,10.5,-52.785714285714285,4.294797749145305
7570,15.911903191851902,-103.09448558249994,0.324335570219908,10.981549182480817,10.231846735855934,3.987948698416193,0.009115034085995594,0.003726698207590107,24.289655073866808,-99.06428698300175,0.5315762411575955,11.109438689797756,9.554986176268548,5.667615651549797,0.01456020417524384,0.008768151157240316,9.29673207896202,L,0.5,0.0,0.0,0.5,50.59902336557754,48.28934538751112,10.5,-52.785714285714285,4.29673207896202
7580,16.015799077526076,-103.05963534448294,0.3288019589034615,10.972772418975424,10.204733896228099,4.033006405375655,0.008869259152609726,0.004948557575588682,24.385462166924196,-99.00805201648106,0.5320454915413232,11.109262858236258,9.550679420537898,5.674525870898951,0.01430916149869969,0.008311638990866952,9.29874118866506,L,0.5,0.0,0.0,0.5,50.57559864289241,48.262931581972396,10.5,-52.785714285714285,4.29874118866506
7590,16.119607873461895,-103.02430031945657,0.33329955770241604,10.979977962620948,10.192008417311428,4.084468200524354,0.008946860187101828,0.0025691050256833364,24.481242385078577,-98.95177428823156,0.5325369772177373,11.109097203098592,9.546422664858385,5.681360309976045,0.013426168981522164,0.007511350305958365,9.3006666417448,L,0.5,0.0,0.0,0.5,50.55190915604672,48.23671044740036,10.5,-52.785714285714285,4.300666641744799
7600,16.223190634795447,-102.9885112273205,0.33779390754467914,10.973476616215104,10.167114370117726,4.1287981824697235,0.007204035063631296,0.002987502779349111,24.577001437419383,-98.89546362479638,0.5330662520510331,11.108932826681043,9.541685368536749,5.688991903278068,0.012100129642543155,0.006482115388132738,9.302644441370681,L,0.5,0.0,0.0,0.5,50.52796979695856,48.2106933530528,10.5,-52.785714285714285,4.302644441370681
7610,16.326533814170396,-102.95228529834675,0.34229526122754006,10.965382057834766,10.14042584135412,4.172693066867275,0.005025274014554472,0.0033712690710328607,24.6727250396742,-98.83909659292578,0.5336308087584961,11.10874485460899,9.53577378136359,5.6985288132517535,0.012315618803311954,0.006404811188552696,9.304688565399667,L,0.5,0.0,0.0,0.5,50.50379533711469,48.18485402057777,10.5,-52.785714285714285,4.304688565399667
7620,16.42965720933974,-102.91560021926658,0.3468083457907032,10.96014389021647,10.115476962240582,4.219227408025011,0.004370381719228339,0.0035510700466940526,24.768409883045898,-98.78266743295471,0.5342206745258903,11.10856865879142,9.530162438829413,5.707565289736774,0.012122954087142975,0.006118148946098691,9.306767944319509,L,0.5,0.0,0.0,0.5,50.47936507456526,48.159186241256535,10.5,-52.785714285714285,4.306767944319509
7630,16.53272186699782,-102.87842350192577,0.35136632991721956,10.971081079533024,10.10479163086711,4.2729154157841105,0.00482159782459817,0.00042071507422154937,24.86405757714464,-98.72617855476109,0.5348338246934274,11.108412403316517,9.52481038990747,5.716188691642969,0.011362587414132706,0.005524923502710931,9.308721330903731,L,0.5,0.0,0.0,0.5,50.45466529216572,48.133693057307504,10.5,-52.785714285714285,4.308721330903731
7640,16.63558023869171,-102.84077872408271,0.3559235669902624,10.96777710088598,10.081672251679503,4.3187983449606016,0.0039001022036047484,0.00044865502601864086,24.959667874454613,-98.66962947316378,0.5354724234242408,11.108268246647787,9.519283304703015,5.725108628164704,0.010508456714997762,0.004907134849896534,9.310688537444607,L,0.5,0.0,0.0,0.5,50.42970177181935,48.108374197935575,10.5,-52.785714285714285,4.310688537444607
7650,16.738224951402906,-102.80266111385808,0.3604717378213931,10.964163586353985,10.058204776831394,4.364103552352626,0.003315884602480175,0.0005237935278786488,25.055238742273033,-98.61301680560777,0.5361374123841925,11.108131733245854,9.513493883990375,5.734459409780601,0.009746653298383638,0.004375335481587587,9.312670821369029,L,0.5,0.0,0.0,0.5,50.4044682598048,48.08322608867256,10.5,-52.785714285714285,4.312670821369029
7660,16.840799294748532,-102.76404050696303,0.36503977057397885,10.974995928367322,10.04744418474762,4.415812607217443,0.003795176226208706,-0.002295314897659935,25.150770375824962,-98.55634088803328,0.5368313974381287,11.10800362146718,9.507540974774717,5.7440759977134555,0.00886099493979875,0.0037988725282146964,9.314523898271354,L,0.5,0.0,0.0,0.5,50.37895222782867,48.05824936651419,10.5,-52.785714285714285,4.314523898271354
7670,16.943161573657175,-102.72495174506614,0.36959014629469894,10.97179040193947,10.024550181378617,4.459661229859619,0.0024607535136088247,-0.0021764913541154093,25.246262474111955,-98.49960142520105,0.5375591396552546,11.107875705513958,9.501242301680849,5.754241688867233,0.008044610459454756,0.003292857479658868,9.316387169322503,L,0.5,0.0,0.0,0.5,50.3531703975607,48.03344391522573,10.5,-52.785714285714285,4.316387169322503
7680,17.04529934498787,-102.68540298218282,0.3741237367841178,10.967386760834032,10.000415362305967,4.5028063408359476,0.0010626094566094997,-0.0019473584545167898,25.341712455694093,-98.44279449734243,0.538323811489169,11.107739363927807,9.494487362423811,5.765117822015943,0.007528129947439879,0.002995229298260153,9.318272224996313,L,0.5,0.0,0.0,0.5,50.32712862383437,48.00880546387872,10.5,-52.785714285714285,4.3182722249963135
7690,17.14722060056743,-102.64539230956754,0.3786453335847728,10.964043286441955,9.97686601566,4.546689971016438,-4.3753076666321836e-05,-0.0018656544030161374,25.437112770411353,-98.38590786916096,0.5391193316679459,11.107593961830624,9.487409511834143,5.776478544550752,0.007575581688738595,0.0030628131535199296,9.320167374339656,L,0.5,0.0,0.0,0.5,50.30082538443006,47.984320280314456,10.5,-52.785714285714285,4.320167374339656
7700,17.249061798209187,-102.60488822585563,0.3831847117317081,10.974536137660904,9.965262730629286,4.597171102575588,0.00010779309867826772,-0.004460785596586725,25.532458800048293,-98.32893360413767,0.5399341315734176,11.107463836255283,9.480630893343568,5.787347469946698,0.0075569999007459995,0.0031096669491954302,9.321934016987475,L,0.5,0.0,0.0,0.5,50.27424715730814,47.95997960238477,10.5,-52.785714285714285,4.321934016987475
7710,17.35069560235289,-102.56392001762919,0.3877032765017796,10.972526744971168,9.94307356417931,4.640218881305723,-0.0012271978316453654,-0.004371819832531593,25.627762279892266,-98.27189061789323,0.5407773205530472,11.1073681207861,9.474333107135186,5.797468304846305,0.00620211548195213,0.0023622853643359308,9.323698255125512,L,0.5,0.0,0.0,0.5,50.24740586463089,47.935805291233066,10.5,-52.785714285714285,4.323698255125512
7720,17.45212187430421,-102.52247508303306,0.3921890199544336,10.971185812779895,9.9215065100593,4.683014703093913,-0.001815638944508649,-0.0042314845156368195,25.723013279707885,-98.21476329108074,0.5416500184572101,11.107248349636336,9.467041221688433,5.8091390418332285,0.006164283083240756,0.0024312421964030233,9.325450419282994,L,0.5,0.0,0.0,0.5,50.22028846158577,47.91177962512089,10.5,-52.785714285714285,4.325450419282994
7730,17.55344840389608,-102.48052466312207,0.3966555972113522,10.980917759657551,9.909866986403552,4.730231617600938,-0.0014600704777955752,-0.0062286205267662355,25.818220860091273,-98.15756659791272,0.5425634532399275,11.10713779318718,9.459835975207108,5.82065402502368,0.00513068841643551,0.0019082471363118577,9.32708047495256,L,0.5,0.0,0.0,0.5,50.19288109715302,47.88791990218913,10.5,-52.785714285714285,4.3270804749525595
7740,17.654570156503663,-102.43812526475624,0.40108013928987185,10.97913032262416,9.889101023161249,4.769379791427437,-0.004165796533080284,-0.0065050960727875045,25.913370503089208,-98.10027790393934,0.5435142812384778,11.106978886245571,9.45149487603026,5.83388589088599,0.005775788976675014,0.0024245874959702173,9.328703173030409,L,0.5,0.0,0.0,0.5,50.16522490885513,47.86420025630499,10.5,-52.785714285714285,4.328703173030409
7750,17.75557930467804,-102.39524727704568,0.4054862547017157,10.987087656833182,9.876257255977196,4.814108203259859,-0.004790153013960062,-0.008266689311640537,26.00846763896901,-98.04290604982315,0.5445044990504517,11.10682855421799,9.443493519529063,5.84654348135757,0.005466416319470735,0.002366351141588203,9.330221863195803,L,0.5,0.0,0.0,0.5,50.13730342434135,47.84063100422351,10.5,-52.785714285714285,4.330221863195803
7760,17.8563646594539,-102.35194078090366,0.4098570956687641,10.983273935922098,9.853421606698454,4.852049978323981,-0.007595620117917024,-0.007926552092194852,26.103501197133184,-97.98543370991594,0.5455278532976103,11.106648516617524,9.434857975367176,5.860127665531923,0.006203615337046337,0.00295759215181285,9.331754662018845,L,0.5,0.0,0.0,0.5,50.10914996260938,47.81719236462435,10.5,-52.785714285714285,4.331754662018845
7770,17.95701804154756,-102.30814622711631,0.41420116349851893,10.990348136695909,9.839260660637647,4.89660104744134,-0.006766491483610031,-0.008688675336958577,26.198470745927693,-97.92785984643015,0.5465770655924529,11.106487111441668,9.42662514611654,5.873056641240844,0.006395668864934024,0.0032140000699084877,9.333190850687629,L,0.5,0.0,0.0,0.5,50.08071867957529,47.79388339092783,10.5,-52.785714285714285,4.333190850687629
7780,18.057544917267002,-102.26389998025562,0.41852241829829107,10.996596052128535,9.825420995086496,4.938241286430056,-0.008411425093952544,-0.010098124265095744,26.293376823867078,-97.87018515601613,0.5476509211696031,11.106343283976548,9.418500042270082,5.885806494890011,0.006281076885966062,0.0032783872163541015,9.334541078730846,L,0.5,0.0,0.0,0.5,50.05204635976458,47.770705093768065,10.5,-52.785714285714285,4.334541078730846
7790,18.157835235843326,-102.21923271256907,0.4228000909787396,10.99198195223824,9.80197489459698,4.974430158723885,-0.010669533614868776,-0.009077492414943808,26.388223274945638,-97.81241602861772,0.5487570901536517,11.106207383761365,9.410207088803618,5.8988003014973796,0.005770928320905014,0.0030951918339457846,9.335915625162341,L,0.5,0.0,0.0,0.5,50.02314648797609,47.74766495525103,10.5,-52.785714285714285,4.335915625162341
7800,18.257978865129946,-102.17411650233372,0.42705871359226844,10.996787584317987,9.786108747877892,5.016115304627481,-0.010845808269531972,-0.00954873819299265,26.483008340833976,-97.7545505865872,0.5499041330173071,11.10604283635179,9.401168491354795,5.9128857996784205,0.005615451427894591,0.003131976858485982,9.33721975535697,L,0.5,0.0,0.0,0.5,49.994004736391965,47.72476080482619,10.5,-52.785714285714285,4.337219755356969
7810,18.357972422338385,-102.12853794024142,0.43128362190398234,11.002035146588872,9.770771748825128,5.057350768845047,-0.010360893471433527,-0.009617244434359998,26.57772407971953,-97.6965770903994,0.5510905200364244,11.105837417727129,9.391465820841702,5.927899668934188,0.0061290219813415585,0.0035849819561482475,9.338447102358744,L,0.5,0.0,0.0,0.5,49.964607241446345,47.70197909358523,10.5,-52.785714285714285,4.338447102358744
7820,18.45780546453591,-102.08248795978366,0.43544625038138907,11.006850429548974,9.756026890848426,5.096145178809648,-0.009857650776067222,-0.009479301607641917,26.672369291678358,-97.63849399266842,0.5523144640844568,11.105621083328817,9.381733613313799,5.9428860038953735,0.006395443162732351,0.003879957783392278,9.339600700776982,L,0.5,0.0,0.0,0.5,49.934943301097455,47.679318115373434,10.5,-52.785714285714285,4.339600700776982
7830,18.55748102165779,-102.03601405168104,0.4395530218413457,11.01006596463527,9.741240800740426,5.131255227291858,-0.01211262771226345,-0.010219126308072807,26.766939578413236,-97.58029478943206,0.553573166023188,11.105388119288365,9.371747549464946,5.958187068994137,0.006834568245150738,0.004277139511791243,9.340698257574848,L,0.5,0.0,0.0,0.5,49.905060138747054,47.65677040832498,10.5,-52.785714285714285,4.340698257574848
7840,18.65698247009359,-101.98910128704051,0.44359993996400776,11.012723235198932,9.725266724731059,5.167132685341964,-0.01149008072307486,-0.009298217307523362,26.861430468232793,-97.52197251970522,0.5548603920978114,11.105154119402897,9.361725276189361,5.973487077817142,0.007280775571748975,0.004669006284858272,9.341745360376988,L,0.5,0.0,0.0,0.5,49.87494015454748,47.63432803918974,10.5,-52.785714285714285,4.341745360376988
7850,18.75632725420446,-101.94182578254309,0.44764177693847124,11.013910846672385,9.707867321398389,5.202263373626224,-0.015122615989449027,-0.0102716331873033,26.955843366752518,-97.4635292513531,0.5561750135455448,11.104940159637824,9.351874878332874,5.988499996588747,0.007208979834298938,0.0047216572512381785,9.342762134465564,L,0.5,0.0,0.0,0.5,49.84466107034117,47.61199356270384,10.5,-52.785714285714285,4.3427621344655645
7860,18.855488970092097,-101.89412561876503,0.4516546516325324,11.015704045427935,9.689469720530477,5.240220620487311,-0.013017514806949619,-0.008430862858424308,27.050182500452895,-97.40497212083932,0.5575265716319439,11.104727634183734,9.34175352482477,6.003883485780505,0.006721452697598115,0.004501320602360038,9.34374128411504,L,0.5,0.0,0.0,0.5,49.81415722046734,47.589775273220866,10.5,-52.785714285714285,4.3437412841150405
7870,18.95447086376208,-101.84602421795189,0.45565061744867147,11.016948036367006,9.670706117066558,5.277365558054727,-0.012039029730683772,-0.00708082079040662,27.14444991295316,-97.34630596248734,0.5589317966351518,11.104466584105829,9.33067624427345,6.020602871978362,0.0063360546414747854,0.0043434065490913125,9.344689465399577,L,0.5,0.0,0.0,0.5,49.78345195176219,47.56767855896378,10.5,-52.785714285714285,4.344689465399577
7880,19.053275257866396,-101.79753641485948,0.45964110566600924,11.017931159300215,9.651528423884978,5.314396119411773,-0.011412933427650544,-0.005903097193002428,27.238629626242826,-97.28750799197488,0.5603880845458121,11.10410443626519,9.318252651225956,6.039147527541013,0.007463937876928745,0.005150973602208423,9.34560765874141,L,0.5,0.0,0.0,0.5,49.752559994997206,47.54567661564097,10.5,-52.785714285714285,4.345607658741409
7890,19.151899328105983,-101.74866056597457,0.46362939640601325,11.01892364013732,9.63190864932729,5.35191684896087,-0.010271195783124899,-0.0045345985662424496,27.33271447232504,-97.22856727799264,0.5618820104589651,11.10372666135166,9.306006714024738,6.057308379844811,0.008467519066163498,0.005871452456703473,9.34649558690011,L,0.5,0.0,0.0,0.5,49.721478964601765,47.52375678121508,10.5,-52.785714285714285,4.34649558690011
7900,19.25034241162601,-101.69940399199687,0.46762134178177966,11.019698308279983,9.611877081800783,5.389394193215188,-0.009292518763521716,-0.003273931283981525,27.42670428684656,-97.16948312968871,0.5634060775491166,11.103378322322904,9.294203145355338,6.074767325708626,0.008839252131023498,0.0061716563263260315,9.347356660218695,L,0.5,0.0,0.0,0.5,49.69021566670038,47.501918432940215,10.5,-52.785714285714285,4.347356660218695
7910,19.348602311826394,-101.64977114118834,0.4716258613584086,11.02026745778187,9.591105260294825,5.427429845423248,-0.008130837546700381,-0.001958271887218019,27.52060411022,-97.1102633695697,0.5649663180998561,11.103056370501305,9.282422772321114,6.092166137132506,0.008499999861274334,0.005999644535172056,9.348194702804086,L,0.5,0.0,0.0,0.5,49.65877379927801,47.48017076384567,10.5,-52.785714285714285,4.348194702804086
7920,19.44667811413254,-101.59977344115087,0.4756604980456773,11.02044158252058,9.56918368428762,5.46633847196753,-0.007049644015061193,-0.0006871459107141876,27.61441370375671,-97.05090894615674,0.5665739550606322,11.102703400392949,9.269826515593923,6.11067419912803,0.00828276109064992,0.005899870098078333,9.349014539288703,L,0.5,0.0,0.0,0.5,49.62716413929331,47.458514670712134,10.5,-52.785714285714285,4.349014539288703
7930,19.544558607086465,-101.54938899835228,0.4797254711116547,11.020851918937968,9.546161146218378,5.507266507950138,-0.004305280130164406,0.0013004440714297026,27.708124112977746,-96.99140784193581,0.5682303136096672,11.102284972035134,9.256264256531342,6.130440735667988,0.008784867210037585,0.0062651965925446165,9.349812511019973,L,0.5,0.0,0.0,0.5,49.59536280618373,47.436935801906635,10.5,-52.785714285714285,4.349812511019973
7940,19.6422408605849,-101.49862219292216,0.4838241128086373,11.02096035311842,9.522580120332105,5.5481559960822935,-0.0020198478361906,0.0030208650659949553,27.80173200718798,-96.93175583394437,0.5699337291212182,11.101839717477395,9.242450316008458,6.150443664376881,0.009155109754144724,0.006540494838675373,9.350591645038143,L,0.5,0.0,0.0,0.5,49.56337321782148,47.415429079853425,10.5,-52.785714285714285,4.350591645038143
7950,19.739713279967777,-101.44744892419158,0.4879432570928663,11.021344696600286,9.49863692099557,5.58980639775467,0.0013435156343006207,0.005152736813052024,27.895232939243375,-96.87194703095568,0.571682214056418,11.101369295614669,9.228307709322118,6.170797117041046,0.009570439182733939,0.006840326771892504,9.351348484995949,L,0.5,0.0,0.0,0.5,49.531169171760865,47.39398745282077,10.5,-52.785714285714285,4.351348484995949
7960,19.836996854233185,-101.3959279810916,0.492106854549033,11.020865110013494,9.475032310628762,5.628785880245731,-0.0002170699708604444,0.004588803958447969,27.988621785277886,-96.81197425591162,0.5734713191281658,11.10088734593829,9.213940645508549,6.191364764594182,0.010001624162345787,0.00714321749825132,9.352091785853096,L,0.5,0.0,0.0,0.5,49.49881196317957,47.37260240805752,10.5,-52.785714285714285,4.352091785853096
7970,19.934051039891354,-101.34397456637056,0.4962675564799902,11.021077444782968,9.450542092925813,5.670220647712156,0.004025307388577993,0.0070982820523526995,28.081896057853367,-96.75183392297302,0.5752972746127651,11.100418584257614,9.199549099354824,6.211890945138336,0.010171141134222638,0.007262914951731812,9.35281423559091,L,0.5,0.0,0.0,0.5,49.466210290533034,47.35126972898306,10.5,-52.785714285714285,4.352814235590911
7980,20.03087596282103,-101.29159689978886,0.5004239213604977,11.021081915723192,9.426084432646991,5.710794941309906,0.006957004955438837,0.008817532867056391,28.175050093866908,-96.6915175923328,0.5771530300243864,11.099966764165016,9.185069633280332,6.23247607274665,0.010377374704505402,0.007394496763846737,9.35351815691199,L,0.5,0.0,0.0,0.5,49.43337177240757,47.32997950369489,10.5,-52.785714285714285,4.35351815691199
7990,20.127493658653616,-101.23884509113141,0.504594355557984,11.020679099776054,9.40243370857689,5.7488788625311775,0.00553802705130197,0.007995869133856331,28.268087548893295,-96.63103032447886,0.5790391430927925,11.0995685618216,9.170846060832115,6.2526798084580095,0.009818042045474517,0.007001857307825744,9.35420898898399,L,0.5,0.0,0.0,0.5,49.40034938129767,47.308737815379125,10.5,-52.785714285714285,4.35420898898399
8000,20.223866679729692,-101.18563321148407,0.5087155040079844,11.021354474635448,9.379271396091811,5.787877204469768,0.008914055659807752,0.009692189367738753,28.361008276229953,-96.57037272240193,0.5809615891363357,11.099171832417225,9.156161143254717,6.273462240603381,0.009219643015919302,0.006576160894634793,9.354875880714697,L,0.5,0.0,0.0,0.5,49.36705110927982,47.28754520019999,10.5,-52.785714285714285,4.3548758807146974
8010,20.32003068213556,-101.13205107288728,0.5128212825864197,11.020809726260056,9.35722422342775,5.8224223356713996,0.00565979696455293,0.007701963177819611,28.45381464468838,-96.50954987605941,0.5829324679411875,11.098745137400801,9.140816572115547,6.295046943424307,0.008457121156833518,0.006042040608887243,9.355530923691958,L,0.5,0.0,0.0,0.5,49.33357156477565,47.266407299765845,10.5,-52.785714285714285,4.355530923691958
8020,20.41595547104498,-101.07802999826708,0.5168725641841652,11.021273126207843,9.334934779119578,5.858963559543182,0.007019174311288568,0.008189061640775094,28.54649815448994,-96.44855196716003,0.5849570739503638,11.098218875094219,9.124269694277897,6.318082362994291,0.008521115017907388,0.006077803324732411,9.356163271759593,L,0.5,0.0,0.0,0.5,49.29983701580179,47.24531183129483,10.5,-52.785714285714285,4.356163271759593
8030,20.51167439690493,-101.02365059415413,0.5209107966187708,11.020759845634068,9.313078127612627,5.892683884625371,0.002972953791821508,0.005586449545135148,28.639044477273927,-96.38735950837753,0.5870229833322177,11.097625332892958,9.107200018532568,6.341624070512847,0.009348990997043892,0.006638548587496294,9.356780400080403,L,0.5,0.0,0.0,0.5,49.265932687068265,47.22423531060629,10.5,-52.785714285714285,4.356780400080403
8040,20.607119806041528,-100.96857263540412,0.5246885025413447,11.03130181540613,9.301146779158081,5.931128757255219,0.013959153013505324,0.009153010525636794,28.731453647807403,-96.3259718655334,0.5891200007918113,11.09708527788218,9.090788037017033,6.364186871126381,0.009409989622757265,0.006668149364132045,9.35727216024341,L,0.5,0.0,0.0,0.5,49.23151134710321,47.203177141259744,10.5,-52.785714285714285,4.35727216024341
8050,20.702412215627383,-100.91284732405994,0.5280472184258184,11.048801625403566,9.311016256374911,5.948192467552024,0.011739209700249574,0.003488116996688311,28.823730458246374,-96.26439595130081,0.5912520044615697,11.096595452395688,9.07450832932939,6.386527163886504,0.008809576906477271,0.006235794292038691,9.357558985269728,L,0.5,0.0,0.0,0.5,49.19664774665246,47.18214553497833,10.5,-52.785714285714285,4.357558985269728
8060,20.797719743210525,-100.85657139466483,0.5310008281009247,11.07574732701281,9.336527352831224,5.958308135844082,0.0004181392269100026,-0.009416728884473424,28.915880197680856,-96.20264114724164,0.5934360166299436,11.096086209827776,9.05748193236642,6.409769903887816,0.007939755681529685,0.005621300023364695,9.357542193995515,L,0.5,0.0,0.0,0.5,49.16147205992563,47.16115118987819,10.5,-52.785714285714285,4.357542193995515
8070,20.893060698114358,-100.79991684534747,0.5336039786523529,11.095945919473547,9.360548385664467,5.958200212103987,-0.01726649793687179,-0.023628457211465777,29.0078867854625,-96.1406876513641,0.5956724745482238,11.09544628449234,9.038882867760897,6.434867889471658,0.008532881977222656,0.006035683040220631,9.35728695242231,L,0.5,0.0,0.0,0.5,49.12615757528951,47.14016958815171,10.5,-52.785714285714285,4.35728695242231
8080,20.988385091240463,-100.74297005638435,0.5359071125946541,11.108078323550451,9.376825203023595,5.9552122677594745,-0.03442749276957354,-0.03507825232811566,29.09974237052812,-96.07852489346448,0.5979499423769266,11.094790782722923,9.020295856804164,6.459771293793236,0.009113259703143323,0.0064448141164501795,9.356877983074241,L,0.5,0.0,0.0,0.5,49.09077920420109,47.119187881037874,10.5,-52.785714285714285,4.3568779830742415
8090,21.08359166404427,-100.68580544842338,0.5379345745228542,11.108322692917051,9.382053497425256,5.947428454502537,-0.049477331441779675,-0.042056785890069975,29.191442552215644,-96.01614616161521,0.6002565001955451,11.094183316556425,9.002092650854474,6.4840752129190165,0.009422554398036158,0.006656314122533515,9.356439701066593,L,0.5,0.0,0.0,0.5,49.05538855117825,47.09819810629371,10.5,-52.785714285714285,4.356439701066593
8100,21.1786217295015,-100.6284740826302,0.5397114947712056,11.101337037963306,9.380268812155101,5.937191342896592,-0.06191213886814574,-0.045715934929186554,29.28299634732834,-95.9535636179853,0.6025972020758676,11.093666541228773,8.98432034097681,6.507797272402476,0.008629537041079598,0.006081025453097607,9.356050224241125,L,0.5,0.0,0.0,0.5,49.02002271549021,47.07721495328075,10.5,-52.785714285714285,4.356050224241125
8110,21.27344615005367,-100.57101802520786,0.5412606010579105,11.089964439427858,9.374437559341349,5.925135586109794,-0.07202049226951543,-0.04708632323770526,29.37439897561368,-95.89077240374868,0.6049784378238073,11.093117686635452,8.965610545440972,6.53261720576232,0.00834613357456142,0.005868726749691489,9.355754152345845,L,0.5,0.0,0.0,0.5,48.984715936950835,47.05623202137811,10.5,-52.785714285714285,4.355754152345845
8120,21.36812559220581,-100.51339342740287,0.5426204880773616,11.086079825561045,9.372438651834255,5.921026905555734,-0.07421268428490185,-0.04606808193095406,29.46564735195165,-95.82776978829375,0.6074032126168504,11.092541298625497,8.946345876740144,6.558000298524456,0.00813625820087944,0.005714855904870812,9.355475804946296,L,0.5,0.0,0.0,0.5,48.949438302598885,47.03524552254109,10.5,-52.785714285714285,4.3554758049462965
8130,21.462707358625995,-100.45564413655987,0.54383751575243,11.084030459347057,9.372095310748373,5.917732733909303,-0.07641199474127083,-0.04557080958515317,29.55673671005916,-95.76455086203035,0.6098721717875316,11.091925767187977,8.926539083180163,6.583898330113066,0.008124558096044001,0.005711352436695453,9.355194666718468,L,0.5,0.0,0.0,0.5,48.914242962713956,47.01424898358156,10.5,-52.785714285714285,4.355194666718468
8140,21.55722573807003,-100.39778682526692,0.544923669321081,11.084024953646363,9.374466256631203,5.9139658078431765,-0.076918940872236,-0.04473408386090019,29.647663555414116,-95.70111229696542,0.6123853995212964,11.091282283283835,8.906345560631205,6.61010979047328,0.008138173632653416,0.0057340203247126815,9.354888331835257,L,0.5,0.0,0.0,0.5,48.87915396704673,46.99323787626717,10.5,-52.785714285714285,4.354888331835257
8150,21.651702368732646,-100.33983303863613,0.5458767311448359,11.085248797859037,9.379234419175381,5.908697201633459,-0.07612825700366815,-0.04352886271493851,29.738426746576195,-95.63745415961614,0.6149464700874266,11.090612240672757,8.885729509515025,6.636677704747629,0.008044335844709646,0.005687587272956488,9.354543189544982,L,0.5,0.0,0.0,0.5,48.84418774109966,46.97221172037707,10.5,-52.785714285714285,4.354543189544982
8160,21.746154578081462,-100.28180109397472,0.5466970512333624,11.08699839322864,9.385782674288771,5.901577497794565,-0.07449597680966442,-0.04204585403383305,29.82902223036053,-95.57357318217883,0.617559473205816,11.089884169601746,8.86437944055298,6.6639558843891695,0.008150915523678434,0.0057995447849424064,9.354151995433535,L,0.5,0.0,0.0,0.5,48.8093664668157,46.951165793040026,10.5,-52.785714285714285,4.354151995433535
8170,21.840597408105772,-100.22371575422844,0.5473971402119114,11.088768299338865,9.393068718938983,5.893304882467268,-0.07201299254336145,-0.04016187320879723,29.919446551634202,-95.50946703210582,0.6202287739735505,11.089093727729129,8.842321328385445,6.691887120083642,0.00834596000010342,0.005990480200932238,9.35371287232641,L,0.5,0.0,0.0,0.5,48.774718173450125,46.930096453199155,10.5,-52.785714285714285,4.35371287232641
8180,21.935039967767082,-100.16559808593964,0.5479972577489242,11.090262922088277,9.399997271974296,5.885064397941775,-0.06830784923148467,-0.03757214143857328,30.009688155813347,-95.44512247031726,0.6229495767840773,11.088224618517225,8.819469900104695,6.720541337707757,0.009140048146780521,0.006635485385327279,9.353225828472457,L,0.5,0.0,0.0,0.5,48.74026598190953,46.908986757311816,10.5,-52.785714285714285,4.353225828472457
8190,22.029482835337088,-100.10745727496655,0.54851230161036,11.09137157078251,9.406093571848729,5.877408190587795,-0.06301328623745273,-0.034023886566276224,30.099739792257516,-95.38053016400417,0.6257107544661901,11.087372959611493,8.79668803386536,6.748934640398741,0.009837027468463759,0.007205945716506689,9.352694117903873,L,0.5,0.0,0.0,0.5,48.706019484158,46.88782506823726,10.5,-52.785714285714285,4.352694117903873
8200,22.12392619929404,-100.04930114081037,0.5489506699040536,11.09211590035394,9.411714470250075,5.869809696861567,-0.05672821692638974,-0.029892134685592278,30.18960074179459,-95.3156885643346,0.6285053837341176,11.086608489745583,8.774286097477308,6.776783254945907,0.009988229264761466,0.007354694589275108,9.352122424867582,L,0.5,0.0,0.0,0.5,48.671986837356926,46.86660953718951,10.5,-52.785714285714285,4.3521224248675825
8210,22.21837096211695,-99.99113702394982,0.5493178823867018,11.092572193214444,9.41709310562237,5.862040199598933,-0.0498951159294522,-0.025467844943262735,30.279279306846597,-95.25060896455244,0.6313431276538042,11.085923516023334,8.751881462376087,6.80457721476044,0.009277194030954197,0.006845479486070548,9.35151589979218,L,0.5,0.0,0.0,0.5,48.638175889945856,46.845353771564874,10.5,-52.785714285714285,4.3515158997921795
8220,22.312818748621613,-99.9329716940543,0.5496185763819301,11.092826352747718,9.422336027252518,5.854090901391391,-0.04284912051810884,-0.020976102276201513,30.368770081232928,-95.18528750185776,0.6342344416035789,11.08515930660913,8.728138950162528,6.833765237375276,0.009113079117913248,0.006760134056933067,9.350874668298948,L,0.5,0.0,0.0,0.5,48.60459410298638,46.82405186922644,10.5,-52.785714285714285,4.350874668298948
8230,22.40727608719834,-99.87481847821252,0.5498639298847563,11.092950534682341,9.42745153239585,5.846084943723995,-0.03616120026695384,-0.016779763182867502,30.458054777961177,-95.11975171788784,0.637193864596776,11.081457613536944,8.701351897760915,6.861864031875627,0.007104899786334154,0.006165463622430853,9.350170983612312,L,0.5,0.0,0.0,0.5,48.5712564946463,46.80272081651633,10.5,-52.785714285714285,4.350170983612312
8240,22.501747692882407,-99.8166869011992,0.5500702543216929,11.09298989362875,9.431925162032794,5.8389393315877385,-0.029539360416447644,-0.012702720602208034,30.54713036205829,-95.05394516319879,0.6402052421757443,11.080919369757027,8.675620747400902,6.893502645703666,0.008819011155325017,0.007306063533153955,9.349432664946406,L,0.5,0.0,0.0,0.5,48.53817397515177,46.781307990111756,10.5,-52.785714285714285,4.349432664946406
8250,22.596231619527504,-99.75857503383021,0.5502481416813833,11.092972271976743,9.435502155373952,5.833123768854763,-0.022563688224437405,-0.008487463430164138,30.63598419271046,-94.98789035792659,0.6432691852270396,11.07814688175258,8.648429228871302,6.923150309424818,0.008187040922966194,0.007398975649060146,9.348639137056454,L,0.5,0.0,0.0,0.5,48.505344718444654,46.7598281074588,10.5,-52.785714285714285,4.348639137056454
8260,22.69072139005276,-99.7004730484627,0.550395608633487,11.09291843261021,9.438571855044518,5.828052907249971,-0.015390377149618962,-0.00422960723734421,30.7246221011818,-94.9215466135925,0.646368319466696,11.078304638762242,8.623199847575258,6.954801079685823,0.009787305862473842,0.008231379152654561,9.347817847293607,L,0.5,0.0,0.0,0.5,48.47275809954256,46.73824670544112,10.5,-52.785714285714285,4.347817847293607
8270,22.785212832510947,-99.64237449022103,0.5505034199988593,11.092844494646197,9.44180968022108,5.82266510670895,-0.008792389024532223,-0.00039988749224981884,30.813035493058713,-94.85494672090044,0.6495075323063639,11.075929849924632,8.596573763110875,6.983920215455302,0.008700228568839626,0.007809126780243423,9.34694609568634,L,0.5,0.0,0.0,0.5,48.440407304859626,46.71658943702956,10.5,-52.785714285714285,4.34694609568634
8280,22.879708572161643,-99.58428384696093,0.5505676900222437,11.092757907333482,9.445487694853297,5.816531629509498,-0.0035127187870308855,0.0025560394606556763,30.90123503225956,-94.78805644077639,0.6526783128661282,11.076518091190643,8.571697616258886,7.015358365749773,0.009535895064817277,0.007922570029061545,9.34605179109803,L,0.5,0.0,0.0,0.5,48.40829781463601,46.69482987818246,10.5,-52.785714285714285,4.346051791098031
8290,22.9742110158546,-99.52620532223663,0.5505904940467906,11.092657553678318,9.449197515933273,5.810311343470085,0.0007297272678484798,0.004823835051472066,30.989206661131103,-94.72090877290537,0.6558904873718903,11.074154971299723,8.54453868815111,7.0446977887664755,0.008219780347727064,0.007285575579752453,9.345107282466918,L,0.5,0.0,0.0,0.5,48.37643478805868,46.67299140060642,10.5,-52.785714285714285,4.345107282466918
8300,23.068721640623142,-99.46814166139794,0.5505759692512867,11.092540938022823,9.45271802786764,5.804359253814186,0.004118282287762164,0.006527758736369994,31.076944565384654,-94.6534978378834,0.659141884006529,11.07179349843371,8.516950608777107,7.074331318196104,0.007262251891020215,0.006837995483283234,9.34411202629669,L,0.5,0.0,0.0,0.5,48.34482174303104,46.65106587440631,10.5,-52.785714285714285,4.34411202629669
8310,23.163241086236383,-99.41009426229824,0.5505282473238498,11.09240687648188,9.455974284484393,5.798796482425674,0.0067804283540813855,0.007756489523743871,31.16444634452436,-94.58581718995465,0.6624337501590217,11.069752452988547,8.489001974940216,7.104665005466978,0.006683009434301007,0.006551852284288431,9.343068813617677,L,0.5,0.0,0.0,0.5,48.31346068135699,46.6290461572056,10.5,-52.785714285714285,4.343068813617677
8320,23.257778579303743,-99.35207849137832,0.5504641025312932,11.092256149766916,9.45893285660374,5.793680670032151,0.008144113008402173,0.008171094486706018,31.251712615962653,-94.51786490923006,0.665771521017658,11.067998768547161,8.460641207470223,7.135695277898174,0.006247064652055266,0.006263919342028563,9.341980643326156,L,0.5,0.0,0.0,0.5,48.28236934547734,46.606930516386846,10.5,-52.785714285714285,4.341980643326156
8330,23.352330608133837,-99.29408881892628,0.550396525058424,11.092093970362432,9.46067935917883,5.790517654766132,0.009866482393493475,0.008794914248354197,31.338737395751625,-94.44962755364996,0.6691530513152125,11.06673381042714,8.431851576830182,7.1677385706481775,0.0065306143918226565,0.00639149000644316,9.340851049453157,L,0.5,0.0,0.0,0.5,48.251541983467185,46.58470398153415,10.5,-52.785714285714285,4.340851049453157
8340,23.44689341188527,-99.23611921611118,0.5503298393539463,11.091925346077181,9.46175110294954,5.788443136870443,0.011512699587388264,0.009366782782623737,31.425515448199118,-94.38109467142067,0.6725699533915606,11.065812514455319,8.403181189439978,7.199913367709227,0.007039337401234521,0.0065979953667252116,9.33968269953001,L,0.5,0.0,0.0,0.5,48.22097227572831,46.56235460331046,10.5,-52.785714285714285,4.339682699530011
8350,23.54145504158007,-99.1781502277207,0.550251522656529,11.0917552814675,9.462499478142393,5.786893713393838,0.013519272821161492,0.010158670160487812,31.512046633917965,-94.31226726510648,0.6760178345706065,11.06491602095532,8.37478473907205,7.231552193339934,0.007125849322049527,0.006456692246411218,9.338476713988578,L,0.5,0.0,0.0,0.5,48.19063874067995,46.53988296178032,10.5,-52.785714285714285,4.3384767139885785
8360,23.636017018715975,-99.1201843956201,0.550151498558389,11.091584914857277,9.46400106326302,5.784110977327973,0.014174905232455518,0.01012985417670475,31.598333239417183,-94.24315281898528,0.679501501057703,11.063851183056007,8.34616197526348,7.262945909441694,0.006730727137110818,0.005970232234142085,9.337232812666432,L,0.5,0.0,0.0,0.5,48.160544675924825,46.51729651668762,10.5,-52.785714285714285,4.337232812666432
8370,23.7305862853667,-99.06223305676959,0.5500349462601357,11.091416060428255,9.465772160351163,5.780888135386006,0.013616945499642553,0.009373003019040739,31.684374317809713,-94.17375443011007,0.6830299730216361,11.062671629691588,8.316678212408318,7.294900074547693,0.006367334041097855,0.005541986770131442,9.335950264881482,L,0.5,0.0,0.0,0.5,48.13070332981191,46.49459734454308,10.5,-52.785714285714285,4.3359502648814825
8380,23.825167586845495,-99.00430383313707,0.5499159215746063,11.091253747042677,9.4670396754783,5.778500624228393,0.012622864846481428,0.008369748276843057,31.770161715161457,-94.104062528476,0.6866047948823958,11.061626608412404,8.286259053520437,7.32785740321739,0.006660478797487661,0.0056249854937544365,9.334628891545796,L,0.5,0.0,0.0,0.5,48.10112380153562,46.471772947664164,10.5,-52.785714285714285,4.334628891545796
8390,23.91975858925894,-98.9463926787477,0.5498036462927214,11.091103292598723,9.467472525990635,5.777502593396799,0.011978103130286894,0.007604227244190081,31.85568693023334,-94.03406657277128,0.6902195911847919,11.060730361318457,8.255497835627773,7.36114879701104,0.0073214077745636045,0.0059885667992732065,9.333268795258077,L,0.5,0.0,0.0,0.5,48.07180202883028,46.44880978732716,10.5,-52.785714285714285,4.333268795258077
8400,24.014352205058138,-98.88848778641749,0.5496945588336561,11.090966604655002,9.467468432866765,5.77724689607808,0.011780670519763423,0.007139407928886175,31.94094745222053,-93.96376662716916,0.6938705223306126,11.059757759500286,8.22474156296863,7.394042731902698,0.007659818755686033,0.006122361064254019,9.331869625572656,L,0.5,0.0,0.0,0.5,48.042725151468055,46.425706481264015,10.5,-52.785714285714285,4.331869625572656
8410,24.1089436612584,-98.83058120401327,0.5495774655111514,11.090842112371691,9.467739406068347,5.776563796959049,0.011430448547675916,0.006611584552080459,32.02593972024362,-93.89316090388809,0.6975550361847453,11.058762535747146,8.19380060253556,7.4268338144819515,0.007901451342349071,0.006198611303312116,9.330431169998295,L,0.5,0.0,0.0,0.5,48.01388462829445,46.40245950707323,10.5,-52.785714285714285,4.330431169998295
8420,24.203544291321297,-98.77269134679086,0.5494596546359014,11.090727068914052,9.468565903839444,5.774988020921948,0.009652453444287458,0.005244337328779575,32.110663454463236,-93.82225353974799,0.7012760592626002,11.057624211720482,8.162530557555685,7.459500526482767,0.007795349969476108,0.006036677373575551,9.328953207167777,L,0.5,0.0,0.0,0.5,47.98530176377125,46.37907210035494,10.5,-52.785714285714285,4.3289532071677765
8430,24.29815311476524,-98.71481631975263,0.5493513026320603,11.09062805277306,9.468641794698895,5.774673425280258,0.008415553147134337,0.00424236510824941,32.19511112369154,-93.75103584067165,0.7050306600372185,11.056633994927715,8.130749672536892,7.492667419573113,0.008092717533796222,0.006196947027469395,9.327436005636846,L,0.5,0.0,0.0,0.5,47.95697491535106,46.355532752524574,10.5,-52.785714285714285,4.327436005636846
8440,24.39276828220201,-98.65695282494809,0.5492566287383932,11.090545626754475,9.468269098171607,5.775126196346832,0.0074736179018350425,0.0034559206380980565,32.2793109579658,-93.67954851219562,0.708842821931429,11.055220672984683,8.09946183327648,7.5244017795227744,0.005263848809253431,0.0036265119608852813,9.325883822418675,L,0.5,0.0,0.0,0.5,47.92890083932915,46.33189035153547,10.5,-52.785714285714285,4.325883822418675
8450,24.48737905897929,-98.59908307334142,0.5491635002165768,11.090479317040666,9.467699725919559,5.775932252158911,0.0073687428525443495,0.0032170035389742324,32.363206796516096,-93.60771838394687,0.7126637568940387,11.054526797087124,8.067051707378821,7.55812407003178,0.007210669189303964,0.0052515849421372164,9.32429000052491,L,0.5,0.0,0.0,0.5,47.90105982763534,46.30805361946609,10.5,-52.785714285714285,4.324290000524909
8460,24.58200407178388,-98.54123740758219,0.549086067433604,11.090423645169528,9.467915217886503,5.775472106784738,0.005240325573446874,0.0017769347800198464,32.4468062337898,-93.53556093657475,0.7165029164418282,11.053567113441362,8.034498343477102,7.591322829389891,0.008027935689418578,0.0059400155597983005,9.322655736424595,L,0.5,0.0,0.0,0.5,47.87348676285785,46.28403942972306,10.5,-52.785714285714285,4.322655736424595
8470,24.676639098733226,-98.48340859061952,0.5490398359088862,11.090385742274345,9.466747613298633,5.777313003338723,0.004497557921430237,0.0012175914773407885,32.530147127065334,-93.4631277385338,0.7203949777612649,11.052161455055833,8.002434922094462,7.623077340960464,0.005306049648118805,0.003479383522411741,9.320987511250907,L,0.5,0.0,0.0,0.5,47.846173942336286,46.259910804623985,10.5,-52.785714285714285,4.320987511250907
8480,24.771279202220228,-98.42558832137762,0.5490281811227894,11.090362731954661,9.464902783946751,5.7802907207826415,0.004426198383090444,0.001101955831231961,32.613178712547615,-93.3903539735765,0.7242998572821663,11.051453415925945,7.969071958231129,7.656925932051029,0.00691308344582523,0.004917004380966957,9.319279632425948,L,0.5,0.0,0.0,0.5,47.819112413959964,46.23558626160356,10.5,-52.785714285714285,4.319279632425948
8490,24.86591595720091,-98.36776268503645,0.5490427141451729,11.090351190352536,9.46282610026067,5.783667670395605,0.004997395588927022,0.0014114741311116819,32.69593894796153,-93.31729357060763,0.7282558229143707,11.050129029465865,7.935872199453681,7.689426766787133,0.004949783006576102,0.0031341235708762264,9.317537137658174,L,0.5,0.0,0.0,0.5,47.7922867999378,46.21113096548527,10.5,-52.785714285714285,4.317537137658174
8500,24.960543887858783,-98.30992263898992,0.5490689964736231,11.090348627160706,9.46117887848227,5.786356962833034,0.005513148206959612,0.001717493310625452,32.77837946699961,-93.2438854027872,0.7322241323227133,11.049503919767112,7.901501627494878,7.723846768524382,0.006947625559877668,0.004974373262360668,9.315754742428155,L,0.5,0.0,0.0,0.5,47.765687221321755,46.186467734759525,10.5,-52.785714285714285,4.315754742428155
8510,25.05516474829545,-98.2520709581836,0.5490988996199573,11.090354114504128,9.460215965338117,5.787941626715017,0.005307181612222185,0.001609725957769289,32.860544630993395,-93.17019198393436,0.736248824787418,11.0481109803396,7.867364973474448,7.756631008888319,0.004957436617711652,0.0032058399203208905,9.313938427010468,L,0.5,0.0,0.0,0.5,47.73931723347347,46.161672360874036,10.5,-52.785714285714285,4.313938427010468
8520,25.14977133192864,-98.19419576949532,0.5491175451352017,11.090367044840304,9.459558889424907,5.78904023191946,0.005374361242955622,0.0016940503953727182,32.94225749718744,-93.09622763662033,0.7402607421122748,11.033195585932852,7.822125661437356,7.781115278295995,0.00484549626782991,0.007371813428837854,9.31193426306043,L,0.5,0.0,0.0,0.5,47.713163705005805,46.136670969887284,10.5,-52.785714285714285,4.311934263060429
8530,25.24437734881025,-98.13631936163186,0.5491289485013681,11.090388071130695,9.459895508256823,5.788530430181775,0.0036804582689341763,0.0007221100528980557,33.023697152093746,-93.02196035555004,0.744332754124746,11.033453736382228,7.787796500880249,7.81583821568514,0.003853586927979621,0.005490735255074961,9.309913245828291,L,0.5,0.0,0.0,0.5,47.687252428253295,46.111521675082564,10.5,-52.785714285714285,4.309913245828291
8540,25.338978960307912,-98.07843536104805,0.5491357987548549,11.090416048405082,9.459716465879747,5.7888766191623535,0.0027758699648343255,0.0002515573616631923,33.10485930230189,-92.94735323376887,0.7484452784674602,11.03600975080521,7.754790007219032,7.852180790315739,0.004225326358648704,0.004513233256336132,9.307894567680297,L,0.5,0.0,0.0,0.5,47.661576547492054,46.08618998214931,10.5,-52.785714285714285,4.307894567680297
8550,25.43358164287028,-98.02055262128005,0.5491435427433418,11.090450444033937,9.459688244719263,5.788988630520254,0.0013861493883703284,-0.0005006307158532067,33.185742281744076,-92.87241033232841,0.7525927555997025,11.038295047382393,7.722045421133001,7.887583411097821,0.004162621841516619,0.003304286290522339,9.305877905829,L,0.5,0.0,0.0,0.5,47.63614656885087,46.060678488352075,10.5,-52.785714285714285,4.305877905829
8560,25.528179983963565,-97.96266221998201,0.5491501945734805,11.090490059686768,9.459304027265492,5.7896923133936795,0.0008052927849681304,-0.0007452035587915318,33.26632902255294,-92.79712512164816,0.7567714210408318,11.040007519177882,7.687988843847803,7.923168151716579,0.004808227289062272,0.0030333235672299957,9.30385533301571,L,0.5,0.0,0.0,0.5,47.61095271348747,46.03497294715208,10.5,-52.785714285714285,4.30385533301571
8570,25.622774600771407,-97.90476509683847,0.54915148363537,11.09053411986503,9.459260719730826,5.7898474677704455,4.55581224887841e-05,-0.0010894486220543072,33.34648251323215,-92.72159799286761,0.760957668183303,11.02539788146379,7.642546740873087,7.94675265489976,0.0026008750941077063,0.004982733015137792,9.301660343438385,L,0.5,0.0,0.0,0.5,47.585996445619834,46.009092261190034,10.5,-52.785714285714285,4.301660343438385
8580,25.717366563315395,-97.84686295040964,0.549145584870853,11.090581382629123,9.459446184714835,5.789634987043972,-0.0007553079749016966,-0.001451857685304348,33.426331983425655,-92.64572814128707,0.7651913567475028,11.02702485876603,7.606240216000344,7.983757700002113,0.0040116692072833665,0.005023963635553366,9.29945972361418,L,0.5,0.0,0.0,0.5,47.56128009320276,45.98301211078609,10.5,-52.785714285714285,4.299459723614181
8590,25.811961459579972,-97.78896488121028,0.5491386272385095,11.090630659889495,9.45975741613136,5.789220851032428,-0.001859265343171961,-0.001995592632528954,33.50588489278156,-92.56950440668915,0.7694721603597081,11.030129378206734,7.570641831394461,8.021791343628903,0.005377413153024826,0.004887338978220412,9.297269784246168,L,0.5,0.0,0.0,0.5,47.53681444839013,45.956726342176424,10.5,-52.785714285714285,4.2972697842461685
8600,25.906558455444962,-97.73106950634637,0.5491356234500554,11.090681196435865,9.459679348033792,5.789445226734513,-0.0024195614437546352,-0.002204879416494379,33.585129261026765,-92.49291806627481,0.773785399506759,11.033143229297,7.53515558380754,8.059260502428018,0.006867990850979508,0.005040368587276061,9.29508903268048,L,0.5,0.0,0.0,0.5,47.51259832244331,45.93022126083516,10.5,-52.785714285714285,4.29508903268048
8610,26.001156461235407,-97.6731750406378,0.5491375298486448,11.090731977451137,9.45944749655771,5.789921316868242,-0.0026537619379741716,-0.0022149455781625524,33.663939614642054,-92.41605235758055,0.7780899703496679,11.021801948459146,7.491022112458037,8.084844210108352,0.005648012563630445,0.006992682233148357,9.292770553545791,L,0.5,0.0,0.0,0.5,47.488630056683036,45.90350524917674,10.5,-52.785714285714285,4.292770553545791
8620,26.0957494604822,-97.6152716607713,0.5491358640235043,11.090782109271956,9.459223396135211,5.790383453395391,-0.0023096774687759347,-0.001873285508638882,33.74243581446485,-92.33883195657829,0.7824192065569212,11.024211057810424,7.455576431125745,8.120813353771403,0.006488405939231865,0.006373849878746891,9.290458984795578,L,0.5,0.0,0.0,0.5,47.464898774543485,45.87657288938149,10.5,-52.785714285714285,4.290458984795578
8630,26.190343723669795,-97.55736963377251,0.5491304184595771,11.090830675400921,9.459592991789586,5.789872667002222,-0.0027330656925249066,-0.0020054563127822117,33.820636435624614,-92.26127140664632,0.7867914279731993,11.02711021600445,7.420197983933985,8.157071876300451,0.006316558170871983,0.004879314484383211,9.288165766257622,L,0.5,0.0,0.0,0.5,47.441416597443784,45.84944594834871,10.5,-52.785714285714285,4.288165766257622
8640,26.284935073147253,-97.4994621597377,0.549117804890669,11.090877337380912,9.459810400678201,5.789606834323901,-0.0025548922071779415,-0.0017752731845733312,33.89840067037702,-92.18344730009572,0.7911734517172295,11.015189342023895,7.374091299121109,8.182736324290497,0.004749520055670557,0.006640231409943149,9.285734886810824,L,0.5,0.0,0.0,0.5,47.41817609530345,45.822118246584594,10.5,-52.785714285714285,4.285734886810824
8650,26.3795341552981,-97.44156668105322,0.5491076121798124,11.090921071151344,9.460383934953354,5.7887534072359115,-0.0033347148678118613,-0.0021385516641106153,33.975843878053766,-92.10525601388568,0.7955916591608175,11.018678799127496,7.336872054879183,8.220802328767835,0.006423040304307154,0.006520924895391993,9.283325532402618,L,0.5,0.0,0.0,0.5,47.39519762743454,45.7945587106172,10.5,-52.785714285714285,4.283325532402618
8660,26.474139129980987,-97.38368022468525,0.5491093020901031,11.090962341319043,9.460183262063026,5.789160414493605,-0.003277904701527906,-0.001998367909317408,34.05286244058729,-92.02676706654884,0.8000062365635381,11.010342194673289,7.29310656549483,8.248529073000785,0.005554109154991198,0.007788110110907396,9.280817076235387,L,0.5,0.0,0.0,0.5,47.37247815807829,45.76677345513305,10.5,-52.785714285714285,4.280817076235387
8670,26.568770988158224,-97.32583714280126,0.5491598327470472,11.091000328706848,9.459502765626736,5.790345043127874,-0.0044617554567550595,-0.0026265051680815273,34.129570877234684,-91.94790464194584,0.8044455161237439,11.01534710903983,7.25788986907492,8.286187698876473,0.006532537082175555,0.006475478901664444,9.278353999843704,L,0.5,0.0,0.0,0.5,47.350057499376675,45.73875570388829,10.5,-52.785714285714285,4.278353999843704
8680,26.66340965223818,-97.26800486901577,0.549271864329811,11.091026461459233,9.456159232736216,5.795853736415935,-0.002319966270727389,-0.0012260297401032677,34.20586547545688,-91.86876213565913,0.8088854418875454,11.006881122931718,7.214688354530315,8.312623172101286,0.004526506026116192,0.006566409794829987,9.275799800497541,L,0.5,0.0,0.0,0.5,47.327898613009836,45.71053146903388,10.5,-52.785714285714285,4.275799800497541
8690,26.75807464630205,-97.21021554577096,0.5494793243732212,11.091040400872366,9.452367705070294,5.802061869881017,-0.0018015335871459145,-0.000825361665509566,34.28185537195991,-91.78924873653746,0.8133620194745856,11.012515982681684,7.178842854495278,8.351031285971908,0.005500891661026363,0.005039563899292058,9.273303486600229,L,0.5,0.0,0.0,0.5,47.30603876260944,45.682079030943505,10.5,-52.785714285714285,4.273303486600229
8700,26.852734141386115,-97.15241835462935,0.5497834077596749,11.091002539600959,9.445552815204302,5.813077442166156,0.002742495344280723,0.002045554367295631,34.357426692248445,-91.70945658080647,0.8178475070410626,11.004109684462229,7.1343995758155705,8.377993354036397,0.003759585648373678,0.005406235075929463,9.270719667548232,L,0.5,0.0,0.0,0.5,47.284419673265944,45.653417425541726,10.5,-52.785714285714285,4.2707196675482315
8710,26.94738954415777,-97.09461630371345,0.5501834029768984,11.090930369896666,9.438843678520788,5.823827477041569,0.006088350908128586,0.0041808636279848585,34.43257503910181,-91.62937853922858,0.8223445735250804,10.996163746879443,7.08928814930291,8.405808151768577,0.002773666955482104,0.006065029814574148,9.268054041495025,L,0.5,0.0,0.0,0.5,47.26304498080843,45.62453726496285,10.5,-52.785714285714285,4.268054041495025
8720,27.042011239837645,-97.03676247566929,0.5506524517319645,11.090795853324247,9.431106832785638,5.836092577118562,0.011438082337366387,0.007550188716594337,34.50741724025172,-91.54890664826077,0.8268829723154758,11.004039764892795,7.052822714311224,8.446690648285726,0.0048622826168443,0.004910544335065638,9.265465359788474,L,0.5,0.0,0.0,0.5,47.24186069333675,45.59540727620839,10.5,-52.785714285714285,4.2654653597884735
8730,27.136596917677164,-96.97885312393423,0.5511638389802096,11.09065474394239,9.424819872532337,5.845972375888493,0.014803854705931723,0.009688366707311085,34.58185075785092,-91.46813179564282,0.8314257413903815,10.99867238305198,7.009732038054234,8.475520688688475,0.003759760279456779,0.004931594694475203,9.262821076902434,L,0.5,0.0,0.0,0.5,47.220862734340734,45.56605052378175,10.5,-52.785714285714285,4.2628210769024335
8740,27.231148326759893,-96.92089099494159,0.5517086350742805,11.090515762552599,9.419214400802295,5.85473653985782,0.016672642829198513,0.01089197267907753,34.65587046626113,-91.38705454433011,0.8359718947680942,10.993145111181562,6.966236737214462,8.504162813386081,0.0029704290888277235,0.00505725261587573,9.260121203899871,L,0.5,0.0,0.0,0.5,47.20005452842995,45.53646393544652,10.5,-52.785714285714285,4.260121203899871
8750,27.325675251490395,-96.86289198294115,0.5523005806156704,11.090378177392203,9.41354655372751,5.863585029517535,0.01694011653518465,0.0110961195225731,34.72958817111073,-91.30558348923624,0.8405567842382268,11.001895230870664,6.930311601610674,8.544734037735472,0.004655476113912609,0.0032754144350367357,9.257516093182101,L,0.5,0.0,0.0,0.5,47.17945465371054,45.506628818207005,10.5,-52.785714285714285,4.257516093182101
8760,27.420186895946678,-96.80487190904623,0.5529735514034031,11.090205903668155,9.406442988462217,5.874648695076667,0.016570267963229777,0.010904076813176048,34.802894729914854,-91.2238078273377,0.845144449061057,10.997155444040741,6.887113006379297,8.57351166662506,0.003625917982378851,0.003285263487511193,9.254871757397408,L,0.5,0.0,0.0,0.5,47.15908144208821,45.47656239611691,10.5,-52.785714285714285,4.254871757397408
8770,27.51466989623216,-96.74681144573988,0.553746819956248,11.089937037813973,9.396772942448118,5.889597759673668,0.017827399888569885,0.011731405293520063,34.875782385264074,-91.14172267185451,0.8497306392096589,10.992502337425568,6.843588000717916,8.602349150943384,0.0031150569273243446,0.0036013060851704543,9.252188781002982,L,0.5,0.0,0.0,0.5,47.13891232507343,45.446255579655954,10.5,-52.785714285714285,4.252188781002982
8780,27.6091042070898,-96.68868025719098,0.5546115002262089,11.089577913359053,9.38575032061931,5.906473500783306,0.020199495920479163,0.01326078681007804,34.94825817395796,-91.05933447698949,0.8543216849268616,10.988060211283136,6.800107655981888,8.631106711994708,0.00228075584901689,0.003409731629135948,9.249471058523778,L,0.5,0.0,0.0,0.5,47.118911997856,45.41571677609516,10.5,-52.785714285714285,4.249471058523778
8790,27.703461302204587,-96.63043317500049,0.5555239484742971,11.089179817123751,9.374884939959395,5.922958836512987,0.02338717182793024,0.015294773246438622,35.02043018591727,-90.97655057245484,0.8589538796717767,10.997722184765005,6.763697083979981,8.671925680575974,0.004006454325228793,0.0015116728233024617,9.246860122689647,L,0.5,0.0,0.0,0.5,47.099028177415526,45.38492561173877,10.5,-52.785714285714285,4.246860122689647
8800,27.79775265990562,-96.57208652959918,0.5564637645933239,11.088872236495456,9.366341609020473,5.935885135382211,0.02327615578907543,0.015240340178300898,35.092191061693725,-90.89345093047064,0.8635852607642505,10.994729222239293,6.720853285010377,8.70139079640306,0.0033775245658278635,0.0015721438336716827,9.244227056123782,L,0.5,0.0,0.0,0.5,47.07928038281092,45.353891270771406,10.5,-52.785714285714285,4.244227056123782
8810,27.891983345883332,-96.51364776298983,0.5574351542961063,11.088608584342253,9.35793919712561,5.948631298008713,0.02210026433696274,0.014499223354120627,35.16353155880684,-90.81005290296993,0.8682157119418655,10.990065729666343,6.677099792995853,8.729139882987404,0.0023964586195026833,0.0015518593449315014,9.241558728922113,L,0.5,0.0,0.0,0.5,47.05967754773208,45.32262256568986,10.5,-52.785714285714285,4.241558728922113
8820,27.98616117205384,-96.45512951210257,0.5584575188075035,11.088356417774836,9.348919247101948,5.962328149202722,0.020059655484354864,0.01320216182322662,35.23445400049143,-90.72634894461737,0.8728497731019615,10.98638803547479,6.633155113666186,8.757966390896218,0.0018945154932080114,0.0017082502735586047,9.238867664231147,L,0.5,0.0,0.0,0.5,47.040234467419026,45.29111362091668,10.5,-52.785714285714285,4.238867664231147
8830,28.08028009614352,-96.39652379407785,0.559545337054752,11.088047928411958,9.338329816151253,5.978327785220649,0.01878391405893714,0.012388155821013033,35.30496501360842,-90.64234563560882,0.8774951305449054,10.982870824825325,6.589070481508842,8.786785632101658,0.0011279335694994817,0.001449077136130024,9.236159290313632,L,0.5,0.0,0.0,0.5,47.02094165617735,45.259372802637856,10.5,-52.785714285714285,4.236159290313632
8840,28.174318075313156,-96.3377971388045,0.5606819012194536,11.087676228235747,9.326759555442642,5.995675136057944,0.018999295589019895,0.01252033698028833,35.3750682748891,-90.55803214208653,0.8821545512371984,10.98065654412532,6.545088626977434,8.816838038948706,0.0008933754473472368,0.0013543321987131134,9.23344393246525,L,0.5,0.0,0.0,0.5,47.0017599699179,45.227392340518726,10.5,-52.785714285714285,4.233443932465249
8850,28.268288002520826,-96.27896910738454,0.561869070870719,11.087348414198743,9.316194489310579,6.011473620933106,0.017067438761926814,0.01127800054988713,35.44476743179231,-90.47339105397025,0.8868225047469391,10.980214978204316,6.502026025324016,8.84809462729641,0.0011930452580345304,0.0013237248557378032,9.230741765050219,L,0.5,0.0,0.0,0.5,46.98271249644137,45.195159059513735,10.5,-52.785714285714285,4.230741765050219
8860,28.36217491489584,-96.22001749766063,0.5631014971891901,11.086971682397266,9.304572099067533,6.028754360523642,0.016522179365759376,0.010919208155225162,35.51415505704989,-90.38833421429837,0.8915211793683194,10.99245490747509,6.465813843378753,8.889730942815135,0.0036292481075713345,-0.00031707984950118256,9.22818237093377,L,0.5,0.0,0.0,0.5,46.96377314694409,45.1626502622652,10.5,-52.785714285714285,4.228182370933769
8870,28.45598547214742,-96.16095248996841,0.5643818094047078,11.08662013175542,9.293336773308326,6.045414589895366,0.014765423933307835,0.00977766128955045,35.58313367768361,-90.30297616177933,0.8962179558401479,10.990068618467802,6.423242903045821,8.917598266747738,0.0023861365815024986,-0.0009668695238817492,9.225623458894331,L,0.5,0.0,0.0,0.5,46.94495397326273,45.12990730956346,10.5,-52.785714285714285,4.225623458894331
8880,28.54971718696586,-96.10177137609173,0.5657182215935562,11.08623463613595,9.281285787623457,6.06319491158904,0.013381857508796356,0.008875560795880836,35.651685412903724,-90.21732506019472,0.9009162053680623,10.986252768228079,6.378647552239173,8.944864744182125,0.0016570655111859214,-0.0006833666355389773,9.223050532600636,L,0.5,0.0,0.0,0.5,46.92625163366758,45.096926328541215,10.5,-52.785714285714285,4.223050532600636
8890,28.643367751695397,-96.04247197604997,0.5671185708820252,11.085802417792175,9.26844895018204,6.082011945417098,0.0122279324994473,0.008125364124016815,35.71980802484702,-90.13137238319655,0.9056189990267417,10.983245445887455,6.33355853090842,8.973166490161915,0.0014526231832435994,-4.622153002464954e-05,9.220472077725416,L,0.5,0.0,0.0,0.5,46.90766333184457,45.06369820092644,10.5,-52.785714285714285,4.220472077725416
8900,28.73693118730604,-95.9830467734239,0.5685870213527375,11.085304751968227,9.254729878667902,6.101963316581062,0.011609959913025956,0.007729727060684085,35.78750654244755,-90.04510186666766,0.9103220373800263,10.982037053837226,6.28940858436724,9.002692792200648,0.0016782801747064423,0.000511598543701411,9.217906625378731,L,0.5,0.0,0.0,0.5,46.88917991588537,45.03021152561945,10.5,-52.785714285714285,4.217906625378731
8910,28.83039354660367,-95.92347564602296,0.57011270789456,11.084747918672619,9.240402638740147,6.1226297858421175,0.011885944504582096,0.00792098426594362,35.85478915953634,-89.95852785601363,0.9150283461785689,10.980406338804071,6.245693106365824,9.031093011720289,0.0011332982812412523,0.00022280599974726443,9.215353268568979,L,0.5,0.0,0.0,0.5,46.870777492509234,44.99648210756895,10.5,-52.785714285714285,4.215353268568979
8920,28.923750322708752,-95.86375129639339,0.5716815599710188,11.084214231299214,9.226557658018153,6.14251079841156,0.01177638609561039,0.00785515441375357,35.92165747477713,-89.87165800821421,0.9197454053135584,10.978528520111935,6.201369505818763,9.059310388722329,0.0005168997864145408,-0.00010290087919876886,9.212810997910012,L,0.5,0.0,0.0,0.5,46.852447627065864,44.962516506011134,10.5,-52.785714285714285,4.212810997910012
8930,29.01700506378814,-95.80387848743834,0.5732915281168371,11.083732762323455,9.2131380229751,6.16175459720791,0.010895463900823984,0.007273167788735895,35.98810925564717,-89.78448601966788,0.9244761309207133,10.977278965405727,6.156556865120473,9.088314533007592,0.00037095291215557885,-5.0271552468168605e-05,9.210286604379162,L,0.5,0.0,0.0,0.5,46.834196137212054,44.928307593865696,10.5,-52.785714285714285,4.210286604379162
8940,29.11015296952536,-95.74385017917263,0.5749405348802452,11.08326376758159,9.199381356497243,6.181433361245417,0.010298834401989592,0.006870654527558105,36.05414296346656,-89.69700977288161,0.92922081867527,10.976347031881252,6.111564573519292,9.117509124097015,0.00038188901860181307,9.710989599698923e-05,9.20778344310449,L,0.5,0.0,0.0,0.5,46.816014706401134,44.89385210848214,10.5,-52.785714285714285,4.207783443104489
8950,29.20319238648758,-95.68366370914629,0.57662555133943,11.08282618903994,9.18564026111551,6.201052276012783,0.009527700975045053,0.006344434877003387,36.11975651085519,-89.60920973188678,0.9339711150537997,10.97706754075087,6.067263363019615,9.147913810151813,0.0010734684120292295,0.0005917859785252872,9.205316420869678,L,0.5,0.0,0.0,0.5,46.79790027534672,44.85913218676654,10.5,-52.785714285714285,4.2053164208696785
8960,29.296115036729628,-95.62330641901274,0.5783353343265267,11.082414714991994,9.171873202460796,6.22066378074339,0.009140944767138908,0.006064418192694734,36.18503688798074,-89.52100215421076,0.9387504657712232,10.989709692612585,6.029036432590135,9.188277249974766,0.0036243949149132888,-0.0006142358601711439,9.203008291469994,L,0.5,0.0,0.0,0.5,46.77983796736375,44.824128488106,10.5,-52.785714285714285,4.2030082914699936
8970,29.38892300583475,-95.56278014295464,0.5800619735681292,11.0820882270619,9.158815548315113,6.239293006769703,0.008062520978268116,0.005308976978750678,36.24988923049882,-89.43249311202578,0.9435201157316234,10.988591867661562,5.985495864218981,9.215367084031719,0.0029277961669700193,-0.0006734484622218494,9.200721527008396,L,0.5,0.0,0.0,0.5,46.76183032853859,44.7888735483217,10.5,-52.785714285714285,4.200721527008396
8980,29.481619479715953,-95.50208903929054,0.5818060971062629,11.081825945683299,9.145996996432588,6.257603793119665,0.00662174160182754,0.004299543378453286,36.31429890731892,-89.34370602737395,0.9482841964890508,10.985038006381782,5.940114302171464,9.240460057745514,0.001989239691758516,-0.0003904324804108734,9.198434077703205,L,0.5,0.0,0.0,0.5,46.74388248916321,44.753377395004094,10.5,-52.785714285714285,4.1984340777032045
8990,29.57421251854191,-95.44124557069998,0.583581584169775,11.081589305380096,9.132953875806395,6.276207058049268,0.004747141328435825,0.002995989770091144,36.37826261031651,-89.25464121515293,0.9530511041443328,10.981580438553026,5.893568182032947,9.26611909119127,0.0013928756877017346,0.000258491417080212,9.196149797793186,L,0.5,0.0,0.0,0.5,46.72600916413571,44.7176375394904,10.5,-52.785714285714285,4.196149797793186
9000,29.666697313332715,-95.38024497407457,0.5853990741814491,11.08127862151231,9.118714559730229,6.296330730334112,0.0038106984172951094,0.0023376057270480316,36.44178190532362,-89.16527298975797,0.9578162529526087,10.9805381366317,5.84770233823806,9.293900964255446,0.0016814047138796187,0.001218338909248545,9.193891885076356,L,0.5,0.0,0.0,0.5,46.708204102305004,44.68163313850935,10.5,-52.785714285714285,4.193891885076356
9010,29.759074261217734,-95.31909005065059,0.5872693366927392,11.080894701360341,9.103732345277932,6.317300433585222,0.003073493747835339,0.001832091428831687,36.504866423757036,-89.07561426706327,0.9625808105527635,10.979193135350457,5.80258523476371,9.320551834340538,0.0011804793761255243,0.0011420700294621075,9.191664798088425,L,0.5,0.0,0.0,0.5,46.69047007003003,44.64537958595222,10.5,-52.785714285714285,4.191664798088425
9020,29.8513397029366,-95.25777851136468,0.5892032734120172,11.080393025227254,9.087614790346855,6.3395872906502255,0.002993957918146697,0.0017995547356292267,36.56751808252786,-88.98565295799033,0.9673426200786777,10.979179058344094,5.757915981812831,9.348196421854105,0.001155783456949936,0.0012158986918916384,9.18948371693321,L,0.5,0.0,0.0,0.5,46.672803514318936,44.60886749133476,10.5,-52.785714285714285,4.189483716933211
9030,29.943494723609906,-95.19631540343379,0.5912181483132231,11.079759852213089,9.070336385933912,6.363181297803511,0.003119765014896191,0.0019384564773178758,36.62974057891995,-88.89539691866348,0.9721026407268829,10.978956202193276,5.713481023819164,9.375159405585407,0.0007563400075464828,0.0008180506767700501,9.18735312205702,L,0.5,0.0,0.0,0.5,46.65520950797839,44.572104758177716,10.5,-52.785714285714285,4.18735312205702
9040,30.035523394071507,-95.13468218855024,0.5933182232507763,11.078921049810834,9.051215395301021,6.388895952808073,0.004803292257769513,0.003186195929674324,36.69153259194835,-88.8048374698282,0.9768583299845437,10.979616947046178,5.669223724082347,9.402759736915835,0.0007523349486436593,0.0006597069222971728,9.185281302461808,L,0.5,0.0,0.0,0.5,46.63766457184306,44.53508296239567,10.5,-52.785714285714285,4.185281302461808
9050,30.127415760306217,-95.07286696364665,0.5954979254261578,11.077968990023416,9.031471216793982,6.415132469726737,0.006791227699298274,0.004669699153144169,36.75289463698777,-88.71397223611169,0.9816054161469071,10.980726085754263,5.6254795156771635,9.430287672656693,0.0007473013675388934,0.00035559076508945883,9.18327351771825,L,0.5,0.0,0.0,0.5,46.620153700247265,44.49779990259154,10.5,-52.785714285714285,4.18327351771825
9060,30.219153640613154,-95.01084467710952,0.5977361047242876,11.076960810153956,9.011445792116058,6.441498701811587,0.009466935879935247,0.006638929852037359,36.81382744939625,-88.62280230020929,0.9863404487354006,10.982013043933843,5.58218454765485,9.457474619212915,0.0006482114007565343,-0.0001248086646866342,9.181329318422408,L,0.5,0.0,0.0,0.5,46.602646457818636,44.46025632399414,10.5,-52.785714285714285,4.181329318422408
9070,30.31074206489751,-94.94862057158002,0.6000229259651012,11.076073877452846,8.99249359853919,6.466411015317926,0.010612208563332485,0.007522079078097995,36.87433223257306,-88.53134074555763,0.9910656165533416,10.982526048582445,5.538765766195416,9.483562210214767,0.0001309992771246529,-0.0009154222621653359,9.179444223627112,L,0.5,0.0,0.0,0.5,46.585149646991546,44.42246291822185,10.5,-52.785714285714285,4.179444223627112
9080,30.402191986388356,-94.88621041655468,0.6023752234308621,11.075249580492967,8.973287457121742,6.491630417858926,0.010658468486888145,0.007624274992840128,36.934407457908826,-88.43960157599898,0.995787877580913,10.98206925902809,5.4944621224957455,9.508771276802769,-0.0006067562537985456,-0.0016751828754149028,9.177614314706316,L,0.5,0.0,0.0,0.5,46.567682144658725,44.38442943825087,10.5,-52.785714285714285,4.177614314706316
9090,30.49348865925672,-94.82359688700124,0.6047997197545554,11.074304641956443,8.952153256467744,6.519139159089334,0.011961988355721022,0.008627022080186713,36.994048410802776,-88.34758485650376,1.0005110575470646,10.98163438961261,5.449331147547035,9.534205992713607,-0.0010158144956714543,-0.0019598358653789482,9.17583832151421,L,0.5,0.0,0.0,0.5,46.5502219368223,44.34615247896421,10.5,-52.785714285714285,4.17583832151421
9100,30.584630221099673,-94.76077910927422,0.6073006509882704,11.073317836450002,8.930433035086223,6.547192811647023,0.012804872595183004,0.009311875212837335,37.053250581763216,-88.25527213492786,1.0052279002876898,10.982737992093321,5.404605701745354,9.560898023283778,-0.0007012234709117704,-0.001716039043785198,9.174130496328253,L,0.5,0.0,0.0,0.5,46.53276735871583,44.307613910891405,10.5,-52.785714285714285,4.174130496328253
9110,30.675599399527208,-94.69773553754632,0.6098693228120645,11.072230393688972,8.907633543507846,6.576347812084128,0.014497619543747193,0.010615834984903899,37.11201676485086,-88.16266347075243,1.0099309483677397,10.984177600945499,5.360952086618031,9.587092901088347,-0.0006052086964091477,-0.001910599835639957,9.172493413397993,L,0.5,0.0,0.0,0.5,46.51529142705894,44.26881486931262,10.5,-52.785714285714285,4.1724934133979925
9120,30.76640268081435,-94.63447536941719,0.6125091309940257,11.071185518838226,8.885076081556935,6.605041394077563,0.014809464142837705,0.010924687944890016,37.170349287663186,-88.06975922488171,1.0146147930398304,10.98591875852809,5.318126205041848,9.612905109082611,-0.0006152645963869503,-0.002357925291396599,9.170933987424375,L,0.5,0.0,0.0,0.5,46.497805129508706,44.229756481300484,10.5,-52.785714285714285,4.170933987424375
9130,30.85703158611308,-94.5709900839648,0.6152263853189898,11.070043174847278,8.861173823312882,6.635167998326597,0.015562627302158093,0.011565357061729092,37.22825159642795,-87.97657408280726,1.0192810091209414,10.986832817759915,5.275456724862304,9.637429725269666,-0.0011303589588200513,-0.003252591411637901,9.169447465150734,L,0.5,0.0,0.0,0.5,46.48029699274593,44.19045198524912,10.5,-52.785714285714285,4.169447465150734
9140,30.947468394787474,-94.50725770207228,0.6180094486849179,11.068817777722511,8.836356154138302,6.666148581726038,0.016960695480240227,0.012682053640954835,37.28572205917688,-87.8831079290256,1.023930051238202,10.987928563599713,5.232627974132874,9.661996615766979,-0.0014474702509838398,-0.0038827462259685315,9.168032489574854,L,0.5,0.0,0.0,0.5,46.46273935960812,44.15089972792202,10.5,-52.785714285714285,4.168032489574854
9150,31.03771148655898,-94.44327525117379,0.6208480369524698,11.067675865012234,8.812023239275641,6.6963942150563645,0.01739489331679498,0.013075302693887146,37.34276085054942,-87.78936577554326,1.0285621709471484,10.988849864156302,5.189812947403587,9.686106695051942,-0.0018431566581144769,-0.004544764632544478,9.166687449250244,L,0.5,0.0,0.0,0.5,46.44512868639845,44.11110322471197,10.5,-52.785714285714285,4.166687449250244
9160,31.12776544140676,-94.37904917664629,0.6237480623399607,11.066604400414587,8.787584851913573,6.726669712844135,0.01693259633890433,0.012791512145747624,37.39942293191358,-87.6952716505973,1.0331976947470223,10.999224100799399,5.150221857727992,9.718958052990411,-7.112630283168477e-05,-0.005506612414522697,9.16550978920146,L,0.5,0.0,0.0,0.5,46.42747262618241,44.071035266737454,10.5,-52.785714285714285,4.16550978920146
9170,31.217608562164262,-94.31462245073824,0.6267368226401071,11.061469441818458,8.758792461039237,6.755713199709248,0.014108059407274158,0.01192085146260032,37.455647937688695,-87.60091499898182,1.0378048723773836,10.999158906972603,5.108180932866741,9.741046361553332,-0.0010652200991727308,-0.006209397141919475,9.164442317913455,L,0.5,0.0,0.0,0.5,46.40979980471857,44.030729683321454,10.5,-52.785714285714285,4.164442317913455
9180,31.30724681889344,-94.2499274835502,0.6298006343799802,11.060810243350387,8.731710866953511,6.789605921946489,0.015365393448795683,0.012611166724219863,37.511426586558855,-87.5063054244163,1.0423822781112324,10.998069475573335,5.0654593726303965,9.762102925792618,-0.0019014922171844905,-0.006401852601490722,9.163421035069064,L,0.5,0.0,0.0,0.5,46.39205208112636,43.99018771569373,10.5,-52.785714285714285,4.163421035069064
9190,31.39666329008521,-94.18500787827305,0.6329649303406559,11.056419518113898,8.700827272987487,6.822024430194244,0.013846418912033297,0.01236144554817695,37.56681435273238,-87.41137388235593,1.0469551400815882,11.005870671897,5.025446458106846,9.791530888641667,-0.000721760914155146,-0.006981737792776473,9.162580512417348,L,0.5,0.0,0.0,0.5,46.37426060458617,43.94938841107782,10.5,-52.785714285714285,4.162580512417348
9200,31.48584499610257,-94.1198381538682,0.6362256808312848,11.052599165914327,8.668935322946286,6.856348057745044,0.013783947127101185,0.012890324998402421,37.621756316674144,-87.31619863404539,1.0514951291572456,11.004485669749736,4.98318219421503,9.81155441685901,-0.0019015505023852266,-0.0072536540597862974,9.161818512152113,L,0.5,0.0,0.0,0.5,46.35639638872218,43.9083592842114,10.5,-52.785714285714285,4.161818512152113
9210,31.574779592311003,-94.05438575439686,0.6395669894072625,11.049814471002716,8.636998125267821,6.892072491471716,0.014953148218671684,0.013983284228157263,37.6763001956112,-87.22071716127186,1.0560228116560912,11.011019966544373,4.943388828908742,9.83897695849823,-0.0010539124201626548,-0.007666963689282118,9.161199709271694,L,0.5,0.0,0.0,0.5,46.33842444078719,43.86708008702695,10.5,-52.785714285714285,4.161199709271694
9220,31.663456317340582,-93.98862036245607,0.6429594924600831,11.04803256013783,8.606187685213236,6.92766605551608,0.016588090679465324,0.015106687952095754,37.73039690172801,-87.12502086515465,1.0605193825834702,11.007546176045047,4.9008363234839045,9.856362216770684,-0.002914759380771838,-0.008136910948209296,9.16060948375399,L,0.5,0.0,0.0,0.5,46.32031252555177,43.82559174480631,10.5,-52.785714285714285,4.160609483753991
9230,31.751888120712803,-93.92256328028499,0.6464013645229335,11.046048041819759,8.576594627406287,6.96112073874141,0.01597605501053209,0.014538429365962441,37.784092042752185,-87.0290330739416,1.065008507595337,11.013127962904278,4.860241687866341,9.882663520672464,-0.002065654247453919,-0.008102149678813514,9.160144259935866,L,0.5,0.0,0.0,0.5,46.30208520031692,43.78386186975214,10.5,-52.785714285714285,4.160144259935866
9240,31.840082150976468,-93.85623002132778,0.6499111550658597,11.04384016870099,8.546156997289843,6.994970067804963,0.014628577662273134,0.013420357460264267,37.83733615195885,-86.93283599517288,1.0694676644737904,11.00946614390011,4.817280399054235,9.899603746139064,-0.003701189459494598,-0.008100744247409482,9.159718357771515,L,0.5,0.0,0.0,0.5,46.283759235823744,43.741923470805155,10.5,-52.785714285714285,4.159718357771515
9250,31.9280254538579,-93.78959908512898,0.6534912721989121,11.04208968074904,8.514253617728688,7.031019118925675,0.014657603191831263,0.013207162308829516,37.890182384158585,-86.83635865879734,1.0739231076464213,11.014686268939123,4.776666182668153,9.925057873005603,-0.002960930395591922,-0.008150598479998914,9.159414156369674,L,0.5,0.0,0.0,0.5,46.26530928778985,43.69975369792882,10.5,-52.785714285714285,4.1594141563696745
9260,32.01570555553765,-93.72265056612677,0.6571285224417922,11.040690844509184,8.482104628127376,7.067584835113695,0.015227452708080095,0.013311154276754753,37.94251512332027,-86.73921902670402,1.0781584766538665,11.047628052620173,4.7500769563510135,9.974309725378658,0.00865182782974644,0.000518310565703315,9.159442544094267,L,0.5,0.0,0.0,0.5,46.24671164071177,43.65698249409909,10.5,-52.785714285714285,4.159442544094267
9270,32.10313229479819,-93.65541052658106,0.6608360713947531,11.038590593413936,8.4497119274623,7.103017009124219,0.014021787056695854,0.012208227818966895,37.99433836953476,-86.64148948667155,1.0819736686102626,11.07378007682742,4.746010032971819,10.005198346703114,0.012713059929445577,-0.0005301682568412229,9.159770595877303,L,0.5,0.0,0.0,0.5,46.22799363770045,43.61366938055343,10.5,-52.785714285714285,4.159770595877303
9280,32.1902896975244,-93.58785576715347,0.664612407216362,11.036856375612963,8.415874880967412,7.140395552335338,0.014332296471569334,0.012191902803551131,38.04586253105976,-86.54322648493431,1.0853312233190253,11.104283354385123,4.7660607522716845,10.029445334619954,0.009417983605691948,-0.016738817084499837,9.160487701685812,L,0.5,0.0,0.0,0.5,46.20912698411336,43.56999165091188,10.5,-52.785714285714285,4.1604877016858115
9290,32.27720098852316,-93.52002071579588,0.6684735337985904,11.034869180305959,8.382760584629631,7.17618720542087,0.011702212128249297,0.009791175466559724,38.09716276306206,-86.44458568378536,1.0882867756820327,11.125146306835006,4.787120829804384,10.042527296917722,0.0010011360706277655,-0.037017394806374906,9.161535676364286,L,0.5,0.0,0.0,0.5,46.19015266519825,43.526118783585865,10.5,-52.785714285714285,4.161535676364286
9300,32.363838003611875,-93.45186675378284,0.672387762209835,11.033182729583489,8.349445752184804,7.212341975787233,0.011035133346432139,0.008931107565121466,38.14827369058944,-86.34567160255754,1.090906117498144,11.139051619477272,4.80453324121838,10.04962344147316,-0.008448454123947114,-0.05496337404247964,9.162843758576129,L,0.5,0.0,0.0,0.5,46.171023042644194,43.48215465197283,10.5,-52.785714285714285,4.162843758576129
9310,32.45018682040084,-93.38337986922984,0.6763391361974582,11.031420975389315,8.316017619165146,7.24817906056371,0.010843634623829888,0.008502118346054044,38.1991568168619,-86.24660875533658,1.0932458107943352,11.140935003264719,4.812250586767377,10.048018562737933,-0.018425318199611688,-0.06792694066335042,9.1642870946032,L,0.5,0.0,0.0,0.5,46.15171884427992,43.438171543842714,10.5,-52.785714285714285,4.1642870946032
9320,32.53624727188864,-93.3145669000093,0.6803324143980305,11.02939042121608,8.282121296556227,7.283812181319809,0.01023718934893076,0.00783132540982158,38.249781415885806,-86.14748046512027,1.095341997943836,11.134542373604852,4.813329873228688,10.040412810292526,-0.027833803164891424,-0.07612940081589263,9.165784220665014,L,0.5,0.0,0.0,0.5,46.132245642923856,43.39421402950857,10.5,-52.785714285714285,4.165784220665014
9330,32.62185051843382,-93.24549886512638,0.6843314098069324,11.010355466536499,8.234638093240934,7.3088072195697915,0.008260243411667544,0.010792673833292063,38.30014543671338,-86.04835193121482,1.097223122712442,11.12257739190543,4.81130774143175,10.028112766426428,-0.03678969193382074,-0.08143401207215809,9.167440055286535,L,0.5,0.0,0.0,0.5,46.11258438400913,43.35033044208873,10.5,-52.785714285714285,4.167440055286535
9340,32.707182963408975,-93.17610498259398,0.6883922023205631,11.009993378045952,8.200686606726245,7.346338772672851,0.007641049900543751,0.009045610601874993,38.350265531543045,-85.94924381583053,1.0989021955883205,11.109647318241784,4.809738653926859,10.014523334469729,-0.04441405528386396,-0.0845602139978055,9.169073191683676,L,0.5,0.0,0.0,0.5,46.09276120842521,43.30654663064635,10.5,-52.785714285714285,4.169073191683676
9350,32.79226093708288,-93.10637152972856,0.6925320216453601,11.011961891523983,8.166891450976816,7.3868253484388156,0.007705684100386726,0.007497964237472286,38.40017012550212,-85.85007162240805,1.1003822993284653,11.105423540298617,4.811293717432031,10.009090107198443,-0.04625134271341642,-0.0818371264068049,9.170743361938367,L,0.5,0.0,0.0,0.5,46.07277176680683,43.26281566334461,10.5,-52.785714285714285,4.170743361938367
9360,32.87689425778083,-93.03639148515597,0.6967118672099539,10.993973711558185,8.117648532410149,7.41425925326946,0.005766672569473243,0.009970057575572552,38.44992028551629,-85.75084247304036,1.1016961594248167,11.103344905437616,4.815115484864788,10.004945325014166,-0.04788512015318655,-0.08018034544612056,9.172668287567996,L,0.5,0.0,0.0,0.5,46.05260483010228,43.219182319585315,10.5,-52.785714285714285,4.172668287567996
9370,32.96125967570771,-92.96603137376746,0.7009623723071088,10.997853529228639,8.083138504601127,7.457590372620467,0.008057396488582565,0.00927215408946356,38.49956567952204,-85.65155331175944,1.1028694522424707,11.103759276088446,4.821015850300939,10.0025634830511,-0.04833715165447193,-0.0780618995567625,9.174661994399713,L,0.5,0.0,0.0,0.5,46.032228574294244,43.175676637752666,10.5,-52.785714285714285,4.174661994399713
9380,33.0453705474032,-92.89528687567669,0.7052788671427943,11.003145904685722,8.050205890310695,7.500893608324888,0.009501396504038397,0.007888998164664318,38.54913956685323,-85.55220590199883,1.10392230971735,11.105518361352283,4.828014249374391,10.001140759041967,-0.04782698621151125,-0.0751969135274886,9.17672662802198,L,0.5,0.0,0.0,0.5,46.01164577005673,43.13232202514556,10.5,-52.785714285714285,4.17672662802198
9390,33.12903734640416,-92.8242878949894,0.7096273472469304,10.986203177446912,8.001461272125034,7.52816563093745,0.0072441425782211275,0.009784788307493953,38.59866247975908,-85.45280599341496,1.1048708905170952,11.107705220251837,4.8353457032030205,10.000027359488874,-0.046303341439291754,-0.07103741760526291,9.179081899877968,L,0.5,0.0,0.0,0.5,45.99087635488473,43.089136842024885,10.5,-52.785714285714285,4.179081899877968
9400,33.21243589533463,-92.75291006457549,0.7140539260884643,10.990526556095638,7.9660270052999875,7.571927609999634,0.00908976482756832,0.008636297642141612,38.64814715084902,-85.35336201226595,1.1057297192624607,11.109738202781426,4.842418032146798,9.998863462228124,-0.04390180541684073,-0.06554496926218811,9.181517752080195,L,0.5,0.0,0.0,0.5,45.96989757140542,43.046136487106665,10.5,-52.785714285714285,4.181517752080195
9410,33.295388180475186,-92.68126200986663,0.7185260949298059,10.974923027650846,7.915831713948364,7.601877645641905,0.007862402234990245,0.010921733708928107,38.697593319421046,-85.25387900528189,1.1065048128957389,11.111337115785307,4.848931930100127,9.997483265196477,-0.04061367946571015,-0.05854017955669233,9.184216823444844,L,0.5,0.0,0.0,0.5,45.94871543915744,43.00332532798403,10.5,-52.785714285714285,4.184216823444844
9420,33.37807221813859,-92.60921751708999,0.7230816503495402,10.98080351698526,7.8797796880781785,7.647687097808489,0.010265652154031905,0.009747256397624075,38.74701122563329,-85.15436763261279,1.1072037146653855,11.112455398273735,4.855632174648045,9.995474033938848,-0.03708733859435093,-0.051281070797619184,9.186963201531169,L,0.5,0.0,0.0,0.5,45.92730775952098,42.960718833286954,10.5,-52.785714285714285,4.186963201531169
9430,33.46031186752365,-92.53688150068913,0.7276832129337492,10.967161955985855,7.829593421736234,7.679590367925113,0.009677431336976999,0.012000926776543224,38.79640252924298,-85.05483379923034,1.1078323491291524,11.113138381265324,4.861880434919822,9.993195851062678,-0.033153775786253864,-0.043424477500227654,9.189934785241576,L,0.5,0.0,0.0,0.5,45.90567738316077,42.91832324630741,10.5,-52.785714285714285,4.189934785241576
9440,33.5421063034567,-92.46424618652948,0.7323311283701182,10.954180412241953,7.779209431453409,7.712196128570099,0.009524482391729058,0.013958422297532436,38.84577854194747,-84.95528694694953,1.1084012408933874,11.113491333837931,4.868011389159112,9.99060332223775,-0.029272261482897185,-0.035916504463810624,9.193117429632387,L,0.5,0.0,0.0,0.5,45.883815847244094,42.87615381952565,10.5,-52.785714285714285,4.193117429632387
9450,33.62364217697683,-92.3911899200414,0.7370635529302951,10.962973074749495,7.743689545860684,7.760286776595977,0.012035185885011634,0.01185188815842333,38.89513376159372,-84.85572717635446,1.1089138516073438,11.113603213459976,4.873246923291996,9.988175049069424,-0.02501319202875021,-0.027903028226894666,9.196293943115373,L,0.5,0.0,0.0,0.5,45.8617109117196,42.83420768666822,10.5,-52.785714285714285,4.196293943115373
9460,33.704747118551325,-92.31782596936931,0.7418516189679519,10.952053351570274,7.693716856909194,7.794497645220826,0.011462312919342993,0.013194006812956701,38.94447069251134,-84.75615736459187,1.1093705687097761,11.113569749745848,4.878633106516214,9.98550807893469,-0.020919610066934463,-0.020489494732341164,9.199648646551077,L,0.5,0.0,0.0,0.5,45.839373283290975,42.79248933676198,10.5,-52.785714285714285,4.199648646551077
9470,33.78541054210656,-92.24414507137479,0.7466954386926995,10.941240373380749,7.6426315202305215,7.829490682929242,0.011632136530331474,0.014778753425797082,38.99379989420671,-84.6565837400426,1.1097796390818464,11.113449960982438,4.884019853345032,9.982741111908698,-0.017208036218278197,-0.014095661024910685,9.20317372430824,L,0.5,0.0,0.0,0.5,45.81678845337381,42.75101112471999,10.5,-52.785714285714285,4.20317372430824
9480,33.86564160161081,-92.1701355933168,0.751600389677624,10.932123459823693,7.591872378208569,7.866053466244766,0.012010098601520289,0.015919796641114065,39.04311384016628,-84.55700333334539,1.1101423788518523,11.113267703308244,4.888508673682391,9.980340775380675,-0.01336699986251765,-0.007660483149831983,9.206845365749874,L,0.5,0.0,0.0,0.5,45.79394991906312,42.70976651119526,10.5,-52.785714285714285,4.206845365749874
9490,33.945503138059124,-92.09584831402451,0.7566093961183402,10.924176156462703,7.5430544962004955,7.901895567822807,0.008411634036746617,0.01259132719054569,39.09242523752844,-84.45742281436519,1.1104670582185092,11.113051883866481,4.8931593242953015,9.97782110485903,-0.01017996416321585,-0.002733711939461342,9.210665079778515,L,0.5,0.0,0.0,0.5,45.770932421357266,42.66876963409505,10.5,-52.785714285714285,4.210665079778515
9500,34.02492421416648,-92.02117686193111,0.7616676829357734,10.918760112702492,7.4924780990445985,7.942423706531902,0.011346748724124413,0.015008130584793927,39.14173431405048,-84.35784276627926,1.1107638350287254,11.112799683154721,4.8966195361050096,9.975842516627777,-0.007095616939525857,0.0018445470477698196,9.21457731314112,L,0.5,0.0,0.0,0.5,45.74760740030004,42.62802178508826,10.5,-52.785714285714285,4.21457731314112
9510,34.10391736577324,-91.94610119303123,0.7667742405883162,10.915887532484783,7.4431181199007534,7.984772587560763,0.014377705624542115,0.01673927311006782,39.19104573054513,-84.25826589105455,1.1110447379698027,11.112515674508428,4.89907189282891,9.974321992250363,-0.004343164995733234,0.005650634304990878,9.21855122185615,L,0.5,0.0,0.0,0.5,45.723963276831235,42.587528804369924,10.5,-52.785714285714285,4.218551221856149
9520,34.18254679347465,-91.87070375295374,0.7719740069582774,10.911966020004925,7.395522869868281,8.023543101585318,0.01176443731665155,0.013103821586122135,39.24035257980373,-84.15868917696885,1.1113163666373438,11.112199404735113,4.90005998898256,9.97348423144929,-0.001594650732128727,0.009385189691026306,9.222611788014682,L,0.5,0.0,0.0,0.5,45.700103110160875,42.5472845189763,10.5,-52.785714285714285,4.222611788014682
9530,34.26073490542824,-91.79489415220117,0.7772155851895879,10.909242579596699,7.345285687780688,8.065875763075564,0.014908055738376752,0.015156323905086418,39.28964527960938,-84.05910814507621,1.1115765084938038,11.11186167511737,4.900314645471762,9.972982816706201,0.0010078384157731811,0.012789430238101068,9.226717980927836,L,0.5,0.0,0.0,0.5,45.67590871676185,42.50727983308872,10.5,-52.785714285714285,4.226717980927836
9540,34.33853746924778,-91.71874987401668,0.7825498434002227,10.905223283402956,7.2954597601877875,8.105563629282958,0.013126432057515094,0.012499580541470596,39.338931994077114,-83.95952692008936,1.1118312899541336,11.11151709109984,4.900533692976944,9.972491242904232,0.002918966373203101,0.014791439620146202,9.230898453167805,L,0.5,0.0,0.0,0.5,45.651474552228336,42.467523976824076,10.5,-52.785714285714285,4.230898453167805
9550,34.41593442903437,-91.64220644895217,0.7879497019983808,10.90458468761683,7.246205283962156,8.148771452929969,0.014299091077909814,0.0119866198719507,39.38820654004457,-83.85994259809084,1.1120861120753796,11.111163956422125,4.899492174228981,9.972609533174511,0.004743665135417709,0.01664884430570912,9.235102630201398,L,0.5,0.0,0.0,0.5,45.626734518762554,42.428011293365834,10.5,-52.785714285714285,4.235102630201398
9560,34.49285892656963,-91.56519103244301,0.7933556969145937,10.904804590694605,7.196067904469445,8.193373534478875,0.019109371922846924,0.01539407697569009,39.43746617734161,-83.76035386366968,1.1123440408795513,11.110811700872661,4.897760628915475,9.973067606012421,0.00624802265292412,0.017911047107583823,9.239297813982,L,0.5,0.0,0.0,0.5,45.60159093957519,42.388739610290735,10.5,-52.785714285714285,4.239297813982001
9570,34.56938105647855,-91.48779939139895,0.7988195810224255,10.903257272214875,7.147556513155645,8.233678098842148,0.01778019213958551,0.012943711662687415,39.48669919799916,-83.66075492214455,1.1126004207424818,11.110466238835656,4.895388203324824,9.97384752154629,0.007657642338557993,0.01905627930165886,9.243518963501598,L,0.5,0.0,0.0,0.5,45.57616148788341,42.349697338900846,10.5,-52.785714285714285,4.243518963501598
9580,34.6454839014923,-91.41004484014482,0.8043446283685382,10.899916575632746,7.0970408828725775,8.272858759980657,0.016307183958029846,0.011121690377963143,39.53590605651075,-83.56114581772985,1.112852040569042,11.110141320217751,4.893333189685653,9.974493994681167,0.008520030260164343,0.01918304257416963,9.247780529314152,L,0.5,0.0,0.0,0.5,45.55044789697616,42.31088543748872,10.5,-52.785714285714285,4.247780529314152
9590,34.721145555876596,-91.33190314603765,0.8099275587543495,10.897207865409884,7.044727196289235,8.313901490384273,0.016408637093528362,0.010907564745305812,39.5850933247939,-83.46152960219959,1.1131050229013677,11.109839405597208,4.8911297807081455,9.975238397473538,0.008866795043988953,0.018374619943198094,9.25206828867479,L,0.5,0.0,0.0,0.5,45.52441726913896,42.27231125740684,10.5,-52.785714285714285,4.25206828867479
9600,34.79635459973365,-91.25333359507843,0.8155505416329142,10.896979444190963,6.992977980081081,8.357177751922087,0.017941563160880324,0.011651322117614632,39.63426033229057,-83.36190583195378,1.113367302549469,11.10955605152068,4.887920398693312,9.976495869688796,0.00907322508372423,0.017410080567195577,9.256347228670808,L,0.5,0.0,0.0,0.5,45.49802833273288,42.233974648166935,10.5,-52.785714285714285,4.256347228670808
9610,34.871110161352675,-91.17431695692893,0.8211929212599302,10.898331954376314,6.94302549031469,8.400478345226556,0.019386701048226714,0.012076756697940566,39.68340391716638,-83.26227283874965,1.113644048893209,11.109291470618627,4.8837888325870304,9.978224472212379,0.00919064955987535,0.01640458663730308,9.260594652626738,L,0.5,0.0,0.0,0.5,45.4712637337602,42.195872848290215,10.5,-52.785714285714285,4.260594652626738
9620,34.94541182978939,-91.09490017244809,0.8268612152849653,10.896532442656868,6.892263548474426,8.439853224567614,0.01843876623302887,0.01112402859005426,39.73251669570543,-83.16262686195155,1.1139348859695004,11.109047396072786,4.87897507475336,9.980307423527945,0.009299252462340889,0.01552834103985561,9.264843920417263,L,0.5,0.0,0.0,0.5,45.44416225250865,42.157998648288064,10.5,-52.785714285714285,4.264843920417263
9630,35.01924901695192,-91.01511157386206,0.8325764855366246,10.892408349809335,6.838429127939367,8.478233702909264,0.01695087427785479,0.010420636121994047,39.781604214275184,-83.06297042268366,1.1142453202806286,11.108829800527447,4.874012887276292,9.982489564820556,0.009032501009311605,0.014037434535662181,9.269119478879144,L,0.5,0.0,0.0,0.5,45.416741289642715,42.12035831453845,10.5,-52.785714285714285,4.269119478879144
9640,35.092610407419905,-90.93490143607454,0.8383325636261607,10.89163182165024,6.784163571247096,8.520725812801864,0.017760083126056522,0.011328680055760404,39.83067067030761,-82.96330548875179,1.114588155496703,11.108631096715323,4.867972975116165,9.985215268408055,0.008661275466270433,0.012488920857785465,9.273378942010732,L,0.5,0.0,0.0,0.5,45.38895203553779,42.08295679711312,10.5,-52.785714285714285,4.273378942010732
9650,35.16549667016796,-90.85424311125921,0.8441079659281476,10.893129627636188,6.731970955008528,8.563926677956024,0.01873892549776534,0.011930060338569623,39.8797006748228,-82.86362455299053,1.1149648354251869,11.10844128933498,4.860327919596041,9.98872766635458,0.00871959677189636,0.011976290121263004,9.27759151618843,L,0.5,0.0,0.0,0.5,45.360771740871115,42.04577859653101,10.5,-52.785714285714285,4.27759151618843
9660,35.23791123693926,-90.77315885508804,0.8498963234669534,10.893457553469249,6.680607143008432,8.604470098153689,0.01810110523246722,0.011277777703923396,39.928683096237464,-82.76392202918372,1.1153668121157732,11.108272338161436,4.852579666610204,9.992306286236614,0.008783645737475846,0.011626095517160907,9.281767890300095,L,0.5,0.0,0.0,0.5,45.33222029945069,42.008812507489225,10.5,-52.785714285714285,4.281767890300095
9670,35.30985060521348,-90.69166749122952,0.8557040226145792,10.892532773147146,6.6282410759244375,8.643708142545808,0.016758630111968643,0.010350478658038228,39.97761389517386,-82.6641956701956,1.1157856210187973,11.10813457417506,4.845379071086511,9.995646821264751,0.00861758764228872,0.010945721211978907,9.285920415801309,L,0.5,0.0,0.0,0.5,45.30331086655502,41.972054641103085,10.5,-52.785714285714285,4.285920415801309
9680,35.381307897454725,-90.60975475553629,0.8615297218851515,10.892645724332167,6.575365853092197,8.684140416517975,0.01609952921983338,0.009996888749577734,40.02649451395749,-82.56444587370177,1.1162181732130294,11.108031415970427,4.838635450726617,9.998798373462563,0.00816218717028965,0.00980376758149236,9.290035183262855,L,0.5,0.0,0.0,0.5,45.274026992865075,41.93550683218417,10.5,-52.785714285714285,4.290035183262855
9690,35.45228039546021,-90.52740845641252,0.8673642678582573,10.893847089222724,6.523113575336674,8.724958090823407,0.015604292296476965,0.009627233814457646,40.07532838645132,-82.46467407019308,1.1166672586238178,11.107958810726604,4.8318795284219975,10.001984261316112,0.007502239936716608,0.0083654701475663,9.294098047133579,L,0.5,0.0,0.0,0.5,45.24435628681421,41.89917305932353,10.5,-52.785714285714285,4.294098047133579
9700,35.52276764144933,-90.44466156955312,0.8732134061660262,10.892862356704544,6.470161516847719,8.763073676970524,0.013648301269257744,0.008344486777966413,40.12411769555195,-82.36488119387414,1.1171390356935929,11.107907903694196,4.824623079325126,10.005430032707006,0.006786969236869923,0.006929845914620164,9.29813278242451,L,0.5,0.0,0.0,0.5,45.21432528485763,41.86305607836931,10.5,-52.785714285714285,4.29813278242451
9710,35.592761815552784,-90.36153172015761,0.8790905071702813,10.890487527618964,6.415120267982063,8.800508538519233,0.011541926538594626,0.007346709906689687,40.17286297926669,-82.26506749248959,1.1176408120435164,11.107869060824331,4.816587568415739,10.009257678179805,0.006120586092759197,0.00570373687678407,9.302153495818128,L,0.5,0.0,0.0,0.5,45.18394351314058,41.82715700207402,10.5,-52.785714285714285,4.3021534958181284
9720,35.662253101150824,-90.27799087672092,0.8849922302874966,10.890073167050872,6.359518903126692,8.84026090703751,0.01086654318245864,0.007444670706815189,40.22155609082699,-82.16522909662503,1.1181738340068257,11.107832887076185,4.807654948072375,10.01351113982935,0.00572220180533632,0.005131196718765146,9.30613493628019,L,0.5,0.0,0.0,0.5,45.15318133977847,41.79146787305632,10.5,-52.785714285714285,4.3061349362801895
9730,35.731240019232786,-90.19404595198165,0.8909150709010485,10.88936406548994,6.304061019471995,8.87902384350652,0.009709331324587357,0.007081365429233923,40.270187068775336,-82.06536116735866,1.1187313874348777,11.107804205723307,4.798547498388865,10.017846883357238,0.00547877123859964,0.004965488188446858,9.3100782298707,L,0.5,0.0,0.0,0.5,45.12204285004831,41.7559787290834,10.5,-52.785714285714285,4.310078229870699
9740,35.799718994764184,-90.10967339324881,0.896847506991768,10.890604656505918,6.249441200939327,8.919066905249135,0.009396771790659552,0.007126708351978274,40.318756238246415,-81.96546368911511,1.1193090627469477,11.107794816829607,4.789952621279179,10.02194889124303,0.005045979994424592,0.004476552053570275,9.313959915786894,L,0.5,0.0,0.0,0.5,45.09050570436022,41.72069029679675,10.5,-52.785714285714285,4.313959915786894
9750,35.86769235841606,-90.02488739025901,0.9027851195370004,10.891195190596015,6.195426584634938,8.957389246541675,0.008209092351398807,0.006325011720359104,40.36727134476549,-81.8655403075434,1.1199128637014881,11.10780087246874,4.781388857382828,10.026044126020624,0.0043899424109121316,0.003580607119313713,9.317787069396744,L,0.5,0.0,0.0,0.5,45.05858219142595,41.68561117510093,10.5,-52.785714285714285,4.3177870693967435
9760,35.93515715191295,-89.9396604451204,0.9087144043245137,10.894108963316235,6.142555482565592,8.997256373373524,0.007998506243865305,0.006000178069357628,40.41572748294694,-81.76558883259167,1.1205475495685684,11.10780183060861,4.7718345454308375,10.030596023123694,0.003990430726354975,0.0032678391564645586,9.321531913697982,L,0.5,0.0,0.0,0.5,45.02624717382692,41.650736843262436,10.5,-52.785714285714285,4.3215319136979815
9770,36.002117639281146,-89.85400228818209,0.9146263764923875,10.89681477529791,6.090972580399311,9.035520199300903,0.006952160822252532,0.004738551588427713,40.464121575309804,-81.6656079239496,1.1212150513244363,11.107797742069149,4.761765108196851,10.035375614947132,0.003675419733905235,0.0031691944726702052,9.325196050986259,L,0.5,0.0,0.0,0.5,44.99351041563253,41.61606466661319,10.5,-52.785714285714285,4.325196050986259
9780,36.06857589238063,-89.7679532997811,0.9205316691725745,10.896845928782128,6.038459192374146,9.070736562024488,0.004532278328127285,0.0025987792783428673,40.51245185246597,-81.56559690009844,1.1219179055312551,11.107785751396488,4.751232501570082,10.040353281381634,0.003413426385617993,0.003208414053889851,9.32880935897178,L,0.5,0.0,0.0,0.5,44.960405643832814,41.58159339773212,10.5,-52.785714285714285,4.32880935897178
9790,36.13452559350558,-89.681557757579,0.9264568333486776,10.893499301055947,5.982602155674957,9.103669505700422,0.001372182704418138,0.000530849489807268,40.560714654796804,-81.4655542453044,1.1226582907647267,11.107760020305557,4.74010010300896,10.045585283205403,0.003262192248133922,0.0034970361565173523,9.332409298782528,L,0.5,0.0,0.0,0.5,44.92696481963181,41.54731983732305,10.5,-52.785714285714285,4.332409298782528
9800,36.19995215056728,-89.59482593037728,0.9324237685692298,10.889017944686023,5.9231308306798525,9.137134833324065,-0.0009513597663883483,-0.00022739296465773226,40.6089007873376,-81.36547580866976,1.1234331196241607,11.107718326514293,4.728446315343233,10.051029890717592,0.0033063171392291616,0.004202685297927688,9.336007257244747,L,0.5,0.0,0.0,0.5,44.8931870177504,41.51323494177182,10.5,-52.785714285714285,4.336007257244747
9810,36.26484119435675,-89.50772632776433,0.9384311889728426,10.886657029485628,5.862476105399272,9.173367712638115,-0.0014143511712476117,0.000595678735258649,40.65700230001841,-81.26535785552973,1.1242347877588303,11.107673361131374,4.716888705011658,10.056409321528287,0.003382890462755447,0.004969201625508334,9.339577999576537,L,0.5,0.0,0.0,0.5,44.85903710721944,41.47933082376144,10.5,-52.785714285714285,4.339577999576537
9820,36.329190386234814,-89.42026066976553,0.9444748413352709,10.884342565585156,5.801976513910756,9.209016321900881,-0.0019231061731373727,0.0011880419074486428,40.70501860940846,-81.16519999688087,1.1250584688348437,11.107639224747478,4.705792703290673,10.061568673959593,0.003273952733992416,0.0053231464449185525,9.343120429049915,L,0.5,0.0,0.0,0.5,44.8245141052702,41.44560722712384,10.5,-52.785714285714285,4.343120429049915
9830,36.39299580551252,-89.33241416277545,0.9505470034422718,10.883334238598081,5.741902313177035,9.245405452167768,-0.0017467359188617646,0.0020992597219491992,40.75295792548579,-81.0650061064304,1.125910201169651,11.10761333547515,4.694746563619479,10.06669899787455,0.002888837159286329,0.005064930650125203,9.34662001248156,L,0.5,0.0,0.0,0.5,44.789602629274036,41.4120732289804,10.5,-52.785714285714285,4.34662001248156
9840,36.45625771410491,-89.24419161203691,0.9566438153717651,10.882277029966291,5.682204413151683,9.280975507137788,-0.0017912274004261576,0.00258526647390541,40.800814159255765,-80.96477368059215,1.126794369764415,11.107565418448637,4.6826244087363245,10.072290611962249,0.0027540076639625388,0.005310765940962671,9.350076576618559,L,0.5,0.0,0.0,0.5,44.75430575346926,41.378723120630596,10.5,-52.785714285714285,4.350076576618559
9850,36.5189710056317,-89.15555922604763,0.9627495023749759,10.884020818294402,5.623722098448718,9.318565282943801,-0.0006259885771842928,0.0036753466872436573,40.84857962046688,-80.86449937396443,1.1277088375423738,11.107498453573822,4.67000373371733,10.078074569242432,0.002751212653056954,0.005805109038223195,9.353458410047098,L,0.5,0.0,0.0,0.5,44.71859203033783,41.3455494220594,10.5,-52.785714285714285,4.353458410047098
9860,36.58114089835447,-89.06652619452312,0.9688539218434012,10.885587055371834,5.566746585877728,9.354535690706275,-0.0002591686716534972,0.003656478334555739,40.89625348805506,-80.76418294074814,1.1286527933709294,11.107423371351404,4.657366881347679,10.083837944104872,0.0026516092494490062,0.006053719588517109,9.356767613086019,L,0.5,0.0,0.0,0.5,44.68247109686508,41.3125517777686,10.5,-52.785714285714285,4.356767613086019
9870,36.64276644869775,-88.97708139851883,0.9749464105764192,10.888361212006718,5.510842165711651,9.390794881571363,0.0004047284985497153,0.0036013878582731133,40.943838445388145,-80.66382590468079,1.129631515799813,11.107333781694285,4.644351677217934,10.089740394890745,0.002463178224853221,0.0060717297208624805,9.359991304832645,L,0.5,0.0,0.0,0.5,44.645932525650615,41.27973360776991,10.5,-52.785714285714285,4.359991304832645
9880,36.703850420797096,-88.8872327497862,0.9810203519398197,10.89097603110342,5.455897110581409,9.425844557853615,0.0005365190033857281,0.0028436982932502964,40.991317854552186,-80.56342096755051,1.1306395259803155,11.107209450837004,4.630395420561299,10.096016047630265,0.0026918859507677395,0.006944485463788359,9.363130864278038,L,0.5,0.0,0.0,0.5,44.60898353792914,41.247078114812716,10.5,-52.785714285714285,4.3631308642780375
9890,36.76439421336352,-88.79699774263254,0.9870772057062907,10.892611028766062,5.400932871779452,9.459328683290808,7.99337514662818e-05,0.0015809827705110938,41.03870132692966,-80.46297257920186,1.131679533812776,11.107091746196568,4.616974635228912,10.102031096570668,0.002466458996602184,0.006790072034754301,9.366198627286199,L,0.5,0.0,0.0,0.5,44.57163828725031,41.214595780861934,10.5,-52.785714285714285,4.366198627286199
9900,36.82439482211004,-88.70638312284537,0.9931191360655676,10.893952153872045,5.345491038065813,9.492308417493156,-0.00037109942385939144,0.0004329153079413537,41.08597652621838,-80.36247550597201,1.1327502955917395,11.106941467885527,4.602534245448246,10.108453259055574,0.002601136630458689,0.007369330389156537,9.36919809480556,L,0.5,0.0,0.0,0.5,44.53389958736124,41.18227433570774,10.5,-52.785714285714285,4.36919809480556
9910,36.88385033693531,-88.61540134236053,0.9991496791270231,10.894572898667747,5.289508917407285,9.524327485815183,-0.0010443110697210454,-0.0007879390056072903,41.13315995194806,-80.26193757138721,1.1338645570071837,11.106787438936708,4.588126088078957,10.114831991368494,0.0022275958261199005,0.006802060847985457,9.372138986229535,L,0.5,0.0,0.0,0.5,44.495775453170886,41.150131648462434,10.5,-52.785714285714285,4.372138986229535
9920,36.942751063002824,-88.52400779484269,1.0051501586353733,10.898796212157405,5.234757612360374,9.559344727227474,-7.360639247921139e-05,-0.0008011635409234394,41.180217138504055,-80.16134389227878,1.1350126473960187,11.106556741777545,4.571615389998562,10.122051935465088,0.0028576190866338906,0.008383224240763244,9.374980868688173,L,0.5,0.0,0.0,0.5,44.457223335747656,41.11813249676557,10.5,-52.785714285714285,4.374980868688173
9930,37.00110576180867,-88.4322087065289,1.011104180226972,10.903216160627645,5.182613595452703,9.59273886674711,2.4642034402094087e-05,-0.0021270539800462276,41.22716256942351,-80.06070078240221,1.1361933226587586,11.10635558787839,4.556517598163434,10.128636720804261,0.0027073039848488174,0.00820907527917158,9.377723661150595,L,0.5,0.0,0.0,0.5,44.418252679408,41.08629221482865,10.5,-52.785714285714285,4.377723661150595
9940,37.05891892902014,-88.3399991003243,1.016998327594139,10.908615676846358,5.132439401888265,9.625796682409355,3.90230860634372e-05,-0.0038423611168915822,41.27398995137354,-79.96000587804154,1.1374100605188877,11.106125802827883,4.540420291631468,10.135611176617841,0.002782424464919968,0.008487818136713418,9.380357675962488,L,0.5,0.0,0.0,0.5,44.37886144727772,41.054604870490074,10.5,-52.785714285714285,4.380357675962488
9950,37.116199171456934,-88.24739722998739,1.0228283303751382,10.91326073892385,5.083599498989966,9.656928916048088,-0.0008126031979967872,-0.006504349248406542,41.32069480708902,-79.85925752265955,1.1386635348236573,11.105875056162555,4.523789162333056,10.142770448839489,0.0028763097222631183,0.008769026478524348,9.38289248045075,L,0.5,0.0,0.0,0.5,44.33906872696826,41.02306633827448,10.5,-52.785714285714285,4.382892480450749
9960,37.17294528694714,-88.15438284215318,1.028580656026379,10.919941283909859,5.036286537621973,9.689217489302559,-0.0009778595098577005,-0.008687189039935487,41.36726712654419,-79.7584514980308,1.1399489646067031,11.105605266712235,4.506736794201365,10.150063635653627,0.0030947353491679627,0.009286960931723728,9.385307604406878,L,0.5,0.0,0.0,0.5,44.298856934865775,40.99166662367023,10.5,-52.785714285714285,4.3853076044068775
9970,37.229168133188765,-88.06097387306995,1.0342477682052569,10.925962691184724,4.990899728945264,9.7194434318419,-0.002105423029465172,-0.011980835169386762,41.413713197541405,-79.65759070462829,1.1412693667581244,11.105343665671587,4.489875004618905,10.157247677179601,0.0029877792275642334,0.009044743667159455,9.387612373295283,L,0.5,0.0,0.0,0.5,44.2582463281997,40.96041266800461,10.5,-52.785714285714285,4.387612373295283
9980,37.28487927351375,-87.96721501385885,1.0398414558879792,10.929149691961406,4.945376639659357,9.7462589172057,-0.004553760155827386,-0.01620792621562938,41.460033648085194,-79.55667605195222,1.1426338748146763,11.105051751563007,4.471996881048341,10.164812752863995,0.0029177815461477073,0.008859465474292616,9.38983917227832,L,0.5,0.0,0.0,0.5,44.21727887580988,40.929305850208856,10.5,-52.785714285714285,4.38983917227832
9990,37.340075917368836,-87.87311210968646,1.0453702396823894,10.932167876416594,4.898815127276509,9.773121549787547,-0.006516359714064267,-0.019477937873421152,41.50622307080232,-79.45570603650687,1.1440496331060759,11.104703742999241,4.452763752829553,10.172872759514327,0.0030261002871079436,0.00906011953043881,9.391991647401664,L,0.5,0.0,0.0,0.5,44.175956823908294,40.89834139795523,10.5,-52.785714285714285,4.391991647401664
10000,37.39476770571916,-87.77872380006269,1.0508593527984136,10.931058873861838,4.8504016320083885,9.796001843203378,-0.009872146947129287,-0.02343681106130335,41.552260490757135,-79.35467212831239,1.1455086696290875,11.104294900935432,4.432456265896979,10.18129150441393,0.003551974397510649,0.010187299304610788,9.394114797359139,L,0.5,0.0,0.0,0.5,44.1343318156724,40.86749811803497,10.5,-52.785714285714285,4.394114797359139
10010,37.44895449604172,-87.68410617540619,1.0563495187756693,10.925651141654686,4.797516117909362,9.815991644634801,-0.013708363491068094,-0.026642235262583053,41.59815499877934,-79.25357835506735,1.1470124957199244,11.103899954034288,4.412752445184527,10.18941657047746,0.0035686334609632553,0.010144727374816708,9.396257986104109,L,0.5,0.0,0.0,0.5,44.09244725478776,40.83678577853374,10.5,-52.785714285714285,4.396257986104109
10020,37.50262294496562,-87.58927718320918,1.0618744217020895,10.918600900165567,4.739720760109422,9.836203166531488,-0.01649824222637549,-0.027641123643912986,41.6438954278474,-79.15242054557531,1.1485620486216284,11.10346211976434,4.391871040423594,10.197957629316283,0.0038558118603018473,0.010705504741299877,9.398440705854371,L,0.5,0.0,0.0,0.5,44.050308015584484,40.80619341980441,10.5,-52.785714285714285,4.398440705854371
10030,37.555756223103344,-87.49421972435844,1.067446304247077,10.912670571478776,4.679066049033817,9.85863681805948,-0.017513889286473208,-0.02630331580045297,41.6894765565919,-79.05119676729574,1.1501555697492132,11.10301072684782,4.370649239252396,10.206579859478895,0.004079713906732375,0.011110158804239198,9.400653192676808,L,0.5,0.0,0.0,0.5,44.00788900400003,40.775716031290706,10.5,-52.785714285714285,4.400653192676808
10040,37.60834128832379,-87.39889241441891,1.0730532824292123,10.910016285158154,4.6185947816456,9.884181179307275,-0.01666368505888984,-0.02329609972462108,41.73488085893,-78.9498995829439,1.1517812491232773,11.102550373297436,4.34910833892731,10.215276865943476,0.004507508608800462,0.01196492773109351,9.402861728968206,L,0.5,0.0,0.0,0.5,43.96514832880331,40.745335616967466,10.5,-52.785714285714285,4.402861728968206
10050,37.66038619692944,-87.3033107603573,1.0786932269322569,10.90660069850723,4.5590696146954235,9.908018118929704,-0.016323380291703937,-0.021150679974415623,41.78011680581737,-78.84853212433613,1.1534366593549406,11.102154839736508,4.328566819879347,10.223568426499838,0.004392554254085059,0.01154275879516546,9.405076399154247,L,0.5,0.0,0.0,0.5,43.92210200744773,40.71506086296278,10.5,-52.785714285714285,4.405076399154247
10060,37.7118854038269,-87.20745524610957,1.0843610379272088,10.90493497120865,4.499648359043501,9.933316232318719,-0.014940776827390553,-0.01811311612950772,41.82518931254167,-78.74709682721722,1.155130779515967,11.10177075681641,4.307413451714702,10.23208206050417,0.004149408308004945,0.010812450784510881,9.407280883526916,L,0.5,0.0,0.0,0.5,43.87873013175703,40.684897307635275,10.5,-52.785714285714285,4.407280883526916
10070,37.76283097775041,-87.11128131498589,1.090033667681875,10.907051314152476,4.4421488238343825,9.961479919994924,-0.012195001003024956,-0.014320951641896054,41.87009220335569,-78.64559195212601,1.1568702739036478,11.101345412327204,4.284885828306104,10.241075304975537,0.004093538363326758,0.010525323805191378,9.409436282998012,L,0.5,0.0,0.0,0.5,43.834991785129894,40.654839290898906,10.5,-52.785714285714285,4.409436282998012
10080,37.813171547302574,-87.0147316587146,1.095650626758965,10.912157551598323,4.386832960227221,9.991540372233322,-0.007274380045158103,-0.007216496778576383,41.91482090787707,-78.54401642005378,1.1586591929693915,11.100876801334696,4.261422543343725,10.250353343445909,0.004092082069510381,0.01038205597389446,9.411511256518889,L,0.5,0.0,0.0,0.5,43.79080919888939,40.62488278774364,10.5,-52.785714285714285,4.411511256518889
10090,37.86300588863235,-86.91787165156546,1.1012491323382527,10.916031246635571,4.33636310226242,10.017768874498012,-0.006528724746241303,-0.008188321428416285,41.95936455702754,-78.44236652037516,1.1604962361545357,11.100356471272123,4.2370573531113385,10.259885904616974,0.004266399145603207,0.01067273223599847,9.41351908528206,L,0.5,0.0,0.0,0.5,43.74629421686547,40.59501720928678,10.5,-52.785714285714285,4.41351908528206
10100,37.912280009460645,-86.82067537104763,1.1067886147343353,10.920176314806065,4.285634759651237,10.044082111040334,-0.0040360685005892405,-0.00518581474573083,42.00372165112232,-78.34064217734861,1.162382216001286,11.099816650579768,4.212405318569061,10.26944843253906,0.00431862332137172,0.010691321415722186,9.41545844201759,L,0.5,0.0,0.0,0.5,43.70139209907656,40.565241493402,10.5,-52.785714285714285,4.41545844201759
10110,37.96106869610606,-86.72321287880945,1.1123183626186433,10.921658146379398,4.236135959386514,10.066666220748951,-0.00490262223028512,-0.008164797634496719,42.04787640323082,-78.23883746995705,1.1643106281690643,11.099239875060782,4.1869960067850265,10.279211557473925,0.004616848672522531,0.011310359993065367,9.41735755471532,L,0.5,0.0,0.0,0.5,43.65620350750386,40.53553978160109,10.5,-52.785714285714285,4.41735755471532
10120,38.0092981375631,-86.62543721521983,1.1177976710003228,10.924574992892218,4.184616519251185,10.09134893669504,-0.002863600139221142,-0.00527817006095809,42.0918197522524,-78.13694842166619,1.1662697749862039,11.098695983140352,4.162038315641515,10.288755492541735,0.004812223992839147,0.011678162987769062,9.419205100893127,L,0.5,0.0,0.0,0.5,43.61064470937154,40.5059026251071,10.5,-52.785714285714285,4.419205100893127
10130,38.05704103241199,-86.52742380061285,1.123276473421962,10.924151374587659,4.1339979610548285,10.111732992563637,-0.004272704500470506,-0.008405986413685841,42.13556903654988,-78.03498183931082,1.1682671912566887,11.098229436800459,4.13776204335477,10.298039711733335,0.0044097127257421405,0.010596136710908852,9.421038220208036,L,0.5,0.0,0.0,0.5,43.56481919450412,40.47634791158185,10.5,-52.785714285714285,4.421038220208036
10140,38.10422262571774,-86.42913491485082,1.128721238179551,10.924412928568065,4.08046013542975,10.13373785515659,-0.002894648694702305,-0.005461931695991016,42.179109424574506,-77.93293275933159,1.1703057239056387,11.09771261096059,4.111759347402594,10.30789310502011,0.004443395102731241,0.010588172222367786,9.422852725737929,L,0.5,0.0,0.0,0.5,43.518649547052775,40.44686107591051,10.5,-52.785714285714285,4.422852725737929
10150,38.1509067707955,-86.33061232413117,1.1341744923935015,10.923880481785542,4.0278660380369535,10.154184357197954,-0.0037613714564367863,-0.007474708862097341,42.22244845989953,-77.83080477418615,1.1723930406070113,11.097199796663082,4.085511617959811,10.317772925712921,0.004177922330116796,0.00986855413223945,9.424658089936973,L,0.5,0.0,0.0,0.5,43.47220755442504,40.41745036326173,10.5,-52.785714285714285,4.4246580899369725
10160,38.197016651024576,-86.23178838506564,1.139582620060681,10.926624175047705,3.9745186210344596,10.178129375960362,-0.0013711842578870963,-0.003456617476133356,42.265558396826485,-77.72858790810866,1.174520054720344,11.096605030970837,4.057716652791952,10.328096570957408,0.004529619604021394,0.010693865806174846,9.4264229848153,L,0.5,0.0,0.0,0.5,43.425391236308215,40.38808790726457,10.5,-52.785714285714285,4.4264229848153
10170,38.242578727114,-86.13269144426835,1.1449511672179356,10.92816735991892,3.9229648739944083,10.199764136675087,-0.00044574595984989054,-0.0020159964492718063,42.30845146449337,-77.62628672805496,1.1766865951715846,11.096076884534398,4.03100610706777,10.337983942349732,0.004283973045830748,0.010045175213123064,9.428162191677766,L,0.5,0.0,0.0,0.5,43.37823832341794,40.35878620365342,10.5,-52.785714285714285,4.428162191677766
10180,38.287544800998624,-86.03289966501161,1.1501221332983274,10.965749583687552,3.8858952509009344,10.254144626987143,0.011263907622003428,0.005107799555771279,42.351123046639756,-77.52390040141866,1.1788981879070606,11.095516502318539,4.003198903665684,10.348182690255951,0.0041856609228092725,0.009784963483684623,9.429514124612854,L,0.5,0.0,0.0,0.5,43.33039327900068,40.32954117799277,10.5,-52.785714285714285,4.429514124612854
10190,38.331918891810574,-85.93233348283718,1.1548159349055602,11.009516907211248,3.8817256228626804,10.302507884926934,0.019385505776302544,0.0038152388964902764,42.393572236641745,-77.42142964867213,1.1811614998041797,11.09491831511222,3.974486708436951,10.358603565320502,0.004071268457116538,0.009514428977444566,9.430403595179984,L,0.5,0.0,0.0,0.5,43.2817984076378,40.30035262201265,10.5,-52.785714285714285,4.430403595179984
10200,38.37584874946694,-85.83120483992667,1.1589537612874992,11.039487381793663,3.900461878800929,10.327472042315206,0.01656235891786991,-0.013543811911836491,42.435782425395786,-77.31886925527967,1.1834735183300675,11.09424626859686,3.9445435670937345,10.369323811877745,0.004276065973455036,0.010084998651592984,9.430955336475133,L,0.5,0.0,0.0,0.5,43.232712030032275,40.27120425170979,10.5,-52.785714285714285,4.430955336475133
10210,38.41941530740939,-85.72965532693152,1.1625461554225898,11.060330671103268,3.925882169013048,10.34013364271338,0.00882872828348456,-0.03616505757427791,42.47775094873976,-77.21621856957474,1.1858308412042122,11.093578877146228,3.9146888095778016,10.379918295807116,0.0043213068274207105,0.010265104375516965,9.431261506246448,L,0.5,0.0,0.0,0.5,43.18329540962342,40.24209357505335,10.5,-52.785714285714285,4.431261506246448
10220,38.46267306173655,-85.62774923076718,1.1656372387617426,11.078254925074258,3.951754660364121,10.349462173911382,-0.0002645044839549304,-0.059285622426966174,42.51947687924736,-77.11347788818263,1.1882356743839055,11.09290823237034,3.8844422323330146,10.39055925325761,0.004284415189377475,0.010248905202287146,9.431355878606572,L,0.5,0.0,0.0,0.5,43.133633560014886,40.21302004970827,10.5,-52.785714285714285,4.431355878606572
10230,38.505674608745174,-85.52550243881981,1.168292658666748,11.097545835898012,3.9754702686108265,10.361040474935358,-0.00878712727704866,-0.08067527761053697,42.56095396979658,-77.01064582045255,1.1906900168423478,11.092206364862433,3.8533351101187425,10.401386954143224,0.004316617367403099,0.010430997307701494,9.431228654185109,L,0.5,0.0,0.0,0.5,43.08377349537925,40.18397786825206,10.5,-52.785714285714285,4.431228654185109
10240,38.548459836325904,-85.42294986811541,1.170583352811998,11.11586486282857,3.995158351889216,10.37309796502456,-0.016896088719752754,-0.09933598544219491,42.60216753613711,-76.90771755555036,1.1931871979314188,11.091477837834072,3.82159275663722,10.412315277092906,0.004516184463584599,0.011061499351179581,9.43089218751124,L,0.5,0.0,0.0,0.5,43.033768666608054,40.15495240027309,10.5,-52.785714285714285,4.43089218751124
10250,38.59105813959459,-85.32020492104563,1.1725807368933423,11.12552574491891,4.00959441535782,10.377883971464744,-0.02651566018171537,-0.11592339319660924,42.643108440063585,-76.80468944552477,1.1957157638825298,11.090799924730069,3.790281799426088,10.423032517042813,0.004632783176456558,0.01145850276869982,9.430435591814733,L,0.5,0.0,0.0,0.5,42.983725156186104,40.12593410647633,10.5,-52.785714285714285,4.430435591814733
10260,38.63350683608936,-85.21733667264229,1.1743371001796603,11.130658290639007,4.022333921756699,10.378457679484761,-0.03458616399517172,-0.12520987196016303,42.68377639328281,-76.7015607512277,1.1982686601802468,11.090224457288713,3.759717428684296,10.433484718419454,0.004509070991596078,0.01118331927716007,9.429905780529968,L,0.5,0.0,0.0,0.5,42.933720285395445,40.09692226461825,10.5,-52.785714285714285,4.4299057805299675
10270,38.67569818228209,-85.11456558437513,1.1758471774045642,11.11200069083836,4.025831042037436,10.357086645102472,-0.044346632348096694,-0.12628380517374796,42.72418201416344,-76.5983353024042,1.200852298090852,11.089738282640111,3.729345905247618,10.443862996825766,0.0040702517290440166,0.010039091953867707,9.42954927621482,L,0.5,0.0,0.0,0.5,42.8838500411283,40.067927650010006,10.5,-52.785714285714285,4.42954927621482
10280,38.71766711379091,-85.0118909648947,1.1771357421299933,11.094799851009068,4.03010374818911,10.33696510165256,-0.05222712603832975,-0.12542114141275276,42.7643237524057,-76.49501385980832,1.203476282534278,11.089224974581487,3.697679460288916,10.45457206899638,0.003745465935264261,0.009212503603937203,9.429349159618054,L,0.5,0.0,0.0,0.5,42.83413592804772,40.038949455426355,10.5,-52.785714285714285,4.429349159618054
10290,38.75942542415279,-84.90928179849708,1.1781970825180068,11.080836104544293,4.0370297362563585,10.319269338686448,-0.05522668976952547,-0.1170534380272802,42.80420315745927,-76.39159878312294,1.2061522472865278,11.088643490195683,3.6647542334891274,10.465543027515706,0.003437832236011556,0.008470178290039074,9.429270961333378,L,0.5,0.0,0.0,0.5,42.78456164379351,40.009990309214025,10.5,-52.785714285714285,4.429270961333378
10300,38.801096892012175,-84.80664853824052,1.179090817090179,11.079644554697959,4.0489184189091025,10.313330359077359,-0.05602994570543189,-0.11166734544796178,42.843810163619075,-76.2880889391333,1.208887057756624,11.087920550389034,3.6300541917697777,10.47686444966022,0.0034038943415715247,0.008541776614520139,9.429177495411164,L,0.5,0.0,0.0,0.5,42.73514146104666,39.981041385260355,10.5,-52.785714285714285,4.429177495411164
10310,38.84273046749399,-84.70398134799676,1.1798446654449701,11.081197542931875,4.062501359180319,10.309656720382957,-0.055440078972982136,-0.1052669484966352,42.88313309529762,-76.18448221376283,1.21168049800625,11.08707706397358,3.5942456009897294,10.48831141710881,0.0035387430587226617,0.009138329155528351,9.429035947167403,L,0.5,0.0,0.0,0.5,42.68590098161451,39.95209193044131,10.5,-52.785714285714285,4.429035947167403
10320,38.88435581781248,-84.60126860290148,1.1804741195564183,11.08492260587075,4.0773275086371115,10.307808184354977,-0.053483418434926745,-0.0976688576535689,42.92216297772136,-76.08077687599983,1.2145296090423372,11.0861628791921,3.557894363818535,10.49973309564987,0.0037143049048512424,0.009884677206163033,9.428821025388643,L,0.5,0.0,0.0,0.5,42.63685203790348,39.92313355987036,10.5,-52.785714285714285,4.428821025388643
10330,38.92597742721632,-84.49852324045378,1.1809795698547383,11.087648978852043,4.092733397746482,10.304634550201637,-0.05072484710590236,-0.08841471034689662,42.96088966344879,-75.97699632895184,1.2174313090375586,11.082831135227634,3.5207503440703536,10.508732701268004,0.002766015225999464,0.009278732627251401,9.428517256575939,L,0.5,0.0,0.0,0.5,42.58800822405783,39.894171511031395,10.5,-52.785714285714285,4.4285172565759385
10340,38.967598849398314,-84.3957576760167,1.1813559462377496,11.08937989454898,4.109201362027619,10.299942262553587,-0.04745567711954744,-0.0782773408838527,42.999301998646374,-75.87310641979118,1.220372936041264,11.082324103761602,3.4841904189015858,10.520376640864612,0.0032743161103202254,0.01043809766396925,9.428160728312765,L,0.5,0.0,0.0,0.5,42.539382075755,39.86517660755883,10.5,-52.785714285714285,4.428160728312765
10350,39.00923509492285,-84.29297756695213,1.1816044680603088,11.091155265978966,4.127027346337384,10.294725368684507,-0.04382839031875279,-0.06818099749381784,43.03739785421771,-75.76910446577234,1.2233550711905463,11.082093378804702,3.4473065907378477,10.532277575434595,0.0037139842701966446,0.011321987325739163,9.427752004607795,L,0.5,0.0,0.0,0.5,42.49098875256752,39.83614543718356,10.5,-52.785714285714285,4.427752004607795
10360,39.050909232603274,-84.19018387579482,1.1817388227851384,11.093709667274247,4.1454844169447265,10.290060890521616,-0.039855928149212856,-0.0584623745970777,43.0751848590863,-75.66502360218816,1.22638508382439,11.07913983757414,3.410048311482598,10.541295463740546,0.0026619284352074773,0.00994473945347615,9.427255804770894,L,0.5,0.0,0.0,0.5,42.44284543056278,39.80710317773115,10.5,-52.785714285714285,4.427255804770894
10370,39.09263695579983,-84.08738726088026,1.1817785149936146,11.095896662096084,4.1631608316747455,10.28528145582435,-0.03574369810043716,-0.04886361025979364,43.11264511897343,-75.56082577037779,1.2294525496185627,11.07920694676576,3.3724875034291073,10.55344278463086,0.0032566657564827807,0.01087154148627684,9.42670231222468,L,0.5,0.0,0.0,0.5,42.39497162554076,39.77801308254289,10.5,-52.785714285714285,4.4267023122246805
10380,39.1344198002585,-83.98459782867731,1.1817372255670415,11.09723541949029,4.179379633625769,10.280146878018035,-0.031439907521521086,-0.03896908088427059,43.14978285949574,-75.45654227283481,1.2325650874012826,11.076621030688377,3.334219538803057,10.56288376933837,0.0024986383285748037,0.009924377631320726,9.426074053444687,L,0.5,0.0,0.0,0.5,42.34737691551633,39.74889636699149,10.5,-52.785714285714285,4.426074053444687
10390,39.17626621005046,-83.88182736619274,1.1816288760780245,11.097821812833613,4.1947123329182485,10.27453344115776,-0.0272974659146062,-0.029670916535547265,43.18658911655197,-75.35213799434275,1.2357161927100178,11.077089511094789,3.2959954219631595,10.575364117381683,0.0031150453424102454,0.010573985193225669,9.42540665407394,L,0.5,0.0,0.0,0.5,42.30007674299876,39.7197254153606,10.5,-52.785714285714285,4.4254066540739405
10400,39.21817394531571,-83.77908102736542,1.181463064150449,11.097857033638782,4.208660031566186,10.268866124250675,-0.023076062233650378,-0.020455944883005946,43.223073508772046,-75.24765131027502,1.2389224921523934,11.074432126802272,3.2564979048418046,10.584813098345725,0.0022890351970129667,0.009359711332144499,9.424675778562676,L,0.5,0.0,0.0,0.5,42.25307440572694,39.69052978678707,10.5,-52.785714285714285,4.424675778562676
10410,39.26014922381697,-83.67636517560801,1.1812511946602196,11.097542329148459,4.221765541606711,10.263144813308637,-0.019102831768886712,-0.012180992454534429,43.25921518286784,-75.14307320559271,1.242177220529374,11.072061886211126,3.2158499620724843,10.594756412184635,0.002025686076700159,0.00938041620308953,9.423884570089294,L,0.5,0.0,0.0,0.5,42.20637979947477,39.661286883681754,10.5,-52.785714285714285,4.423884570089294
10420,39.30218024639306,-83.57367693308551,1.180994878866647,11.097042833878994,4.2334952559983305,10.257771569614171,-0.014979831692582907,-0.003915928813173011,43.29500187977078,-75.03839538633149,1.2454715849238078,11.070174763118162,3.175078238537086,10.605076495016265,0.0020362808070034264,0.009777908140611274,9.423038558677815,L,0.5,0.0,0.0,0.5,42.15998376329906,39.63198158633927,10.5,-52.785714285714285,4.423038558677815
10430,39.34426683732344,-83.47101711439153,1.1806930538680591,11.096457546127034,4.245202874078515,10.252298407231185,-0.011242899138373194,0.003046908988094203,43.33042344651271,-74.93357960505483,1.2487927199602993,11.071631793591019,3.134974921383375,10.618519803397872,0.0032381808558445413,0.011317619262918677,9.422169799935284,L,0.5,0.0,0.0,0.5,42.1138877221083,39.60258377784181,10.5,-52.785714285714285,4.4221697999352845
10440,39.38640200640033,-83.36838309700545,1.1803407371271901,11.095845016002228,4.256717298428944,10.246859736543547,-0.007740869737828272,0.009112707276639315,43.365495823090455,-74.82866666461518,1.2521488941157997,11.069875156696616,3.0951852818226535,10.628356601847594,0.0027679480928462655,0.010286725934014843,9.421249617097398,L,0.5,0.0,0.0,0.5,42.06808591434236,39.57312933388095,10.5,-52.785714285714285,4.4212496170973985
10450,39.42858975229119,-83.26577663661335,1.1799360048728174,11.095222041654255,4.2686887727216165,10.241203460299518,-0.004836363980013672,0.013470202452787457,43.400212357359656,-74.72365730237568,1.2555372700168537,11.06795321166075,3.0550915316834817,10.637951119860787,0.0023871232349104814,0.009468194172208845,9.420275411974314,L,0.5,0.0,0.0,0.5,42.022583285312926,39.54361284659817,10.5,-52.785714285714285,4.420275411974314
10460,39.47083379890235,-83.1631993012043,1.1794814753002805,11.094595782826651,4.280579591289039,10.2355602654156,-0.0024152556613123988,0.0164688197019818,43.43456409300024,-74.61854730325716,1.2589546959351339,11.066278931384387,3.0145236329257417,10.647778014859915,0.002216698433969883,0.009061266165648998,9.419248144643577,L,0.5,0.0,0.0,0.5,41.97738446913937,39.51402421378834,10.5,-52.785714285714285,4.419248144643577
10470,39.5131366721002,-83.06065216479298,1.1789812313884924,11.093966624794188,4.292118161851633,10.230044826722448,-0.00040746202355720733,0.018348102834585295,43.4685586188247,-74.51334037348745,1.2624089575708521,11.064607135124467,2.9736924284695383,10.65751774080204,0.001897220518139104,0.008123755039679402,9.418168698553897,L,0.5,0.0,0.0,0.5,41.93249292775282,39.484371500797145,10.5,-52.785714285714285,4.418168698553897
10480,39.555507891418735,-82.95813921049245,1.1784458783960148,11.09333401373012,4.303205527627573,10.224699591048,0.0010895476352723028,0.018941722875228963,43.50218690627427,-74.4080315972594,1.2659034464061019,11.063283842197073,2.931603998768432,10.667799556020153,0.0019029526872941802,0.007939995600172021,9.417038570812315,L,0.5,0.0,0.0,0.5,41.88791907781611,39.45464416919514,10.5,-52.785714285714285,4.4170385708123145
10490,39.597953429618634,-82.85566275407866,1.17789052780643,11.092713049861569,4.313013404988021,10.21989227805082,0.002325733080273152,0.018904603668211385,43.535445674483164,-74.30261971233483,1.2694406102266476,11.062119198042991,2.8888834987955807,10.678241113689927,0.0019781968871526163,0.00786061534901247,9.415858455408669,L,0.5,0.0,0.0,0.5,41.84366970859922,39.42483849110686,10.5,-52.785714285714285,4.415858455408669
10500,39.64046787602745,-82.7532201903712,1.1773240788127601,11.09212116383059,4.321221220679231,10.215781863129713,0.003583577795218524,0.01895591543319947,43.568315898814284,-74.19709568317512,1.2730096684930123,11.061388384227628,2.845673107941992,10.689081230370629,0.0024116469518239286,0.008663426195279711,9.414629927551678,L,0.5,0.0,0.0,0.5,41.7997401688029,39.39493330025202,10.5,-52.785714285714285,4.414629927551678
10510,39.6830383919204,-82.6508058643402,1.176742653815813,11.09156083754232,4.328622615849585,10.212039368434592,0.004867278966050634,0.01914641830583589,43.600803385987014,-74.09146385913587,1.2766078210973089,11.06051299191349,2.8032878449918113,10.699370304013607,0.00251341378728885,0.008508686724197616,9.413353181029013,L,0.5,0.0,0.0,0.5,41.756118411365925,39.364935535106916,10.5,-52.785714285714285,4.413353181029013
10520,39.725664809527146,-82.54841963576374,1.176141791369054,11.091018464140411,4.336454463675554,10.208126824073645,0.005739717272549659,0.018479321849456214,43.63290481792122,-73.98572452597392,1.2802339025496907,11.059652815181659,2.760711429276993,10.70954680631328,0.0026141752296125315,0.008373144961493183,9.412028050660162,L,0.5,0.0,0.0,0.5,41.71280514797219,39.33484226306928,10.5,-52.785714285714285,4.412028050660162
10530,39.768348636084056,-82.44606201873287,1.1755209898760555,11.09049686356264,4.344432614916605,10.204167086790651,0.006281329738690708,0.017184441804869294,43.66462258223869,-73.87988118578227,1.283891463207071,11.05866871168941,2.71789459099111,10.719477723618795,0.0025811896560922207,0.007915407625204372,9.410653788461978,L,0.5,0.0,0.0,0.5,41.66980272963797,39.30465708068524,10.5,-52.785714285714285,4.410653788461978
10540,39.8110995780454,-82.34373688515673,1.1748884768091343,11.090001603274247,4.352315279965799,10.200268980002518,0.006408556074470009,0.015093005882289682,43.69594674822877,-73.77393118347055,1.2875784839853914,11.057817734705395,2.6743803869127,10.729539719860393,0.0027106680704185185,0.007967597639444737,9.40922989943038,L,0.5,0.0,0.0,0.5,41.627121669210375,39.274369874747855,10.5,-52.785714285714285,4.409229899430381
10550,39.85390805336384,-82.24143973161924,1.1742449646619355,11.089555719665194,4.359211954468959,10.19683858828676,0.006696720940249139,0.013586527410473169,43.72687357397873,-73.66787475964173,1.291292058862388,11.056979103040158,2.6308378966179182,10.73943568567668,0.0027946909585136,0.007912624862297019,9.407756281525973,L,0.5,0.0,0.0,0.5,41.58475296968675,39.24397729028015,10.5,-52.785714285714285,4.407756281525973
10560,39.89678295712383,-82.13917404508013,1.1735951991594038,11.089146212115919,4.366353222899849,10.19333719870764,0.00656793986608929,0.011317247082523237,43.757453355892615,-73.56173263424118,1.295060941867853,11.055608836959822,2.5883221606153692,10.748352206209633,0.0017374230733142597,0.003753070661084515,9.406236074238423,L,0.5,0.0,0.0,0.5,41.54270631618691,39.21353264037428,10.5,-52.785714285714285,4.406236074238423
10570,39.93971500699592,-82.03693539838342,1.1729379462571747,11.088792640530174,4.37278014850677,10.190197053909275,0.00662420961958177,0.009716190016401161,43.787597516513955,-73.45547403049258,1.2988390295714896,11.055019968406837,2.5433460591676686,10.758478392653405,0.0024599640360840197,0.006133012575636086,9.404662621043762,L,0.5,0.0,0.0,0.5,41.50097295576817,39.18294420188819,10.5,-52.785714285714285,4.404662621043762
10580,39.982713687390216,-81.93472753180117,1.1722771523629303,11.088478458253132,4.379615104383949,10.186919360463973,0.006289168357824634,0.007435123274099226,43.81732353465744,-73.34910907809987,1.3026388961578252,11.054096469573242,2.498404518092908,10.768055702985778,0.0027331333112305613,0.007070078876114529,9.403035515900973,L,0.5,0.0,0.0,0.5,41.45956318623214,39.15223177419838,10.5,-52.785714285714285,4.403035515900973
10590,40.02578071013589,-81.83255063719683,1.1716200622604327,11.088221517206415,4.385784705121958,10.18398492413248,0.005977863420808501,0.005449594462629687,43.84664427999592,-73.24264409025318,1.3064735484310233,11.053078037980201,2.453039818315669,10.777436140540944,0.0027557371804695467,0.007203809785624437,9.401355907777821,L,0.5,0.0,0.0,0.5,41.41847931265512,39.12140925074679,10.5,-52.785714285714285,4.4013559077778215
10600,40.068911545062406,-81.73040223398539,1.1709686123975886,11.088026242796706,4.391324114118156,10.181384900184888,0.005794280087979214,0.004000973658700876,43.87560381202591,-73.13609477160925,1.3103727324440837,11.051795451821905,2.408002665483666,10.786273956836757,0.001932755681239576,0.0038960760765609417,9.399629076363272,L,0.5,0.0,0.0,0.5,41.37771731720486,39.090522070420256,10.5,-52.785714285714285,4.399629076363272
10610,40.11210528759124,-81.62828152330117,1.17032265211869,11.087883154116126,4.396805982636256,10.178862902622582,0.005571313068087872,0.002694526244967691,43.90411159434153,-73.02943097860845,1.314286104739361,11.051319299932903,2.3608338943349927,10.796208667510486,0.0027111885422482504,0.006838197212708728,9.397847760013795,L,0.5,0.0,0.0,0.5,41.337276935208365,39.05947691597244,10.5,-52.785714285714285,4.397847760013795
10620,40.1553617323395,-81.52618805056991,1.1696824420156249,11.087787553577112,4.402251816348392,10.176404658754329,0.005314924751694172,0.0015374064894153672,43.9321715268112,-72.92265609232498,1.3182121320108668,11.050778800466421,2.3141525102699716,10.805758199036719,0.0032413284369362154,0.008807102031339092,9.396012685185095,L,0.5,0.0,0.0,0.5,41.29715863959966,39.02827844423773,10.5,-52.785714285714285,4.396012685185095
10630,40.198688940007294,-81.424124906645,1.1690553740924974,11.087735432454512,4.407602333467811,10.174031584879042,0.0048822483068995315,0.00018416631260091167,43.95985482656623,-72.81579640741437,1.3221845651159196,11.04952528356518,2.2697991149015957,10.813880939336169,0.0023390480013327926,0.0052345297571011395,9.394130527988263,L,0.5,0.0,0.0,0.5,41.257371312873886,38.99700084387178,10.5,-52.785714285714285,4.394130527988263
10640,40.242076010546164,-81.32208691271022,1.1684409305164465,11.087740168653905,4.412029154551384,10.172117812283238,0.00480614171936829,-0.00013806289842978878,43.98707884787792,-72.70882541506047,1.3261602569371507,11.049055495987515,2.2231877364287476,10.823080136541757,0.0028733072900129636,0.007539687530624933,9.392194625246988,L,0.5,0.0,0.0,0.5,41.21790446060872,38.965559239362534,10.5,-52.785714285714285,4.392194625246988
10650,40.2855226473847,-81.22007373559613,1.1678361389477887,11.08777925344004,4.416774143163051,10.170101029060708,0.004613713383766524,-0.0005420392571401537,44.013909702888675,-72.60176826843451,1.3301778330161873,11.047857764108334,2.177830497123809,10.831076377801343,0.0021894825844451684,0.004854571523832487,9.390210815575838,L,0.5,0.0,0.0,0.5,41.17875856194492,38.9340228979675,10.5,-52.785714285714285,4.390210815575838
10660,40.32902933092209,-81.11808539815628,1.1672404978873494,11.087847754053762,4.4216318878300305,10.168064676505539,0.004363531912109582,-0.000907476163035771,44.04022381121585,-72.49473448003468,1.3341754289417278,11.03360752675912,2.1284339876336,10.82636891182088,-0.00032492226215593244,0.007407953042914087,9.388032036994312,L,0.5,0.0,0.0,0.5,41.13993490123858,38.9023404222237,10.5,-52.785714285714285,4.388032036994312
10670,40.37259640034192,-81.01612187073145,1.1666548263711904,11.087942948585662,4.426435764883701,10.166078164683219,0.004085329563961086,-0.0011837077580023202,44.06614256351672,-72.38760200531476,1.3382254912390432,11.03390407076014,2.081561902318116,10.835780502093746,-0.0001769590139259811,0.00513565675062025,9.385821132292783,L,0.5,0.0,0.0,0.5,41.10143462354952,38.87055349189348,10.5,-52.785714285714285,4.385821132292783
10680,40.41623913526242,-80.91418952727646,1.1660932050340174,11.088062669219065,4.4310347169699575,10.1642050891123,0.0035126610337251033,-0.0020105612375859944,44.091648780564206,-72.28034638309612,1.3423143924517968,11.036303719046545,2.034801594895313,10.847100176934484,0.000492461809193245,0.004057051661875925,9.383596511950381,L,0.5,0.0,0.0,0.5,41.06327414385491,38.838634739252235,10.5,-52.785714285714285,4.3835965119503815
10690,40.45993595673837,-80.812278548256,1.1655539344793526,11.088233405718839,4.433859997727299,10.163159232259074,0.0036690377438298154,-0.001042681815246241,44.11668012014757,-72.17295012293502,1.3464029704296676,11.039216804234155,1.9871481839784173,10.858892657439663,0.0019716999897451126,0.006925604039251495,9.381352435400046,L,0.5,0.0,0.0,0.5,41.02543195256139,38.80652130387805,10.5,-52.785714285714285,4.381352435400046
10700,40.50369604456604,-80.7103928659221,1.1650390021045325,11.08841872337513,4.437285860133803,10.161866166229151,0.003427834890678237,-0.0008998306432118166,44.14131398278991,-72.06544760550467,1.3505349975921936,11.040622483062894,1.94114637251184,10.868638165566006,0.0019840381634494073,0.0042095635153292805,9.379090724590622,L,0.5,0.0,0.0,0.5,40.98791834361224,38.774297200218754,10.5,-52.785714285714285,4.379090724590622
10710,40.54749555507563,-80.60852198393027,1.16453607623007,11.08863010865057,4.439938898338841,10.160937961895527,0.003761346019473393,0.0006450386801620366,44.165474536568055,-71.95797473062343,1.3546752433015155,11.027598764540057,1.8922134990709385,10.864044485624087,-0.0008745503261126941,0.003420972673016721,9.376659303409477,L,0.5,0.0,0.0,0.5,40.95070960733399,38.741963635568865,10.5,-52.785714285714285,4.376659303409477
10720,40.59134786856798,-80.50667199116769,1.1640421461614892,11.088827271874987,4.444142750225943,10.159315207290925,0.003430209214118371,0.0007211202478182092,44.18919086079075,-71.8503848601049,1.358846223430722,11.029454556792485,1.8434754571292509,10.874303014874682,0.00020475674895115495,0.004033835009688222,9.374208291482,L,0.5,0.0,0.0,0.5,40.91382055803035,38.70947228992953,10.5,-52.785714285714285,4.374208291482001
10730,40.63529954233206,-80.4048629646909,1.1635997934860038,11.089026366231558,4.447743357931104,10.15795672234128,0.0022662019301558983,-0.001084960493361598,44.21246549527109,-71.74266773688726,1.3630436332352278,11.032509220895083,1.7954882982341618,10.885425186001658,0.0012395803089073837,0.004163280223373698,9.371752366524124,L,0.5,0.0,0.0,0.5,40.87729996290722,38.676820111273145,10.5,-52.785714285714285,4.371752366524124
10740,40.67932219679684,-80.3030816617612,1.1632330749654547,11.089294997252852,4.44599150959376,10.159016833961706,0.0026056637894482544,0.0005759713895538555,44.235298828178266,-71.63482889272366,1.3672642385493923,11.035198991612376,1.7479219642400934,10.895888471869096,0.0020467895750849053,0.003995292561040987,9.369288973601877,L,0.5,0.0,0.0,0.5,40.84111893137118,38.644009995012944,10.5,-52.785714285714285,4.369288973601877
10750,40.723412746061626,-80.20132640723541,1.1629546815404959,11.089597217425124,4.442452081606826,10.160894938308841,0.0030664999840442644,0.002514828065880315,44.257677969067934,-71.52687462868992,1.3715009825589195,11.037223606944316,1.700022534067463,10.905513666643666,0.0027347142159250114,0.004392750301085631,9.366810787288426,L,0.5,0.0,0.0,0.5,40.80527497783218,38.61103356379388,10.5,-52.785714285714285,4.366810787288426
10760,40.76753196075497,-80.09958006087928,1.1627519950362415,11.08991768476846,4.4367116696615065,10.16375244755743,0.004468055152302586,0.006611992499527019,44.27955551786569,-71.41893913609428,1.3757249008741488,11.025609849520759,1.6510629053393124,10.901287255937332,0.00032458376531787573,0.004665262360415929,9.364178358550882,L,0.5,0.0,0.0,0.5,40.769728409434535,38.57791387969792,10.5,-52.785714285714285,4.364178358550882
10770,40.81166961868067,-79.99783859163742,1.1626072541721073,11.090215302719283,4.431983961205579,10.166139563683231,0.005517318890974296,0.009889307387643449,44.30097375552878,-71.31089360554232,1.3799648639937334,11.027412290238296,1.6026761092970156,10.91032772686445,0.0011990342797260662,0.005048164982934254,9.361530673499294,L,0.5,0.0,0.0,0.5,40.73446973158066,38.54462473100146,10.5,-52.785714285714285,4.361530673499294
10780,40.855818836703975,-79.89609950893288,1.1625094001965897,11.090475204010744,4.427817204953908,10.168238542161141,0.006275248169342853,0.012480995525963788,44.32194741162832,-71.20273282374714,1.3842262942510524,11.030166198182785,1.5549706862754906,10.920010646714498,0.0018917029920774938,0.004375474018994836,9.358881964262842,L,0.5,0.0,0.0,0.5,40.69949292310778,38.51117628098625,10.5,-52.785714285714285,4.358881964262842
10790,40.89997832145368,-79.79436274403112,1.1624546967581548,11.090693545335746,4.423879333656916,10.170190507448483,0.006664931366641114,0.014199663925711082,44.342471132771884,-71.09445963686164,1.388506684047344,11.032739616744601,1.5070814270193156,10.929320611237427,0.002511718232960137,0.0039835485069933275,9.356231657569975,L,0.5,0.0,0.0,0.5,40.66479771854022,38.477565004891595,10.5,-52.785714285714285,4.356231657569975
10800,40.94415212717914,-79.6926304720893,1.1624492907961153,11.090873907840502,4.419531365450158,10.172277353150548,0.006705066012025305,0.015076537441832155,44.36249568061194,-70.9862025493618,1.3927758290212915,11.022233315755372,1.458162792328656,10.9253553048867,0.00024427242130268395,0.003916376581362196,9.353446414180427,L,0.5,0.0,0.0,0.5,40.63038933364331,38.44380817185823,10.5,-52.785714285714285,4.353446414180427
10810,40.98831720797222,-79.59089307579987,1.1624853156512218,11.091020739948647,4.41389323165375,10.174885139083008,0.007103534070507275,0.01673246650087536,44.38206262054275,-70.8778376466081,1.3970647542231118,11.024634032191727,1.4094540072952266,10.934166403758425,0.001110092800816999,0.003913683941172063,9.350660021491084,L,0.5,0.0,0.0,0.5,40.59624485272485,38.40988277941212,10.5,-52.785714285714285,4.350660021491084
10820,41.03247301553347,-79.48915062536018,1.162555206433036,11.091140442088486,4.408985423765367,10.177143206182926,0.007028730802535257,0.017236689314296408,44.40117189229187,-70.76935654638847,1.4013713986000973,11.028040232618803,1.36099437881186,10.9437363671235,0.0019720956591368606,0.003781389718929216,9.347884300842813,L,0.5,0.0,0.0,0.5,40.562364585780756,38.37578461257342,10.5,-52.785714285714285,4.3478843008428125
10830,41.076608862073186,-79.38739874520718,1.1626498848626512,11.091236596517076,4.404072731836267,10.179374863547169,0.006911439917022944,0.01757615971259112,44.41978607347292,-70.66088626707844,1.405666850969948,11.01870735200117,1.3124609545043449,10.94026315734435,-9.896308999834133e-05,0.003273755232209203,9.344990845247475,L,0.5,0.0,0.0,0.5,40.52873826788392,38.34153962262749,10.5,-52.785714285714285,4.344990845247475
10840,41.120724554097905,-79.28563752340965,1.1627630326346035,11.091315589144036,4.3998032672185925,10.181307023548703,0.006440004279878143,0.017023284290645868,44.43794296405098,-70.55230427282248,1.4099821276012203,11.022072125409775,1.263778055065506,10.949380757160196,0.000929638710683924,0.0030749698391548943,9.34211151962676,L,0.5,0.0,0.0,0.5,40.495366448788694,38.30712325927374,10.5,-52.785714285714285,4.34211151962676
10850,41.16482736302965,-79.1838702375977,1.1628987990333122,11.091380066154118,4.395680320512613,10.183157972443473,0.005629258712135014,0.015608140394256913,44.45564251752878,-70.44360497695946,1.4143158378169982,11.02617658567658,1.2152635644418974,10.959001075256012,0.0018912770522223786,0.0027712487398228215,9.339255923648347,L,0.5,0.0,0.0,0.5,40.462257411869274,38.27253274140831,10.5,-52.785714285714285,4.339255923648347
10860,41.20889556442334,-79.08208766538529,1.1630463515549654,11.091427734489821,4.3907691879663036,10.185328425113044,0.005261938061811327,0.015142926595022652,44.472843309568134,-70.33491220810913,1.4186358975772606,11.017818748660869,1.166726037645244,10.955869674810101,3.2822704273246985e-05,0.0024552051680712733,9.33629655502706,L,0.5,0.0,0.0,0.5,40.429389306663154,38.23778798853114,10.5,-52.785714285714285,4.33629655502706
10870,41.252944819507725,-78.98029659973095,1.1632057351968892,11.091469561833378,4.387251338885329,10.186889747637656,0.004208193187909114,0.01300638956033434,44.48957899490768,-70.22610891965759,1.4229692200625956,11.02153657698216,1.1181418550920417,10.964671783033314,0.0011052462471104708,0.002428724844824961,9.333359669664247,L,0.5,0.0,0.0,0.5,40.3967790507793,38.20286435908632,10.5,-52.785714285714285,4.333359669664247
10880,41.29696019751102,-78.87849072571083,1.163370797472841,11.091497801502383,4.383061293264461,10.18872402120202,0.003569120866671626,0.011755741721049382,44.505856098540896,-70.11719362893382,1.42731682693362,11.025682995459206,1.0700325284037326,10.973637314241628,0.001984454831238879,0.0018605216274458418,9.330452278514674,L,0.5,0.0,0.0,0.5,40.364411797457386,38.1677668356313,10.5,-52.785714285714285,4.330452278514674
10890,41.340955258176976,-78.77667592004836,1.163543826612806,11.091520362322258,4.379837075430097,10.19013499127942,0.0024568582781347792,0.009331008364057368,44.52164169344873,-70.00830082439462,1.4316547869049323,11.016493607981818,1.0216885368738287,10.969014720945763,-0.00016263592298557204,0.0010445161515366022,9.327441665194291,L,0.5,0.0,0.0,0.5,40.33230228878956,38.13252667473979,10.5,-52.785714285714285,4.327441665194291
10900,41.38494312331444,-78.67485796946784,1.1637420139095715,11.09152997052165,4.37585746309393,10.191855010235631,0.0012899826949020878,0.006708451520249212,44.53695246152821,-69.89930110046326,1.4360060108234756,11.020369954513308,0.972229604878601,10.977400581637587,0.0010011775082636044,0.0017401599450533555,9.324460372017255,L,0.5,0.0,0.0,0.5,40.3004649155367,38.097099450408045,10.5,-52.785714285714285,4.3244603720172545
10910,41.428901394394046,-78.57302748564032,1.1639639995023214,11.09151643251813,4.369985122948168,10.194359558012039,0.0009491205427677818,0.005945623244744034,44.55180649328071,-69.79019547039418,1.440374026510352,11.024544518228383,0.9239876318307949,10.98575571777487,0.001827849900606875,0.0009701080561832995,9.321516747004477,L,0.5,0.0,0.0,0.5,40.26887710795062,38.061501623240865,10.5,-52.785714285714285,4.321516747004477
10920,41.472869260142275,-78.47120142889115,1.1642367625791352,11.091492882334908,4.364610026513269,10.196636390268399,-0.00025443000879409646,0.003114609727644532,44.5661482097992,-69.68108535977125,1.444717540832256,11.018344177063078,0.8756334567782144,10.983495548029802,0.00044089226655416244,0.001443026245807903,9.318503912591902,L,0.5,0.0,0.0,0.5,40.23758044400993,38.025728363597274,10.5,-52.785714285714285,4.318503912591902
10930,41.516794464158735,-78.36935790981906,1.1645531349970186,11.09142229713801,4.355279162616983,10.200548612164177,0.00035313811453220514,0.004463520310989095,44.580027055196915,-69.57187864228369,1.449066755895574,11.021896478110433,0.8282206778102613,10.990734847271618,0.0012382674376257034,0.0006251475584157138,9.315526574999025,L,0.5,0.0,0.0,0.5,40.206521360558725,37.989782282723276,10.5,-52.785714285714285,4.315526574999025
10940,41.5607129884036,-78.26751240403702,1.1649266380676766,11.09134642006649,4.347661878845549,10.203715088003728,-0.00018204622227042185,0.003100219181395832,44.59340708006051,-69.46267445021694,1.4533955766930582,11.015586829835767,0.7806256752009028,10.987892280181324,-0.000248299932049216,0.00021568614132283265,9.312486501821162,L,0.5,0.0,0.0,0.5,40.17573803542307,37.953674481598334,10.5,-52.785714285714285,4.312486501821162
10950,41.60457394669622,-78.16564372056898,1.1653432915492459,11.091219602470602,4.336982206970268,10.208121159481378,0.0008483748179535357,0.005369724515000849,44.606327739785755,-69.35337148774643,1.4577349490713785,11.019810165283307,0.7329645647223614,10.995407178715242,0.000731552152051632,-0.0005597311343500215,9.30949342014391,L,0.5,0.0,0.0,0.5,40.14517827241146,37.9173951776454,10.5,-52.785714285714285,4.309493420143911
10960,41.64840444178812,-78.06376335240917,1.1658051681626207,11.091097582795488,4.328499132700194,10.211588556601054,0.0007674163770571545,0.005001064365794736,44.618786181138304,-69.24396722124216,1.4620842226819029,11.024464824562378,0.6851415694320937,11.003154352177802,0.0016439130615727685,-0.0010294250633142402,9.306555295747918,L,0.5,0.0,0.0,0.5,40.11487085717016,37.88094059238823,10.5,-52.785714285714285,4.306555295747918
10970,41.69217805738321,-77.96186044101675,1.1663065865677842,11.090941675761389,4.318232401997279,10.215765080378546,0.001478872450334287,0.006469903387751266,44.63074446885805,-69.13456953705743,1.4664087959281353,11.018367416884681,0.638016776950457,10.999879777788289,0.0001348687596442826,-0.0013147535628432257,9.303560461337966,L,0.5,0.0,0.0,0.5,40.084788975328905,37.84432303566619,10.5,-52.785714285714285,4.303560461337966
10980,41.73591256732255,-77.85994255858053,1.1668542444709396,11.090785891009332,4.308778782639509,10.219586933065703,0.0015092144937343603,0.006313986433781225,44.64223512426295,-69.02508268206083,1.4707348553382802,11.022157055881596,0.5907730209525507,11.0063133429062,0.00098400092862426,-0.0016516110217514551,9.300616100168757,L,0.5,0.0,0.0,0.5,40.05495172126942,37.8075297420066,10.5,-52.785714285714285,4.300616100168757
10990,41.77961187045724,-77.7580118403011,1.167467221841114,11.09059704097888,4.297466799575742,10.22414406353479,0.0016769576812229784,0.006474622362758914,44.65325249493865,-68.9155038896092,1.475056671857194,11.026370272611766,0.5437429194949107,11.012955326624894,0.001767642188300937,-0.0017022436183329087,9.297728609543263,L,0.5,0.0,0.0,0.5,40.02536400735503,37.77055425392841,10.5,-52.785714285714285,4.297728609543263
11000,41.82325832078119,-77.65606154818715,1.1681521189671449,11.090350863289332,4.283727398299215,10.229641335253307,0.002395109409590014,0.007943184057160862,44.663787517199054,-68.80595560195052,1.4793554361654626,11.018692207789082,0.4981047127138084,11.00742793140905,-0.00023331693659871884,-0.003186216340246053,9.294782481334106,L,0.5,0.0,0.0,0.5,39.996008360664945,37.733440200315265,10.5,-52.785714285714285,4.2947824813341064
11010,41.86684333512786,-77.55408859125284,1.1689096932968444,11.090061395990398,4.269044247621928,10.235463984533512,0.003160722625178991,0.009535427528939017,44.673847386156986,-68.69632492901454,1.483653110253716,11.022386309263247,0.45055833553872,11.01317379945084,0.0006422534461357678,-0.002693165699095955,9.291891564076883,L,0.5,0.0,0.0,0.5,39.966876617390525,37.696145376086506,10.5,-52.785714285714285,4.291891564076883
11020,41.9103352740111,-77.45208012608956,1.1697215147504054,11.089727692196673,4.253503535865848,10.241570580601907,0.00440116373344932,0.012267051866318834,44.68344667613343,-68.58661154381997,1.487950963881941,11.02639888724297,0.4041986386898365,11.018987969912404,0.00131340090174139,-0.003375168237774651,9.289062387119055,L,0.5,0.0,0.0,0.5,39.9379364238692,37.65868267506538,10.5,-52.785714285714285,4.2890623871190545
11030,41.95375550379362,-77.35004489172252,1.170590764441617,11.089415945848359,4.239476027995011,10.247047820132952,0.004647976745214862,0.012629774725311165,44.69255430531267,-68.47691389554622,1.492219234957974,11.020716400643204,0.35860666104258626,11.01488044629001,-0.00019468868419882058,-0.0038901782648668873,9.286197959903008,L,0.5,0.0,0.0,0.5,39.909210383239866,37.62106477915459,10.5,-52.785714285714285,4.286197959903008
11040,41.99707608003328,-77.24797176851578,1.171511039102816,11.08906164558485,4.223560380086887,10.253234899061919,0.005509974205373522,0.014477697596856406,44.70119422496647,-68.36714079229682,1.4964801556126113,11.024349560664902,0.31258681863587884,11.019917092090463,0.0005620517228837722,-0.004008884198559942,9.283394517628082,L,0.5,0.0,0.0,0.5,39.88067003883313,37.58327471620738,10.5,-52.785714285714285,4.283394517628082
11050,42.040313559298056,-77.14586752223597,1.1724887710947036,11.088726927091313,4.208335617465339,10.259131356716932,0.005582612529066001,0.014436819764696266,44.709372886555265,-68.2572918392139,1.500734093749696,11.028256676181662,0.2671363111690719,11.025020793948663,0.0011947410232633145,-0.00452315453685946,9.28066028713636,L,0.5,0.0,0.0,0.5,39.8523329947653,37.54531802083098,10.5,-52.785714285714285,4.28066028713636
11060,42.08343974676796,-77.04372106343111,1.1735176528054116,11.088347279654752,4.191184435485373,10.26574003284576,0.006257057663425283,0.015865464899927014,44.717091101372354,-68.14737551036207,1.504978654141435,11.031524679427806,0.2220876268746228,11.029288909028267,0.0016203476514419347,-0.005041885518037012,9.277989203336078,L,0.5,0.0,0.0,0.5,39.82417053832355,37.50719876264372,10.5,-52.785714285714285,4.2779892033360785
11070,42.12647131264996,-76.94153914781315,1.1746044491290677,11.087990283885173,4.174697517090765,10.272070345180088,0.006159333992475643,0.015437957345870668,44.72434218061757,-68.03740110994576,1.509208149067379,11.034038485219668,0.17716179474059818,11.032616144495966,0.0018503115348767413,-0.005118223910858574,9.275376393658188,L,0.5,0.0,0.0,0.5,39.796200352021856,37.468914431571605,10.5,-52.785714285714285,4.275376393658188
11080,42.1693852628249,-76.83931305282658,1.175747729704753,11.087581871519188,4.1562027520591585,10.279126929920498,0.00658359914320571,0.01630572640185357,44.73110714871304,-67.92746377573606,1.5133984454612062,11.027300915325016,0.13341790631687955,11.02649378267643,-1.8849040254434587e-05,-0.00576548461925755,9.272727568424363,L,0.5,0.0,0.0,0.5,39.76839922066838,37.430485893790475,10.5,-52.785714285714285,4.272727568424363
11090,42.21218037688628,-76.7370423560276,1.176945032272479,11.087175131096382,4.137794719208343,10.286112348661842,0.006685543078490763,0.016406407563863447,44.737364925252805,-67.81747062839291,1.5175480659367582,11.029821384123286,0.08814060534256213,11.029469207507367,0.00042236382574181475,-0.002702465226798985,9.27013035548741,L,0.5,0.0,0.0,0.5,39.74076623050882,37.39185547376046,10.5,-52.785714285714285,4.27013035548741
11100,42.25486113377537,-76.63472926985155,1.1782054308228607,11.086755063332628,4.1186847974865595,10.293326642698402,0.0065602083647550245,0.015976120194895145,44.7431995273482,-67.70742869460517,1.5217011222720176,11.03220759983857,0.044979706210885054,11.03211590548092,0.0006256576478161953,-0.005480877234005435,9.267606137602252,L,0.5,0.0,0.0,0.5,39.71330660293803,37.35310261237053,10.5,-52.785714285714285,4.267606137602252
11110,42.29740058721481,-76.53236366742004,1.1795220683302161,11.086275601995705,4.097821721975177,10.301134105442644,0.0069529763341439,0.016854404110187828,44.74855698581507,-67.59733243719067,1.5258250093747554,11.035109012032562,0.0010795213573447995,11.035108959229897,0.0009132151425492611,-0.0040195842645297745,9.265147099510788,L,0.5,0.0,0.0,0.5,39.68599300712375,37.31417542805639,10.5,-52.785714285714285,4.265147099510788
11120,42.339827990403485,-76.42995743224327,1.1809130840419393,11.085817678875536,4.077468513188687,10.308714960324794,0.006409891949772206,0.015444586409458132,44.75349071138925,-67.48719619535676,1.5299483649648387,11.036970795996277,-0.041574380215415895,11.036892493930726,0.0009682070853655881,-0.006509193421617126,9.262761265985233,L,0.5,0.0,0.0,0.5,39.658856267303825,37.27512838683154,10.5,-52.785714285714285,4.262761265985233
11130,42.382092064496206,-76.32749166753435,1.182367532942751,11.085224363906494,4.053610956721011,10.31748212548476,0.0071520902615730565,0.017280869054670057,44.75794372540329,-67.37701892510161,1.5340342941616547,11.038930281105493,-0.08470609224142417,11.038605284593022,0.0009946995792829614,-0.004709709767995516,9.260433760233175,L,0.5,0.0,0.0,0.5,39.63184422537244,37.235908467127594,10.5,-52.785714285714285,4.260433760233175
11140,42.42421792317605,-76.22497598459559,1.183890039767518,11.084683602504679,4.031422836921339,10.325591531606564,0.006793539865915155,0.016384244226597126,44.761971996717286,-67.26681450646849,1.538113064663549,11.039864386273155,-0.12656861858326024,11.039138827467127,0.0008399381397785557,-0.007063446739877202,9.25817212934383,L,0.5,0.0,0.0,0.5,39.60498300713029,37.1965722709414,10.5,-52.785714285714285,4.25817212934383
11150,42.4661606194808,-76.1223936455624,1.1854644014773004,11.084054515290697,4.006922991285568,10.334448830965453,0.007418800551056523,0.017990926088416494,44.765519555988895,-67.15657984079394,1.5421488439042388,11.041149100350772,-0.16894082888305634,11.039856541301294,0.0006936000229401788,-0.0050914280896755945,9.255963953077837,L,0.5,0.0,0.0,0.5,39.57822669467148,37.157066720127844,10.5,-52.785714285714285,4.255963953077837
11160,42.50793365262037,-76.0197489521166,1.1870824097218695,11.083523145485982,3.984519390611969,10.342537915925698,0.007140593594469384,0.01730435703499643,44.76860616199207,-67.0463213615294,1.5461502310568886,11.04204170713998,-0.21056630477281266,11.040033826647141,0.00048088184940012354,-0.004366864110911466,9.25381234509003,L,0.5,0.0,0.0,0.5,39.5515888883131,37.11741211960376,10.5,-52.785714285714285,4.253812345090029
11170,42.549539818820655,-75.91704316199545,1.188751107285795,11.083013694676048,3.96150754791283,10.35082849361376,0.006741487628931614,0.016312300999275976,44.77129143939685,-66.93604787807814,1.5501482152861805,11.042320065809394,-0.25067749936936606,11.039474318421448,0.00021299943800048252,-0.008036796905327952,9.251727219999403,L,0.5,0.0,0.0,0.5,39.52507277894438,37.07766656222121,10.5,-52.785714285714285,4.2517272199994025
11180,42.59096538162226,-75.81427151712252,1.1904700118972233,11.08248083375923,3.937228702741881,10.359517921841062,0.006573238057237249,0.015922937221968424,44.773509315745386,-66.82575299138281,1.5541054377168297,11.043330034396048,-0.2920076318347149,11.039468727775992,1.0641527420624598e-05,-0.006354223367354987,9.249700714722804,L,0.5,0.0,0.0,0.5,39.498664626601276,37.03776623492778,10.5,-52.785714285714285,4.249700714722804
11190,42.63222002915366,-75.71143804944437,1.192247835384429,11.081961019824156,3.9127650044689766,10.368226948939,0.006042602371876097,0.014614068267099042,44.774999031078885,-66.71526796038907,1.5578115315142254,11.06061169506849,-0.3309538225387728,11.055659213110397,0.0033128957692552846,0.007009436529423153,9.247841808892758,L,0.5,0.0,0.0,0.5,39.472374822055,36.997405640883855,10.5,-52.785714285714285,4.247841808892758
11200,42.6732770582526,-75.60853364637954,1.1940787655524057,11.08136335639831,3.886471267871531,10.377473436272254,0.006095307864527381,0.014842364299861698,44.77589539195682,-66.60452684059618,1.5611044291430882,11.08363814508723,-0.3371917677187663,11.078507852730683,0.007357984892589943,0.002320869367381206,9.246250181334172,L,0.5,0.0,0.0,0.5,39.4461764970528,36.956685259196725,10.5,-52.785714285714285,4.246250181334172
11210,42.71413614628921,-75.50555802794744,1.1959561946266766,11.080797459673388,3.860847397404227,10.386430075644913,0.005831796880982346,0.014249637296429371,44.77639191376626,-66.49351122427164,1.5639936123105849,11.108547903597414,-0.3265873564634433,11.103746089726508,0.011257536381491377,-0.015283176121240555,9.24499250633204,L,0.5,0.0,0.0,0.5,39.4200693470109,36.91577900484864,10.5,-52.785714285714285,4.244992506332039
11220,42.75478214322042,-75.40250551523506,1.1978691214617863,11.080243533000033,3.835065374097332,10.395386973412233,0.005722503069486874,0.01405575797766202,44.77657683169857,-66.38227687635701,1.5665257726398445,11.128470078804789,-0.31340278213331185,11.124056139331756,0.013569417941053832,-0.0348386005037998,9.244034750042552,L,0.5,0.0,0.0,0.5,39.39403783095024,36.874791302197224,10.5,-52.785714285714285,4.244034750042552
11230,42.79520941069164,-75.29937323129715,1.1998043523646755,11.07977129141298,3.810253135363098,10.404004176973158,0.005426838871455108,0.013340404856140508,44.77650567676196,-66.27093288290355,1.5687504841102893,11.138164360673098,-0.3009916965396077,11.134096699956515,0.013330157024695788,-0.05340219097123504,9.243282426629934,L,0.5,0.0,0.0,0.5,39.36807577210816,36.833815469254255,10.5,-52.785714285714285,4.243282426629934
11240,42.835416857780984,-75.19615982857346,1.201752210381946,11.079406780092775,3.786438409381193,10.412307082041355,0.004927175248453472,0.012039846812581719,44.77618817009474,-66.15955543517973,1.5707063286408347,11.14079622097077,-0.2921517011296458,11.136964928593592,0.011440563864690738,-0.06737264713755682,9.242662616876315,L,0.5,0.0,0.0,0.5,39.34218159680425,36.79288929348819,10.5,-52.785714285714285,4.242662616876315
11250,42.87542022704703,-75.09287052187759,1.2037188861544328,11.079150663167455,3.763333072742512,10.420408034274198,0.004019951542879057,0.009611441079660476,44.7756534877954,-66.04822085972229,1.572428344885187,11.136205579385832,-0.284655887527171,11.132566897712326,0.008018634151586998,-0.07851876085304128,9.242108739696816,L,0.5,0.0,0.0,0.5,39.316371325727474,36.75206800495758,10.5,-52.785714285714285,4.242108739696816
11260,42.91521821257638,-74.98950554344701,1.2057131642371244,11.078891317318513,3.739079929356388,10.428859674136946,0.003305081390389562,0.007696003488261018,44.77488783296321,-65.93690460997738,1.5739410945075176,11.13422985606355,-0.28094974473764817,11.1306846927127,0.005444765795780125,-0.08190596676997489,9.24164242749334,L,0.5,0.0,0.0,0.5,39.29064415335935,36.71132989837334,10.5,-52.785714285714285,4.241642427493341
11270,42.954820353281164,-74.886069454412,1.2077500940132697,11.078602888373405,3.7139341051631396,10.437534930278396,0.002526285080581024,0.005627428038123841,44.77394618910693,-65.82563818409672,1.5752764705700093,11.129240563338007,-0.2758766487875643,11.125820760344011,0.0023304775088780036,-0.08523906367515889,9.241246323449868,L,0.5,0.0,0.0,0.5,39.26501066784952,36.67073768891761,10.5,-52.785714285714285,4.241246323449868
11280,42.994228284921455,-74.78256508416311,1.2098488475375406,11.078187906392335,3.6866885971764582,10.446749469418057,0.0019969100922531593,0.004297616472206157,44.77285738543142,-65.7144365115728,1.5764499520880442,11.122822809690614,-0.2697198789970131,11.119552079227276,-0.0008179673352177166,-0.0864839238344533,9.240913227934222,L,0.5,0.0,0.0,0.5,39.239473962857964,36.63032366435668,10.5,-52.785714285714285,4.240913227934222
11290,43.03342382523007,-74.67898854595084,1.2120155039796898,11.07758223491424,3.6570330488034264,10.456526069935803,0.0020315999077761037,0.004598322710860178,44.771643725981974,-65.60330184090171,1.5774672766542095,11.116189107434211,-0.26191268685301183,11.113103167734224,-0.0037137167130155235,-0.0860824435436848,9.240643786640389,L,0.5,0.0,0.0,0.5,39.21401692795555,36.59010951630967,10.5,-52.785714285714285,4.240643786640389
11300,43.0724071173873,-74.57534176333562,1.2142574080824056,11.076855086255323,3.6264830205832874,10.466390949287225,0.0020510958814591897,0.00492563135782419,44.77033671940035,-65.49221279519053,1.5783396566745258,11.11162992411836,-0.2523276838807979,11.108764571747388,-0.005854014510651647,-0.08486652154381372,9.24046518230271,L,0.5,0.0,0.0,0.5,39.18864084188598,36.550117417491315,10.5,-52.785714285714285,4.24046518230271
11310,43.111141626575716,-74.47161376429831,1.2165603119602042,11.075962334054957,3.5941937705997606,10.476579249200856,0.0027767693580559444,0.007280046722859876,44.768970641813596,-65.3811437724938,1.5790882368964165,11.109564549351557,-0.24196690893993286,11.106929210685864,-0.007189522805722614,-0.08274435490677012,9.240402681467021,L,0.5,0.0,0.0,0.5,39.16330928795255,36.51037103078955,10.5,-52.785714285714285,4.240402681467021
11320,43.14962862736353,-74.36780448632064,1.2189119392556873,11.075127372507108,3.563387328243025,10.486215574084543,0.0030751935603716895,0.00841791042032076,44.76756447081047,-65.2700767822688,1.5797328036177858,11.109268628715698,-0.23208980305867774,11.106844006660172,-0.007924158486226915,-0.07877476434719313,9.240474326060465,L,0.5,0.0,0.0,0.5,39.1380232885089,36.47088265598365,10.5,-52.785714285714285,4.240474326060465
11330,43.1878757583838,-74.26391673156243,1.2213174850823592,11.07433742760709,3.5326233423552154,10.495785905855087,0.0031188131827263213,0.008809957872246331,44.76613243275844,-65.1590018301351,1.5802884312484895,11.109954750638218,-0.22259247319038913,11.107724661338509,-0.008256990190538214,-0.07327908765103774,9.240690964015712,L,0.5,0.0,0.0,0.5,39.11279077105561,36.43166310445159,10.5,-52.785714285714285,4.240690964015712
11340,43.2258766981594,-74.15994952161651,1.2237839511194484,11.07350667621129,3.500396949552333,10.505701847266593,0.0032997129930892764,0.009594175434500678,44.76467278521159,-65.04791543408423,1.5807572461856652,11.110994836052244,-0.21336715739538636,11.108945976235757,-0.00835160538262786,-0.06600359426255423,9.241052895091412,L,0.5,0.0,0.0,0.5,39.087605933119214,36.39271050747257,10.5,-52.785714285714285,4.241052895091412
11350,43.263636429218124,-74.05590599594018,1.226325006476525,11.072626164224129,3.4669465545784566,10.515860961440927,0.003351018262875966,0.01002179720695328,44.76318973995637,-64.9368178612849,1.5811343844373988,11.112003252867357,-0.2030417104369613,11.110148079821329,-0.00829395616145937,-0.0582471498677106,9.24155985423223,L,0.5,0.0,0.0,0.5,39.062474671425406,36.354029890240454,10.5,-52.785714285714285,4.24155985423223
11360,43.3011375647949,-73.95178280915599,1.2289469823214934,11.071584003267862,3.431073340578214,10.52652402614416,0.0037695113999580586,0.011571943412925015,44.7616836810922,-64.82571141316436,1.5814094484644607,11.11278549815833,-0.19130603690874437,11.111138714295684,-0.00813802362208401,-0.050257888322731495,9.24220612638388,L,0.5,0.0,0.0,0.5,39.03738057661693,36.315623352659465,10.5,-52.785714285714285,4.242206126383881
11370,43.33836456854412,-73.84757646506439,1.2316465655082307,11.070431405231178,3.3940600756993318,10.537305523731984,0.004289879047850084,0.013460375842374576,44.76018405275267,-64.71459864755096,1.5815883288704315,11.113286150036298,-0.1775537072893734,11.11186769780924,-0.007889323389028506,-0.0439073264746383,9.242989476401426,L,0.5,0.0,0.0,0.5,39.01230864738144,36.277520497500376,10.5,-52.785714285714285,4.242989476401426
11380,43.37529828486416,-73.74328151379483,1.2344119315092237,11.069226185209242,3.356577107428773,10.548040503392421,0.0048860642664416525,0.015579204893375869,44.75871538954949,-64.60348224311737,1.5816929284021755,11.113512210079202,-0.16423994971634995,11.11229854181828,-0.007576396036871419,-0.03807168460697126,9.243904672475377,L,0.5,0.0,0.0,0.5,38.987239725816806,36.239746406910434,10.5,-52.785714285714285,4.243904672475377
11390,43.411929893256335,-73.63889478802813,1.237230921731597,11.068078751720872,3.319615563312562,10.558528295463724,0.005278592721877059,0.017042289076242084,44.757293317776366,-64.49236447752264,1.581749735613234,11.113511996638664,-0.1527833186034043,11.112461750529809,-0.00721077880105531,-0.03208042964322391,9.244945617202504,L,0.5,0.0,0.0,0.5,38.96216454922265,36.20231766301064,10.5,-52.785714285714285,4.244945617202504
11400,43.448262066195234,-73.53441678260108,1.2401018299144446,11.067031126159538,3.28300982498198,10.568870537406344,0.005349144281781462,0.017464153072061103,44.75590466399239,-64.38124723584869,1.5817677179340082,11.113349182575051,-0.14366937779811317,11.112420490771786,-0.0068031072627077974,-0.024713019288566753,9.246104147973304,L,0.5,0.0,0.0,0.5,38.93708551608603,36.16522347153669,10.5,-52.785714285714285,4.246104147973304
11410,43.4843010055767,-73.42985027953304,1.2430357736785447,11.06601640451839,3.245574752546007,10.579364989955968,0.005207784449083287,0.017201175523502407,44.754540868773624,-64.2701316360112,1.581741918517924,11.113086069715388,-0.1347720682859185,11.112268826954834,-0.006335320167791526,-0.017381881015487325,9.247375570319189,L,0.5,0.0,0.0,0.5,38.91200924853111,36.12845709418385,10.5,-52.785714285714285,4.247375570319189
11420,43.520032512693476,-73.32523343159171,1.2460443287885707,11.061145537763867,3.2052010470581007,10.58657767437292,0.0038859002181343017,0.016165228718614165,44.75319988198977,-64.1590182518235,1.5816650436756057,11.112768894912067,-0.12521205316842773,11.112063465147529,-0.00580464553884872,-0.010833851153201512,9.24879465025094,L,0.5,0.0,0.0,0.5,38.88694374572524,36.092017749927194,10.5,-52.785714285714285,4.2487946502509395
11430,43.55542975602156,-73.22051122392546,1.2491035106370283,11.060614576379189,3.165314177152092,10.598017784809183,0.004557207076028476,0.017589097849810515,44.751892840433804,-64.04790725554453,1.5815390307663673,11.112425201411783,-0.11493810804055846,11.111830771222705,-0.005215882401974982,-0.005771364367742542,9.250307425870709,L,0.5,0.0,0.0,0.5,38.86183683591398,36.055917040650264,10.5,-52.785714285714285,4.250307425870709
11440,43.59049027945822,-73.11571919582555,1.2522163655934684,11.056803637119769,3.1246015799879396,10.606119537142781,0.003774081515334204,0.017106158691161742,44.75062298278111,-63.93679874428453,1.5813691548536088,11.112071877453463,-0.10509250352812372,11.111574909768386,-0.004590488091263333,-0.001390027287492282,9.251945122245226,L,0.5,0.0,0.0,0.5,38.83670488828921,36.02015906837143,10.5,-52.785714285714285,4.2519451222452265
11450,43.62521671571518,-73.01081200918914,1.2553724697354987,11.05734743379212,3.0854666371537394,10.618136743449877,0.004286459907562855,0.017103400904271635,44.74939383163834,-63.82569274008747,1.5811609008644072,11.11171595298555,-0.09568414915764621,11.111303972236271,-0.003940537976742018,0.0022094791920484577,9.253658205033732,L,0.5,0.0,0.0,0.5,38.81152612803578,35.98474818735975,10.5,-52.785714285714285,4.253658205033732
11460,43.65962152876083,-72.90584187675283,1.2586011242027,11.05355583396621,3.0437715723648875,10.626219985953227,0.0031569135800833675,0.015306341685519679,44.74847428754908,-63.71479391703937,1.5811231118310594,11.09107921963948,-0.08770713760940596,11.090732424611598,-0.007566105179738242,-0.006535040765871953,9.255320790122497,L,0.5,0.0,0.0,0.5,38.786338241838834,35.95000379155412,10.5,-52.785714285714285,4.2553207901224965
11470,43.693685917658186,-72.80080267371754,1.2619008921186246,11.0498882628914,3.000461311046612,10.63471967394052,0.0025311765664436134,0.014628464888318161,44.747848691472676,-63.60377967133991,1.5815091313193839,11.101891760936093,-0.11278232199012339,11.1013188774752,-0.004082245452276166,-0.0015586185966098686,9.25723993747378,L,0.5,0.0,0.0,0.5,38.76112160373745,35.91581376889125,10.5,-52.785714285714285,4.257239937473781
11480,43.72737841529734,-72.69567275582756,1.265254674104796,11.047430638464192,2.9562543097220733,10.644542459304065,0.0027365074909334996,0.015543891142837298,44.74731089064156,-63.49252543250723,1.5823889945609695,11.12523377500918,-0.16584557207889697,11.123997563593173,0.0012498612911301605,0.020517548401575596,9.259491503803,L,0.5,0.0,0.0,0.5,38.735837704056465,35.88194682808258,10.5,-52.785714285714285,4.259491503803
11490,43.7606893426095,-72.59044242908728,1.26864359605805,11.045662132742175,2.91335465086759,10.65453033356997,0.002992519788883825,0.016013846691110906,44.74671961933554,-63.38106070607638,1.5837248224373313,11.14608102896215,-0.2276624243040931,11.143755745921117,0.005336758676162905,0.047170093332836095,9.262017459859784,L,0.5,0.0,0.0,0.5,38.71047290305929,35.84827988136756,10.5,-52.785714285714285,4.262017459859784
11500,43.793625119610965,-72.48511179021679,1.272060444551728,11.044141824339182,2.871864159322039,10.66421421795903,0.002971126808586943,0.015307030445609038,44.74599336941441,-63.26948407081906,1.585454899589669,11.157568897741623,-0.28980906850716287,11.15380448150595,0.006955481544860623,0.07195230638744712,9.264707202376417,L,0.5,0.0,0.0,0.5,38.68503244984538,35.81476637875851,10.5,-52.785714285714285,4.264707202376417
11510,43.826202023750966,-72.37970260130116,1.275517338237181,11.041154262302172,2.830361629984292,10.672213476475537,0.0022595071534260262,0.013294915694359734,44.745079774408836,-63.15794137687979,1.5875231544730763,11.154974652908706,-0.35034733127557915,11.14947156839748,0.005377079952455732,0.09242024692931153,9.267427712202325,L,0.5,0.0,0.0,0.5,38.659541117804515,35.78139996683099,10.5,-52.785714285714285,4.267427712202325
11520,43.858418677343565,-72.27422392596213,1.2790326993380452,11.037458084437723,2.78648046698809,10.679934811262356,0.001622693015406739,0.011861765196041305,44.74394146146552,-63.04655792681487,1.5898909899151281,11.140251541717008,-0.4101051785849421,11.132700398161536,0.0013536038207601422,0.10796288702159303,9.27005773407143,L,0.5,0.0,0.0,0.5,38.63400192383617,35.74818091936136,10.5,-52.785714285714285,4.270057734071431
11530,43.89026266614011,-72.16866713988993,1.2826174442979708,11.034416315417563,2.740103814903679,10.688787326236012,0.0015397397225103836,0.011642654633830078,44.74254653023402,-62.93542089559737,1.5925344173783273,11.11711758120194,-0.4704047053497157,11.107160876094941,-0.004068659846802731,0.11882956709328149,9.272498260595018,L,0.5,0.0,0.0,0.5,38.60839937450174,35.715102367793186,10.5,-52.785714285714285,4.272498260595018
11540,43.92170280853514,-72.06298984145243,1.2862546139800803,11.034663295122659,2.6928808876521897,10.701036704994745,0.0027239333207178464,0.01326263919674325,44.740863801822606,-62.824579310396494,1.595437934628012,11.08931614024016,-0.5322181144919644,11.076537199720747,-0.009910061830810177,0.12557434956768362,9.274656536672882,L,0.5,0.0,0.0,0.5,38.58268486606272,35.682146304261934,10.5,-52.785714285714285,4.274656536672882
11550,43.95274633098937,-71.95720712420768,1.289930640039994,11.033730207412672,2.6478706182049065,10.711301670628927,0.0030579470391662662,0.0130192599445232,44.73886150209011,-62.71405180843648,1.5985897582446016,11.059841755823172,-0.5960273846328439,11.04376978303231,-0.0154205695795431,0.12878198640511912,9.276523985507946,L,0.5,0.0,0.0,0.5,38.55687195224642,35.64928502683331,10.5,-52.785714285714285,4.276523985507946
11560,43.98339156728516,-71.85132545753511,1.2936424502795254,11.032264316907419,2.6030391566092326,10.72077623622785,0.003187628104171975,0.012488777129818314,44.73650762230111,-62.60383628165868,1.6019792562130968,11.030749253540947,-0.6619507474538799,11.01086964333151,-0.020110724983234476,0.12897976761950375,9.278105401981298,L,0.5,0.0,0.0,0.5,38.53096209807383,35.61648457805921,10.5,-52.785714285714285,4.278105401981298
11570,44.0136853998388,-71.7453608949312,1.2974159809640151,11.03060446985239,2.5592719359633507,10.729602142116823,0.0023299953173872715,0.00818441732476734,44.73378176520354,-62.49391105986186,1.6055898874074568,11.00388703021013,-0.7280568281496963,10.979775181150629,-0.023610698155857278,0.1261875825848805,9.279432246975889,L,0.5,0.0,0.0,0.5,38.50500368297293,35.583716761366446,10.5,-52.785714285714285,4.2794322469758885
11580,44.04354531992678,-71.63928915276962,1.3012113053616292,11.029295400690922,2.5128201830699135,10.739231432614645,0.003006694222504821,0.009813877681161758,44.73068337291813,-62.384224550784126,1.6094253763181623,10.982131201270374,-0.7949395651331668,10.95332263788948,-0.02528957086236888,0.12087127903836659,9.280537672505494,L,0.5,0.0,0.0,0.5,38.47891263923192,35.55096459289993,10.5,-52.785714285714285,4.280537672505494
11590,44.07302605838823,-71.5331273285475,1.305060255182838,11.027891737589211,2.467425261493505,10.748311902570194,0.002610198851081925,0.007130469379340907,44.72720419290762,-62.27473154243986,1.613487649212687,10.964904083786129,-0.8630367282613522,10.930886934384679,-0.02542699442303,0.11397905611819828,9.281478414773094,L,0.5,0.0,0.0,0.5,38.452744694180254,35.518205970479826,10.5,-52.785714285714285,4.281478414773094
11600,44.102061492244864,-71.4268679017879,1.3089305041707098,11.025727572698823,2.4199148958040517,10.756889903891215,0.003099218776074959,0.009059621279935546,44.723270426185756,-62.16552551520078,1.6177238245663879,10.938965285195607,-0.9315290086189143,10.899230028622025,-0.027154170747550173,0.10820168983546383,9.282152947522642,L,0.5,0.0,0.0,0.5,38.426438094971274,35.485392732286925,10.5,-52.785714285714285,4.282152947522642
11610,44.130707814502834,-71.32052162437365,1.312857851202108,11.024086802580863,2.3731241237302863,10.765629183852049,0.0027593903913374538,0.006894607051348626,44.71883943645663,-62.05655651966999,1.6221240759400737,10.918326750921292,-1.0028735335099621,10.872171067255552,-0.02719200762068816,0.10359425614042922,9.282615378540102,L,0.5,0.0,0.0,0.5,38.40004676020178,35.452468011478366,10.5,-52.785714285714285,4.282615378540102
11620,44.1588976152221,-71.21407420628033,1.3168065506980362,11.02234570036882,2.324517030841364,10.774447796140992,0.003383161974749855,0.009253033303094675,44.713892400355725,-61.94777360456488,1.6266894752449104,10.903014739573855,-1.0762277147842167,10.849767938407489,-0.02575145933746009,0.09886017295188085,9.282906121085015,L,0.5,0.0,0.0,0.5,38.37350437520568,35.41939813358291,10.5,-52.785714285714285,4.282906121085015
11630,44.1867066604351,-71.10757490893691,1.3208250331033766,11.017876054231943,2.2768496385820813,10.780053268407642,0.002147190449805856,0.006096811631171477,44.70852777312348,-61.83913530986604,1.6314687435704749,10.891225251903487,-1.1467076453444698,10.830690147160924,-0.0228227218889419,0.08722243013932299,9.283117465338483,L,0.5,0.0,0.0,0.5,38.34690055692896,35.38626576293567,10.5,-52.785714285714285,4.283117465338483
11640,44.214040708365275,-71.00116240139795,1.3248896290655745,10.998220646049285,2.2230401542428546,10.771209303128812,-0.0016673144247288992,0.006147670738405083,44.70267949744414,-61.730616023637786,1.636437104103044,10.882556208545047,-1.2201789902956617,10.813935123893772,-0.01940938025259983,0.07927862196343927,9.283415212538676,L,0.5,0.0,0.0,0.5,38.32021778305121,35.35299919251537,10.5,-52.785714285714285,4.283415212538676
11650,44.240901295217384,-70.8946361422533,1.3290057294380702,10.997948438990047,2.1691149523698523,10.781920524196472,0.00023006536200308723,0.01045347571765173,44.696294192980474,-61.62220450259441,1.6415747354267547,10.875614810936666,-1.2961255256545787,10.798104284438617,-0.01583702810232678,0.07391700601490528,9.283607661005524,L,0.5,0.0,0.0,0.5,38.293360665000904,35.319542690780814,10.5,-52.785714285714285,4.283607661005524
11660,44.26736509028616,-70.78800110250683,1.3332125354966402,10.999083573023213,2.1173536893642546,10.793361515324348,0.001036028598795673,0.009247691555265915,44.689337247979616,-61.51389773448018,1.6468692525479345,10.869524545814121,-1.3737539617717038,10.782363558356407,-0.01230121563240701,0.06991217338889341,9.283698281542309,L,0.5,0.0,0.0,0.5,38.26639878241405,35.285860734455625,10.5,-52.785714285714285,4.283698281542309
11670,44.293407772183684,-70.68125111019368,1.337493005011652,11.000377074412405,2.0654081500688477,10.8047390043854,0.002060404015335738,0.009272462082498285,44.68178719030963,-61.4056977244292,1.652313446507199,10.863732849414074,-1.4524984755692534,10.76619429519584,-0.008928999551374881,0.06645814531314126,9.283680799369979,L,0.5,0.0,0.0,0.5,38.239307617860746,35.25193172022399,10.5,-52.785714285714285,4.283680799369979
11680,44.31894371412375,-70.57454515973554,1.3418096927910552,10.984773494155355,2.009766203218824,10.799355931086698,-0.00038342817779946125,0.010812426434077484,44.6736293917983,-61.297609296327444,1.6579028427013007,10.857935026379568,-1.5320630243947932,10.749303974042345,-0.005804115399423234,0.06318022443810484,9.283713747403821,L,0.5,0.0,0.0,0.5,38.2120852323398,35.21774130292404,10.5,-52.785714285714285,4.283713747403821
11690,44.34401957714496,-70.46770476744236,1.3461856136221315,10.987444415507419,1.955905797211184,10.811954832328002,0.0016761259072495742,0.012696197696759923,44.66485188426395,-61.18963859883052,1.663634116212975,10.852001377740692,-1.6123371516361675,10.731556402122651,-0.0029799169060771872,0.059977898083114906,9.283611646252272,L,0.5,0.0,0.0,0.5,38.184688666193075,35.18327796175735,10.5,-52.785714285714285,4.283611646252272
11700,44.3686294295579,-70.36071316991651,1.350607526415039,10.991756068004012,1.9030722613165187,10.825757129490327,0.0036981405117569068,0.014135817307732265,44.65544331152636,-61.08179218164267,1.6695043276474455,10.84590959754648,-1.693303708302766,10.712911721357502,-0.00048751298400028995,0.05687558608218524,9.283352676135847,L,0.5,0.0,0.0,0.5,38.15710478032138,35.14853078383508,10.5,-52.785714285714285,4.283352676135847
11710,44.39271375424366,-70.25371793938619,1.35503444056082,10.980822759126553,1.8494455999674433,10.823955812923145,0.002146326965847374,0.015260035570729042,44.64539224568023,-60.97407650709989,1.6755106665972181,10.839691903679014,-1.7749773901194388,10.693380000320252,0.0016580372550112905,0.053930644306788775,9.283080928864042,L,0.5,0.0,0.0,0.5,38.12934824084713,35.1134886828406,10.5,-52.785714285714285,4.283080928864042
11720,44.416327604258726,-70.14658429585896,1.3594914439034205,10.984134752580568,1.7980399691916997,10.835971047028378,0.0037813620875197583,0.015300296660733993,44.63468714326317,-60.86649776303815,1.6816504264007954,10.8333995076987,-1.8573747852359765,10.672989450035827,0.0034527322009591166,0.05119226188884027,9.282655166756783,L,0.5,0.0,0.0,0.5,38.10140529781734,35.07814031524257,10.5,-52.785714285714285,4.282655166756783
11730,44.439438463556414,-70.0394621857328,1.3639654972702062,10.972613702259496,1.7449437238373633,10.8329784851468,0.0017032414614747723,0.014362319714275878,44.62331649556272,-60.759061859583,1.687921046098469,10.827082191942006,-1.9405047063962353,10.651767471904453,0.004899851567883442,0.048690680475442207,9.28222178921921,L,0.5,0.0,0.0,0.5,38.07331479946192,35.04247423042587,10.5,-52.785714285714285,4.282221789219211
11740,44.46209187695756,-69.93221995073131,1.3684952154629049,10.974914079951729,1.6915169702610822,10.843777450761403,0.002989004504771726,0.013616676847314069,44.61126897220759,-60.65177451900491,1.6943201482313897,10.820778891469521,-2.024368068926776,10.629731404865414,0.006007432019003582,0.046439503935996614,9.281644316445155,L,0.5,0.0,0.0,0.5,38.04505672461755,35.00647903585918,10.5,-52.785714285714285,4.2816443164451545
11750,44.484235042496024,-69.82498354170242,1.3730605542742218,10.964333340078142,1.6354215178623746,10.841678931386125,0.0013403209199447075,0.013548623243340703,44.59853350240604,-60.54464139671363,1.7008455540706071,10.814515183171032,-2.1089606409913677,10.606885672137041,0.006786828286909423,0.04444119253203435,9.281045979090557,L,0.5,0.0,0.0,0.5,38.016640148777974,34.97014350740511,10.5,-52.785714285714285,4.281045979090557
11760,44.50585961260801,-69.71774470414341,1.3776638696653034,10.95462842177633,1.5782404189819872,10.840343215926392,0.00024132987769142928,0.013987687070897148,44.58509930092281,-60.43766819718902,1.7074952798232075,10.808304438041928,-2.1942756422942646,10.583222535269252,0.00725204114223262,0.042691645872610054,9.280414802320589,L,0.5,0.0,0.0,0.5,37.988052622936785,34.933456642838856,10.5,-52.785714285714285,4.280414802320589
11770,44.5269585701213,-69.61046692465547,1.3823011334111028,10.948543291817016,1.5209093209779732,10.84239065198048,0.00010715607848500643,0.014833651597947313,44.570955861471546,-60.33086076837934,1.7142675222732395,10.802150422300933,-2.280305351208675,10.55872441402205,0.007419461758138814,0.04118300333520737,9.279710457619032,L,0.5,0.0,0.0,0.5,37.959270420996106,34.89640767699757,10.5,-52.785714285714285,4.279710457619032
11780,44.54758019198136,-69.50300504789507,1.386992867855285,10.957519740919265,1.4656794727374591,10.859052562531938,0.0030821009544591098,0.014596191126170981,44.556092951871086,-60.2242251095185,1.7211606588079684,10.796055757293004,-2.367042721279816,10.533372141447185,0.007309182222703154,0.03990407965547566,9.278783843365492,L,0.5,0.0,0.0,0.5,37.930271912506726,34.85898607851835,10.5,-52.785714285714285,4.278783843365492
11790,44.56768341118126,-69.39548558905463,1.3917023060373057,10.953705277591718,1.4109853416458702,10.862448143673742,0.00282343348062837,0.01387936776253251,44.540500518919664,-60.117767668260456,1.7281731488547363,10.789995484713033,-2.4544771418714797,10.507118754452053,0.006937309327501664,0.03884656823298396,9.277757742442788,L,0.5,0.0,0.0,0.5,37.90107591815492,34.821181519056424,10.5,-52.785714285714285,4.2777577424427875
11800,44.58727108104642,-69.28793381028686,1.3964349352676733,10.947731919834771,1.3558438188452053,10.863448887322496,0.002162093692514005,0.012768698974187675,44.52416880209206,-60.011494969649554,1.7353036585145494,10.7839785446537,-2.5426034624462175,10.479950423752387,0.006332181695829735,0.03799223008272397,9.276653462412703,L,0.5,0.0,0.0,0.5,37.871695222024684,34.78298390255768,10.5,-52.785714285714285,4.276653462412703
11810,44.60633474351884,-69.18033893574635,1.4011972595259072,10.94296749006662,1.2991141955723449,10.865580508905971,0.0019381722722135524,0.01249411814424228,44.507088205140754,-59.905413902569116,1.7425509374057822,10.777988111962049,-2.6314128263971788,10.451827317683145,0.005516075499153,0.0373286978401409,9.275456012856605,L,0.5,0.0,0.0,0.5,37.84211657733219,34.744383298980374,10.5,-52.785714285714285,4.275456012856605
11820,44.624874577824805,-69.07269397065781,1.4059926112640773,10.939138894826776,1.2419681044036495,10.868407196455053,0.001894512606386428,0.012098090353139745,44.489249317133975,-59.79953167754975,1.7499138366270133,10.772011143256345,-2.7208967241727815,10.422712942743107,0.004514304914927554,0.03684062108992147,9.274154038275327,L,0.5,0.0,0.0,0.5,37.812336243745065,34.705369952621254,10.5,-52.785714285714285,4.274154038275327
11830,44.642884219909064,-68.96498144101572,1.4108171703482615,10.93714730941887,1.1847071186777534,10.872794503295033,0.0022738278976533206,0.011990636472767326,44.47064288860479,-59.69385579050927,1.757391293320197,10.766038604311536,-2.8110469209566364,10.39257438932753,0.003353611082429073,0.03651240176834723,9.272725484111358,L,0.5,0.0,0.0,0.5,37.78234016755356,34.665934248414345,10.5,-52.785714285714285,4.272725484111358
11840,44.66044027615311,-68.85722535051819,1.4157074666872413,10.934091112322163,1.129839407156979,10.87556027828441,0.001653710771506224,0.0059610216469231005,44.45125986132182,-59.588394085711826,1.764982341253215,10.760055105474112,-2.9018535823812,10.361372093466237,0.0020596946995214294,0.036326514474751666,9.271191372277942,L,0.5,0.0,0.0,0.5,37.75220719066288,34.62606675082079,10.5,-52.785714285714285,4.271191372277942
11850,44.677426684159215,-68.74938665346583,1.4206084974331723,10.9334824976727,1.0712734837982492,10.880873708017477,0.0025863378476653214,0.008529899127393933,44.43109132602343,-59.48315470189906,1.7726860836846983,10.754051396032285,-2.9933073182302,10.32907221037463,0.0006591551587946439,0.036266913692802584,9.269505687408842,L,0.5,0.0,0.0,0.5,37.721815044029796,34.58575814845307,10.5,-52.785714285714285,4.2695056874088415
11860,44.69386031415526,-68.64148061196391,1.4255281196797023,10.931895665633032,1.0132376505351692,10.884837725378558,0.0030304240364251974,0.009486981022780203,44.410128530512026,-59.37814608851192,1.7805016928588149,10.748016877936191,-3.085397739876897,10.29563925140949,-0.0008225080524894104,0.03631713279832206,9.267678793442668,L,0.5,0.0,0.0,0.5,37.69118476483054,34.54499926227215,10.5,-52.785714285714285,4.267678793442668
11870,44.709750550648344,-68.53351101676806,1.430475093712509,10.930355316320227,0.9549640564592784,10.888558719678224,0.0033444905587835627,0.009829219218036806,44.388362877682916,-59.27337700531733,1.7884284038892968,10.741941399845519,-3.178113672461638,10.26103788720359,-0.0023608207998599326,0.03646105435847733,9.26570946805266,L,0.5,0.0,0.0,0.5,37.66032573704286,34.5037810405301,10.5,-52.785714285714285,4.265709468052661
11880,44.72517320055449,-68.42550065662759,1.4354908492890959,10.927753314673124,0.898394751616476,10.890761193627258,0.0028058453034088427,0.004566091967993712,44.365785924508224,-59.16885652032534,1.7964655089892125,10.735815448121995,-3.2714430850694973,10.22523317471469,-0.003932664709959573,0.0366831081078178,9.263618077205189,L,0.5,0.0,0.0,0.5,37.62931567721846,34.46209455433455,10.5,-52.785714285714285,4.263618077205189
11890,44.74001019214997,-68.31741193344644,1.4405183683363314,10.927677053313689,0.8381987014809352,10.895482950211717,0.0036285139837986917,0.007810667434295017,44.342389382633066,-59.064594006896556,1.8046123524288384,10.729630223072439,-3.3653730107141397,10.188190674630425,-0.00551653248347715,0.0369684057229633,9.261357453961255,L,0.5,0.0,0.0,0.5,37.59803092954606,34.4199309946843,10.5,-52.785714285714285,4.261357453961255
11900,44.75427402050796,-68.20925107950882,1.4455583884186554,10.927403173441757,0.7790186336555742,10.899599537751945,0.004156656777494392,0.009532282568379076,44.31816512032595,-58.96059914002519,1.8128683260913976,10.723377708441799,-3.4598894782279506,10.149876564587078,-0.007092727249961059,0.03730285178738538,9.258928321924317,L,0.5,0.0,0.0,0.5,37.56648474240809,34.377281670743386,10.5,-52.785714285714285,4.2589283219243175
11910,44.76804124089126,-68.10102894620208,1.450644902251109,10.927111143372729,0.7225444290228106,10.903196205136757,0.004084019019420225,0.00539088810087769,44.29310516552708,-58.85688189181888,1.821232865505934,10.71705073212033,-3.554977456893868,10.11025774527125,-0.008643510224491958,0.03767323263534937,9.256339397339744,L,0.5,0.0,0.0,0.5,37.534750746970154,34.33413800912711,10.5,-52.785714285714285,4.256339397339744
11920,44.78122796337646,-67.9927471749369,1.4557355507187755,10.926058740061634,0.6637490397618265,10.905879001872911,0.0042357037387674035,0.007295003462383045,44.26720170979261,-58.75345252625769,1.8297054462716293,10.710643012383086,-3.650620812837159,10.069301933083086,-0.010153200044194025,0.038067282962809625,9.253582473533461,L,0.5,0.0,0.0,0.5,37.502752431933345,34.29049155403674,10.5,-52.785714285714285,4.253582473533461
11930,44.79384699191773,-67.8844216189791,1.4608468192364261,10.923950626072426,0.6040468363332223,10.907237262496125,0.004065699461863586,0.008416754112003166,44.24044711297537,-58.650321593351165,1.8382855808129182,10.704149186501976,-3.746802275937467,10.026977735684902,-0.01160822731532252,0.03847373094856045,9.25066779801952,L,0.5,0.0,0.0,0.5,37.47050713081756,34.246333968123885,10.5,-52.785714285714285,4.250667798019521
11940,44.805962619964056,-67.77605076580465,1.4660151679270288,10.922849862295653,0.5456109915605264,10.909214351186822,0.0037611800611089246,0.0048127016291565055,44.21283390851397,-58.5474999228307,1.8469728154207021,10.697564820509879,-3.8435034159649253,9.983254708784932,-0.012997148159729245,0.0388823234264507,9.247591704314248,L,0.5,0.0,0.0,0.5,37.438072320416005,34.20165703399662,10.5,-52.785714285714285,4.247591704314248
11950,44.81749119953213,-67.66764065116415,1.4711981612799525,10.920684143350233,0.4848782798148074,10.90991453736394,0.0035297583977556583,0.0070694214033354946,44.1843548092242,-58.44499861752223,1.8557667275442735,10.690886400119789,-3.940704626623133,9.938103393805948,-0.014310620812012677,0.03928383319158195,9.24434896406615,L,0.5,0.0,0.0,0.5,37.40537307094579,34.156452656298384,10.5,-52.785714285714285,4.24434896406615
11960,44.828435003996404,-67.55919197609818,1.4764062329085175,10.918832855225938,0.4230283393674866,10.910635084377692,0.0033767596431072268,0.009204648210970015,44.15500271350318,-58.34282904655132,1.8646669233016693,10.684111302959458,-4.038385115984575,9.891495336349319,-0.015541349693418475,0.039670050879834225,9.240933756877842,L,0.5,0.0,0.0,0.5,37.3724108520159,34.11071286430437,10.5,-52.785714285714285,4.240933756877842
11970,44.83886649907533,-67.45070643467818,1.481674497432157,10.917610069121165,0.36335191353450547,10.911561987557358,0.003023327955649361,0.005839908245555287,44.124770711866205,-58.241002838593474,1.873673035161186,10.67723774755485,-4.136522900173418,9.84340308095483,-0.016684002913278373,0.04003376452499622,9.23734664939264,L,0.5,0.0,0.0,0.5,37.339252097096036,34.064429814995435,10.5,-52.785714285714285,4.23734664939264
11980,44.84867817100103,-67.34215673603983,1.4869423758253093,10.9185127938526,0.3014709742443241,10.914350043919752,0.003437725924155826,0.009578860605495312,44.09365209368979,-58.139531876259774,1.882784719501088,10.67026464056059,-4.235094773530038,9.793800067329135,-0.017735129437092607,0.04036873867704191,9.233545835011695,L,0.5,0.0,0.0,0.5,37.30578653378913,34.01759579665651,10.5,-52.785714285714285,4.233545835011695
11990,44.857956994009,-67.23356014604374,1.4922455978469011,10.918539698066997,0.24300985651822266,10.915835073318942,0.003293742244190826,0.006547549001749933,44.06164035628278,-58.038428265426475,1.8920016616514108,10.66319377678649,-4.334077034401618,9.7426627664705,-0.01869239037192008,0.040669375684995075,9.229548769547927,L,0.5,0.0,0.0,0.5,37.27210027360963,33.970203231024875,10.5,-52.785714285714285,4.229548769547927
12000,44.86664040862827,-67.12494817494319,1.4975577707157148,10.915423316505,0.18218879515567077,10.913902758473743,0.0025813035982520027,0.008203656519039058,44.02872920280957,-57.93770440608351,1.9013235498482486,10.656020754252843,-4.433442642458402,9.689962056225957,-0.019557095144028466,0.04093203517669483,9.225374965674156,L,0.5,0.0,0.0,0.5,37.238147127723366,33.922244680382185,10.5,-52.785714285714285,4.225374965674156
12010,44.87477609134539,-67.01629751916826,1.502917767698037,10.915227393403098,0.1208066593286097,10.914558845906656,0.0025138978769251603,0.0066994119248582045,43.99491256677864,-57.837372884642754,1.9107501085448042,10.648750596654805,-4.533166163716645,9.635678170315288,-0.020329065915552613,0.04115219610953696,9.220998713163464,L,0.5,0.0,0.0,0.5,37.2039612204721,33.87371285312954,10.5,-52.785714285714285,4.220998713163464
12020,44.882283623551764,-66.90760675017994,1.5082760211381325,10.915004242658645,0.05830176661907385,10.914848534050543,0.002469593129279965,0.01009644551230516,43.960184605619474,-57.737446524171645,1.920281074688992,10.641384073874075,-4.633219548015268,9.579787660882156,-0.021011161633860204,0.04132728526702021,9.216404134451578,L,0.5,0.0,0.0,0.5,37.169466958086545,33.82460060375455,10.5,-52.785714285714285,4.216404134451578
12030,44.88927343937679,-66.79892137827862,1.513692896274046,10.911144479375697,-0.0017072309308942407,10.91114434581329,0.0014582209909116484,0.005981235011221762,43.92453971141726,-57.63793837196951,1.929916200026637,10.633922910936663,-4.733573776143227,9.522268415748048,-0.02160701482521205,0.041455227457046814,9.211640505781094,L,0.5,0.0,0.0,0.5,37.134782895653515,33.77490093994866,10.5,-52.785714285714285,4.211640505781094
12040,44.89574528879929,-66.6902833623041,1.5191914597095435,10.903540091003057,-0.06460136072770797,10.903348714055838,-0.00023920993720930256,0.0030165442816062348,43.88797251946102,-57.53886169247701,1.9396552508132971,10.626369313661671,-4.834198751083471,9.463099239961158,-0.022121121900701698,0.0415345279751138,9.206743427162534,L,0.5,0.0,0.0,0.5,37.0999236546063,33.72460702855853,10.5,-52.785714285714285,4.206743427162534
12050,44.901577856033725,-66.58168427770494,1.5247451160709338,10.896841326766,-0.1352590045188681,10.896001831057664,-0.0013764229780044435,0.0091674710914158,43.85047791671373,-57.44022996276661,1.9494980070255907,10.618725681206605,-4.9350632482463075,9.402259612908233,-0.022558725382842773,0.04156425289010229,9.201684523745806,L,0.5,0.0,0.0,0.5,37.06477231826275,33.67371220197048,10.5,-52.785714285714285,4.201684523745806
12060,44.90683049980643,-66.4730879487897,1.5303897929656676,10.89417481268742,-0.20508766132128603,10.892244208636104,-0.0015465098829493904,0.010654382369052775,43.812039280565244,-57.34204961934568,1.959439701161123,10.612099986978244,-5.036713751452252,9.34067346177755,-0.022893763063395,0.042041778565113846,9.196435656682615,L,0.5,0.0,0.0,0.5,37.02936919304811,33.6221973211511,10.5,-52.785714285714285,4.196435656682615
12070,44.91145541089503,-66.3644421245781,1.536075649063262,10.896590786390874,-0.2730687006129364,10.8931686965182,-0.0006525744013293393,0.013678158516498212,43.772643782979614,-57.24432543170353,1.9694711230261603,10.606460037729462,-5.1382929201385,9.278735926774003,-0.022952528027071283,0.0424378931238312,9.190942302915673,L,0.5,0.0,0.0,0.5,36.99364963365945,33.57004673306535,10.5,-52.785714285714285,4.190942302915673
12080,44.91545436629447,-66.25574906598781,1.5417725171501802,10.89888930831029,-0.33711827312725895,10.893674284864774,8.803344062854933e-05,0.01492087616360005,43.73228205487662,-57.14706217503644,1.9795822437629942,10.601679935580309,-5.2393908607501976,9.21652867758645,-0.022687142501554628,0.0425224879916273,9.185209502014382,L,0.5,0.0,0.0,0.5,36.95761540224525,33.51724818636771,10.5,-52.785714285714285,4.1852095020143825
12090,44.9188324055707,-66.14702106206505,1.5474735641807562,10.900268201182831,-0.3998446186298153,10.89293216442067,0.000565874248700941,0.0152604155573565,43.690947523214874,-57.050265645890846,1.9897639856562543,10.597592087408808,-5.3398641086153535,9.153950477942915,-0.02211050101422481,0.042199403429872655,9.179251624506907,L,0.5,0.0,0.0,0.5,36.92127493647153,33.46379231038209,10.5,-52.785714285714285,4.179251624506907
12100,44.92160671372534,-66.03828958136029,1.5531922369226836,10.898956260444375,-0.46268519443975165,10.889130818294264,0.0004278642054862813,0.014471182867168699,43.64863562951051,-56.95394288938521,2.0000086482705743,10.594045422473487,-5.439688407931498,9.090851909367302,-0.021263175972372664,0.04145498184895881,9.17310253955801,L,0.5,0.0,0.0,0.5,36.88465481363691,33.409671859964654,10.5,-52.785714285714285,4.173102539558011
12110,44.92376058326342,-65.92955290334235,1.558934206730672,10.89824336336414,-0.527777114703206,10.88545633973634,0.0004333814277828071,0.014998419058238201,43.60534327095398,-56.85810207465774,2.0103097777444305,10.590919789662456,-5.538873645717003,9.027095918834888,-0.020193657647830904,0.04031522835887551,9.166757569972063,L,0.5,0.0,0.0,0.5,36.84773787222347,33.35488113292017,10.5,-52.785714285714285,4.166757569972063
12120,44.92528139018234,-65.82080509945015,1.5646938918955573,10.898463890761493,-0.5933503948233633,10.88229987122185,0.000605341825736988,0.015859261598236637,43.561068443275396,-56.76275222132458,2.0206618827038736,10.588128163876286,-5.637428316040264,8.962581101232928,-0.018947631668451998,0.03882130281289157,9.16020736159545,L,0.5,0.0,0.0,0.5,36.81050925096766,33.29941557073072,10.5,-52.785714285714285,4.16020736159545
12130,44.9261975139371,-65.71208385027334,1.5704846878065142,10.895302565588976,-0.6580043782603426,10.875414853416855,4.9104755583800506e-05,0.014665331627946067,43.51581002591023,-56.66790291004874,2.031060176985942,10.585612035933453,-5.735350259162165,8.897243369720064,-0.01756414400147678,0.03701814724262147,9.153491232633852,L,0.5,0.0,0.0,0.5,36.77300783711019,33.24327150239438,10.5,-52.785714285714285,4.1534912326338524
12140,44.9265082762606,-65.60340722966582,1.5763245425650745,10.890821058984551,-0.7249608965966627,10.866665313573762,-0.0007291595661584693,0.014159743245136063,43.46956765484028,-56.57356404341845,2.0415004000827146,10.58333415286395,-5.832628003941164,8.83104820272304,-0.016075563439142914,0.034950444761669475,9.146624729514306,L,0.5,0.0,0.0,0.5,36.735238184893596,33.18644598528186,10.5,-52.785714285714285,4.146624729514306
12150,44.92621075436349,-65.49479112746877,1.582228936428657,10.885219963682871,-0.7941361975935479,10.856213030216006,-0.0016797244254294654,0.014213221893716585,43.422341645116354,-56.479745676825985,2.051978708120013,10.581271232296073,-5.929244510228454,8.763980855144665,-0.014509047730052007,0.03266177209839717,9.139620712858001,L,0.5,0.0,0.0,0.5,36.697201815308375,33.12893670669617,10.5,-52.785714285714285,4.139620712858001
12160,44.9252728445461,-65.38621679199046,1.5881938515455838,10.881936883563784,-0.8657726679929502,10.847441542834984,-0.002106869864324507,0.016275587018604085,43.37372599417157,-56.3862820620713,2.062319532697477,10.613583108545683,-6.044559667505384,8.724187344846134,-0.013907219353043206,0.046142099448440166,9.132695263267696,L,0.5,0.0,0.0,0.5,36.65886078197351,33.0703182484235,10.5,-52.785714285714285,4.132695263267696
12170,44.923689020047306,-65.27768256323701,1.5942118767992057,10.8791315832967,-0.9370134931694152,10.838704245448449,-0.0023994938076947634,0.017920182963404335,43.32376588674935,-56.293191212754735,2.0721993024434777,10.639231450938492,-6.12024544396341,8.702634174333879,-0.0073150164013035795,0.04340449626511421,9.125833598052987,L,0.5,0.0,0.0,0.5,36.620208044132674,33.01063467099431,10.5,-52.785714285714285,4.125833598052987
12180,44.921473818981745,-65.16921056240989,1.6002908201953998,10.874446070316086,-1.007901915322118,10.827636448703982,-0.0030062218263323605,0.01837170357538717,43.27266977010172,-56.200443219339505,2.081574346255584,10.657195584357337,-6.172361119801427,8.687794652845405,0.005722885264422941,0.025628885506429354,9.11906477911682,L,0.5,0.0,0.0,0.5,36.58126350887541,32.95008736787016,10.5,-52.785714285714285,4.119064779116821
12190,44.918601391716884,-65.06078736000016,1.6064286922666653,10.871605868492875,-1.0809265903368068,10.817735986154938,-0.0032173294865499927,0.020407091961813634,43.22053839928038,-56.107990428500564,2.0904581126579065,10.67544173379608,-6.217195975033596,8.678221616189639,0.021569957261242396,0.002876893536032002,9.11240861808507,L,0.5,0.0,0.0,0.5,36.54199694517192,32.888769388770214,10.5,-52.785714285714285,4.11240861808507
12200,44.915058117641074,-64.9524039722927,1.6126152927956285,10.870045292734238,-1.1539570857166548,10.808620065041518,-0.0031531609485540113,0.022442584632110473,43.16740034694619,-56.015783605312535,2.098880610526284,10.698140213762306,-6.263239340919564,8.6730638756829,0.038006556289681026,-0.019467284224770127,9.1059041982109,L,0.5,0.0,0.0,0.5,36.502391197976415,32.826702442326884,10.5,-52.785714285714285,4.105904198210901
12210,44.91084228586865,-64.84406174093824,1.6188436373316581,10.868691383391807,-1.226288684769827,10.799290182647228,-0.003019189015247696,0.02377776300134384,43.1132581434566,-55.92376744859272,2.106880556045473,10.72714786601902,-6.313796699397557,8.672235731235224,0.05421785123603105,-0.03951992598045511,9.099613124254427,L,0.5,0.0,0.0,0.5,36.4624438316171,32.76388231551306,10.5,-52.785714285714285,4.099613124254427
12220,44.90596366657754,-64.73577735863176,1.6251179041681614,10.866021946418076,-1.2982529206749036,10.788186700924227,-0.003104925321147902,0.02407236632907668,43.058114149694056,-55.831897921527165,2.114499069091759,10.761413991342915,-6.369008671125526,8.674316090632097,0.06945839112638127,-0.05680222580152815,9.09360307400431,L,0.5,0.0,0.0,0.5,36.42216829449559,32.70030629409459,10.5,-52.785714285714285,4.09360307400431
12230,44.90041642869013,-64.62755814345873,1.6314433028389752,10.863120544105843,-1.3714116078906413,10.77620611149941,-0.0032358184430137985,0.024624825305194643,43.00198850206001,-55.740152280116355,2.1217822039129053,10.798107513529475,-6.427586622231116,8.676707675579333,0.0831226222786065,-0.07168183164141632,9.087904685480671,L,0.5,0.0,0.0,0.5,36.38156011523549,32.635991795114904,10.5,-52.785714285714285,4.087904685480671
12240,44.894176911586406,-64.51939175538045,1.6378121620627166,10.862022091508367,-1.445808054389709,10.765368687893492,-0.003055227317501532,0.02613306464259012,42.944954699227544,-55.648560061504426,2.1288052406181976,10.83014736186524,-6.48741648634424,8.672111577489394,0.09406663442884994,-0.08511485344770081,9.082462340919923,L,0.5,0.0,0.0,0.5,36.34059152501036,32.57101428219402,10.5,-52.785714285714285,4.082462340919923
12250,44.887249719514784,-64.41128707692195,1.6442203736384187,10.860377418695286,-1.5192845085852384,10.753584158710964,-0.002941320151191416,0.02652079294676122,42.88707695964647,-55.55715398628362,2.135623272116251,10.857378798094137,-6.547053217327354,8.661337571921997,0.1023194324740524,-0.09700570510903199,9.077244287560838,L,0.5,0.0,0.0,0.5,36.29926839477537,32.505440037076184,10.5,-52.785714285714285,4.077244287560838
12260,44.8796518183032,-64.3032707002458,1.6506792298035735,10.856421773874006,-1.5926024462046433,10.73897160721587,-0.0032168114108231047,0.025724915904168717,42.828406466476295,-55.465962066774864,2.1422726021243594,10.880580693569685,-6.605624291055426,8.645968075045145,0.10804130217810252,-0.10717270038871407,9.072245112242697,L,0.5,0.0,0.0,0.5,36.25761388880513,32.43932170729818,10.5,-52.785714285714285,4.0722451122426975
12270,44.87136945299244,-64.19534699027723,1.6571961380598879,10.85268157210287,-1.6681066973638545,10.723717515473405,-0.003503273668173629,0.02595323777581127,42.769004133390055,-55.375018735015836,2.1487644844647864,10.898311229355873,-6.659479059464195,8.626965069389247,0.1117101280194175,-0.11674611106826425,9.067421379181038,L,0.5,0.0,0.0,0.5,36.21561481636249,32.37272193208222,10.5,-52.785714285714285,4.067421379181038
12280,44.86234592081473,-64.0874715861005,1.6637449193554925,10.85426028445351,-1.7455957763854237,10.712976323512068,-0.0029375690255326386,0.028739806315531947,42.70892894825317,-55.284357060137246,2.1551017424674774,10.910621400373389,-6.707874702282384,8.605002982031197,0.11352859660052299,-0.12570179882418736,9.062672344013192,L,0.5,0.0,0.0,0.5,36.17320189392371,32.30570104033957,10.5,-52.785714285714285,4.062672344013192
12290,44.852574369460996,-63.97962721366693,1.670294056880208,10.857831277614602,-1.8198218972948617,10.704239735510042,-0.0019215026529689372,0.0298838724922245,42.648227250205004,-55.19399995746785,2.1612907190379413,10.919018656675423,-6.752379734995007,8.580812102549194,0.1136106508851252,-0.13334334183472438,9.057946373601487,L,0.5,0.0,0.0,0.5,36.13036191969206,32.23830571242225,10.5,-52.785714285714285,4.057946373601487
12300,44.842077229092595,-63.871825887687514,1.6768330753328593,10.860296199050332,-1.8906710627690344,10.694456342587728,-0.0009917181102226504,0.028485725405456,42.58693521133538,-55.1039603194699,2.167341165013845,10.924857050216337,-6.794322486613352,8.555096931979309,0.1121659708562181,-0.1392607402860121,9.053238765358511,L,0.5,0.0,0.0,0.5,36.087118738690755,32.17057158226223,10.5,-52.785714285714285,4.053238765358511
12310,44.83087630765765,-63.76409115623641,1.6833704548401203,10.860684306402316,-1.9605430972537632,10.68226260523229,-0.00041903706800274637,0.02564581679388369,42.525081524984465,-55.01424325298637,2.173264541358673,10.929142977458751,-6.834594344174655,8.52845158116711,0.10942021588169958,-0.14325543630720355,9.04856496411514,L,0.5,0.0,0.0,0.5,36.04349909155469,32.102526194053205,10.5,-52.785714285714285,4.04856496411514
12320,44.81897593373893,-63.656439605398276,1.6899179828984292,10.859961438957834,-2.0314582879026153,10.66826788565805,-0.0001373181761409027,0.02287333035053952,42.462689583080724,-54.92484874688833,2.1790724997127553,10.932536494630325,-6.873718671404072,8.501314359133826,0.10558110707348416,-0.14527799393905755,9.043935221280206,L,0.5,0.0,0.0,0.5,35.999510803850804,32.03419144644296,10.5,-52.785714285714285,4.043935221280206
12330,44.80638011650744,-63.548888562266534,1.6964869303436074,10.858044043950791,-2.1033782979276534,10.652366882349773,-0.00014563509594658588,0.020160822250037777,42.39977912689745,-54.83577401711325,2.1847759906011284,10.935415911891358,-6.911969077362438,8.473960386952028,0.1008264512468165,-0.14537599804154944,9.039363550613144,L,0.5,0.0,0.0,0.5,35.95516148212566,31.96558545134354,10.5,-52.785714285714285,4.039363550613144
12340,44.793107399229356,-63.44146973100875,1.7030973243086605,10.853336827681263,-2.176029318811656,10.632958981336026,-0.0006600703188450127,0.01692571464474045,42.336367380777965,-54.747015199570534,2.1903849046388624,10.937965022716348,-6.949476000149207,8.446529592768643,0.09530640629912267,-0.14365635010192726,9.034883016260206,L,0.5,0.0,0.0,0.5,35.9104767331903,31.89672380164704,10.5,-52.785714285714285,4.034883016260206
12350,44.77914280922517,-63.33419012007814,1.7097610969847317,10.848753179461537,-2.2514923978669388,10.612550472493604,-0.0013226890069904548,0.01537205305280753,42.27246978035965,-54.65856840332428,2.1959080409787846,10.94024968677054,-6.986300181424615,8.419066039882885,0.08915101097687289,-0.14026179726710894,9.030493997885886,L,0.5,0.0,0.0,0.5,35.865442617698335,31.82762037114487,10.5,-52.785714285714285,4.030493997885886
12360,44.76446446215605,-63.22704321006824,1.7164751645510647,10.845622729247195,-2.3285621510468975,10.592701765549487,-0.0018316285550641666,0.015115409783847417,42.208100398350446,-54.57043026339327,2.2013532207966175,10.942275226440614,-7.022476624171723,8.391555826790269,0.08247778181722128,-0.13535646720462718,9.026181082565172,L,0.5,0.0,0.0,0.5,35.82003454192786,31.758287768594425,10.5,-52.785714285714285,4.026181082565172
12370,44.74905735614247,-63.12002028839755,1.7232285431535215,10.843983741534663,-2.4056275717761997,10.573785479788128,-0.002073669544220505,0.015247275710889376,42.14324858153152,-54.48261113713049,2.2067078257447155,10.944385993368163,-7.0579558206562245,8.364499052872095,0.07210882826104653,-0.12516594580147872,9.021921980167603,L,0.5,0.0,0.0,0.5,35.77423388895186,31.68871470597921,10.5,-52.785714285714285,4.021921980167603
12380,44.73290417369644,-63.01310628971292,1.7300042060785519,10.844473594581496,-2.482160039456994,10.556585105141632,-0.0019267873490377938,0.0156658843722335,42.077946105238155,-54.395098558782564,2.2119902310029973,10.945874037786789,-7.092308629682432,8.337344706345478,0.06260446105222527,-0.11540151626393351,9.017697022834998,L,0.5,0.0,0.0,0.5,35.728018072220834,31.618931006024305,10.5,-52.785714285714285,4.017697022834998
12390,44.715975719989665,-62.90627119967787,1.7367727104851765,10.848715222402449,-2.5577425049560056,10.5428921674808,-0.001143538660928188,0.016606956749381174,42.012214342991534,-54.30788355422797,2.2172129231159765,10.947036906029345,-7.125873748029917,8.310206997969821,0.053487542506326355,-0.10545362579118306,9.013467461813587,L,0.5,0.0,0.0,0.5,35.68134900364192,31.54895643409856,10.5,-52.785714285714285,4.013467461813587
12400,44.69830531622151,-62.799530527457165,1.7435252048029726,10.851188091992086,-2.629130890948623,10.527865584535668,-0.00030703958290830154,0.014485263312681552,41.94601095931761,-54.22089861597966,2.2223829435470126,10.95616172714883,-7.163667299738363,8.289713542101445,0.04092105332780074,-0.08766297147362032,9.009331257072596,L,0.5,0.0,0.0,0.5,35.634261634344234,31.478744563838035,10.5,-52.785714285714285,4.009331257072596
12410,44.67991862310821,-62.69290878505525,1.7502736769180534,10.85135097863078,-2.699563328460672,10.510193903875491,0.00021038948689956088,0.011243025706427934,41.87937725645622,-54.13412927432153,2.227530935993589,10.96420182343568,-7.20080280014391,8.268141306150369,0.03040691890828652,-0.0725562644222418,9.005317243700208,L,0.5,0.0,0.0,0.5,35.586786029790204,31.408335517574038,10.5,-52.785714285714285,4.005317243700208
12420,44.6608489123859,-62.58644699287713,1.7570470150225517,10.847554356982162,-2.770400456515818,10.487817544094655,7.211163377936485e-05,0.007148558651979466,41.81233240083861,-54.0475874419871,2.2326708923720022,10.970424464177448,-7.237532109233696,8.244291473015393,0.020152212913565743,-0.058053191389964155,9.0014537018408,L,0.5,0.0,0.0,0.5,35.53896396931273,31.337748550958946,10.5,-52.785714285714285,4.0014537018408
12430,44.641094580413224,-62.480168043872524,1.763870372212778,10.842279471228746,-2.844392006431525,10.462526379702789,-0.0005962883413325453,0.004635252160081725,41.74476269875927,-53.961241872802475,2.2377844469256454,10.986300009286511,-7.28316776126589,8.225220681252631,0.008263383122471473,-0.03773933818269548,8.997824263499892,L,0.5,0.0,0.0,0.5,35.49079842463099,31.266868426655456,10.5,-52.785714285714285,3.9978242634998917
12440,44.620625605815725,-62.3740679012857,1.7707468758306342,10.838596794425563,-2.921479827925348,10.437439153698447,-0.0013235366464796148,0.004506980025595961,41.67672653717092,-53.87510268290939,2.24290043041489,10.998145812431035,-7.326344316609445,8.202675799151079,-0.0015872569835822716,-0.021663118571026718,8.994384443058788,L,0.5,0.0,0.0,0.5,35.44225750131457,31.19575363176022,10.5,-52.785714285714285,3.994384443058788
12450,44.59943223999699,-62.268146268151156,1.7776707346442289,10.835593465631353,-2.998701798095231,10.412390372941907,-0.0019310500983714411,0.004746352645207873,41.608258503255286,-53.78920855184878,2.248027515302741,11.005196861335191,-7.367188549059956,8.175505540291793,-0.010705011986331855,-0.008157894886737908,8.9910791966431,L,0.5,0.0,0.0,0.5,35.39332981497627,31.124439719415346,10.5,-52.785714285714285,3.991079196643099
12460,44.57745682725071,-62.16236113436874,1.7846094190422432,10.838270745851437,-3.0772439395830897,10.392241456811817,-0.0018609814010029087,0.0075049230677882856,41.539345207253845,-53.70362506796601,2.2531310876951665,11.008329819591196,-7.405943164976254,8.144650468500306,-0.020230976750037648,0.0045787580042944455,8.987788273909342,L,0.5,0.0,0.0,0.5,35.34394672270653,31.052914695713287,10.5,-52.785714285714285,3.9877882739093415
12470,44.55472502689656,-62.05671696771486,1.7915441187232186,10.840198170285419,-3.1510880700353243,10.372103949823314,-0.0013526495863870863,0.007261991763404454,41.47000473492063,-53.61836297470403,2.2581824532548396,11.009575940446917,-7.440446112236002,8.114833580510433,-0.026750428818001878,0.0131738723220346,8.984504293008602,L,0.5,0.0,0.0,0.5,35.29413247817825,30.981195863302027,10.5,-52.785714285714285,3.9845042930086016
12480,44.53126994864401,-61.95123707927291,1.798483221529679,10.839611851327168,-3.2228161626704064,10.34942708892926,-0.0009810904248224906,0.00527596501260874,41.400250584421514,-53.53342633083651,2.2631778143567174,11.009904646327524,-7.47354659849516,8.084806835128827,-0.031151130528912902,0.019046634479510476,8.981248245963783,L,0.5,0.0,0.0,0.5,35.24392348188157,30.909295680789345,10.5,-52.785714285714285,3.9812482459637835
12490,44.50713139670741,-61.845963512571984,1.8054576112205145,10.834713869855902,-3.2945251897560004,10.321682441138705,-0.001213894690744064,0.0022139257299476326,41.33021035971649,-53.448856019451526,2.2681512537731225,10.99933268525544,-7.497969957288138,8.047718064180255,-0.03312389441872365,0.01865577207347433,8.97798649621925,L,0.5,0.0,0.0,0.5,35.19336729961625,30.837341451289117,10.5,-52.785714285714285,3.97798649621925
12500,44.48229202214902,-61.740908144094995,1.8124870733691503,10.829834805442422,-3.3701534714939747,10.292103161732747,-0.0019266282062456008,0.0015933406501496329,41.25984958842427,-53.364664251725344,2.273107105738199,10.990383957362656,-7.526124811308732,8.009118856332297,-0.035445972665382935,0.019840177877949235,8.974719883268211,L,0.5,0.0,0.0,0.5,35.14244823742069,30.765297491908456,10.5,-52.785714285714285,3.974719883268211
12510,44.456651990560715,-61.636012385511926,1.8195335847679601,10.833537920598454,-3.4503999294427814,10.269385775397957,-0.002051061245535463,0.005994691995826628,41.18913634628263,-53.280844869776814,2.278057478340586,10.984303128437702,-7.558594202728108,7.970104697925325,-0.03733173796553082,0.02181930178132131,8.97137016857499,L,0.5,0.0,0.0,0.5,35.09105286057021,30.693130240755824,10.5,-52.785714285714285,3.9713701685749907
12520,44.430246004071805,-61.531281423691674,1.8265710244930986,10.836020369965869,-3.524255547373777,10.246900033430618,-0.0014731820444741346,0.006257797241016444,41.118047199439054,-53.197387012967575,2.283015333080594,10.9808816101724,-7.594654961406346,7.931013614526731,-0.03840597886043067,0.023978793019355175,8.967968385900399,L,0.5,0.0,0.0,0.5,35.03921429572445,30.620814632230832,10.5,-52.785714285714285,3.9679683859003987
12530,44.403094768129854,-61.426726189882345,1.8335979851979654,10.837376555481471,-3.595950693503534,10.223398124654585,-0.000829593601987739,0.005278919014882418,41.0466102455741,-53.114250124483846,2.2880186982421025,10.978888809612949,-7.631856498018308,7.892449929362881,-0.03660985533409782,0.02359905876928809,8.964555018961022,L,0.5,0.0,0.0,0.5,34.98695359108546,30.548376933846562,10.5,-52.785714285714285,3.964555018961022
12540,44.37527777643537,-61.32240845414616,1.8406545380676562,10.831359351563302,-3.665008120325011,10.192451171364498,-0.0008212904925990177,0.0009576200884464491,40.97479256993034,-53.03145353856618,2.2930565179056654,10.977879642812672,-7.6710611122696015,7.852939759345283,-0.03577438419050329,0.024626643696424092,8.961207120239957,L,0.5,0.0,0.0,0.5,34.93436119003745,30.47578333629299,10.5,-52.785714285714285,3.9612071202399566
12550,44.34672098519137,-61.21830742926062,1.8477454182891955,10.830176305600691,-3.741418448467288,10.163390517138621,-0.0012898404780305479,0.0023976371426283538,40.902678810038445,-52.94917069080167,2.2980952903943983,10.958962691751488,-7.698690292735813,7.799296830851891,-0.038424578899041134,0.02386318312031255,8.957681000323886,L,0.5,0.0,0.0,0.5,34.88135818132629,30.403118208873327,10.5,-52.785714285714285,3.957681000323886
12560,44.31739863440678,-61.114407340936076,1.854847787317628,10.831612622030132,-3.817459380658983,10.136608696735866,-0.0013235209288130147,0.004136151388198024,40.83025724259941,-52.86739916549992,2.303147743458028,10.941346401508696,-7.728650231949591,7.744741872392702,-0.04051343968172855,0.023643769904545878,8.953954374027548,L,0.5,0.0,0.0,0.5,34.82791378200074,30.330367238492833,10.5,-52.785714285714285,3.953954374027548
12570,44.2873365515565,-61.01071966413486,1.861954584727588,10.83159477514784,-3.8901980907050486,10.108897278540562,-0.0010778744082739927,0.003761938815649352,40.757514435015445,-52.78611160005456,2.3082334534784517,10.926945442851078,-7.761806143342202,7.691066382772886,-0.0412248441679047,0.023375178524127203,8.950073853447082,L,0.5,0.0,0.0,0.5,34.77405390119469,30.25751443762403,10.5,-52.785714285714285,3.9500738534470816
12580,44.256575529044596,-60.907276193024416,1.8690851234544725,10.827950070009882,-3.961364626531502,10.077305841061486,-0.0011026601439433562,0.0018029345023958892,40.68443468857724,-52.70528110913991,2.313368047483103,10.91584217998708,-7.797965882087202,7.638542963169683,-0.04067387715371117,0.023117870545141868,8.946111643624867,L,0.5,0.0,0.0,0.5,34.71982372164875,30.184541854480397,10.5,-52.785714285714285,3.9461116436248673
12590,44.22506558397136,-60.80406137912712,1.876235597631332,10.827950971363352,-4.036650831097538,10.047386342031848,-0.0013598982461324502,0.0032688519249761652,40.611060840348664,-52.624841004978634,2.3185974340376077,10.906837318271567,-7.834479522225038,7.588150690588442,-0.03583458975826843,0.019365540367200063,8.942073373430405,L,0.5,0.0,0.0,0.5,34.665168956080564,30.11149058322476,10.5,-52.785714285714285,3.9420733734304054
12600,44.192790419809725,-60.70106379797719,1.8833864897191794,10.82994018060048,-4.11110404672705,10.019302761787829,-0.0012072438499658314,0.0046362659157744264,40.53734852816944,-52.54480563263231,2.3239096483567425,10.900043156357569,-7.873911567133387,7.537403892814853,-0.03250518256720534,0.017990629541477243,8.937941747567711,L,0.5,0.0,0.0,0.5,34.610069115425105,30.03831459289706,10.5,-52.785714285714285,3.937941747567711
12610,44.159758543416324,-60.59828374037858,1.8905255277860615,10.832041584165221,-4.183268067413496,9.991666185238733,-0.0006992608743829243,0.0048112043174121065,40.46326706488725,-52.46519185767463,2.3292966521853447,10.894425422496012,-7.915360731001965,7.485691002468605,-0.030338811143965062,0.018235770822439937,8.933713271833994,L,0.5,0.0,0.0,0.5,34.55453062458007,29.964981358723275,10.5,-52.785714285714285,3.9337132718339944
12620,44.12603715955278,-60.49576294656349,1.8976763772057663,10.828628457633426,-4.251905743763281,9.958940296016504,-0.00033416470254458096,0.0018010546144257497,40.38879984714481,-52.38601197999439,2.3347562682697864,10.889393434306365,-7.958062853563325,7.432908245488446,-0.028815926033248,0.019288117041897746,8.929445865731127,L,0.5,0.0,0.0,0.5,34.49862642784908,29.891472333023035,10.5,-52.785714285714285,3.929445865731127
12630,44.09156485971742,-60.39348406861966,1.9048365173176058,10.829594362090381,-4.325882435100787,9.928084165895566,-0.00046798014754653895,0.0031493113378475183,40.31393950697523,-52.307275079046065,2.3402899851976406,10.88456603307513,-8.001491657592949,7.37901815838959,-0.02759912573981914,0.02061521277462639,8.925089866703939,L,0.5,0.0,0.0,0.5,34.442290730935575,29.81777813654223,10.5,-52.785714285714285,3.9250898667039387
12640,44.05638079975867,-60.291469419898796,1.9120104166938547,10.827627874671219,-4.396697852315826,9.894775054936751,-0.00037293763183057576,0.0018965081894301255,40.23868321102935,-52.228989051403396,2.3459008219231134,10.87972787751683,-8.045356215425867,7.323982663532542,-0.026543651640022484,0.021957609085104163,8.920672876603167,L,0.5,0.0,0.0,0.5,34.385564594939396,29.743893862648132,10.5,-52.785714285714285,3.9206728766031667
12650,44.020454756683534,-60.18971188258341,1.919193446211425,10.827963964138165,-4.469702594847431,9.862381168981901,-0.0005038668778166563,0.002739654689001359,40.16302962679415,-52.15116189829179,2.3515920161713684,10.874778604754567,-8.089526723573483,7.267762179035452,-0.025623143400677027,0.023226084835833202,8.916165907084556,L,0.5,0.0,0.0,0.5,34.32841487032734,29.669816031995396,10.5,-52.785714285714285,3.9161659070845563
12660,43.98380940918993,-60.08822506907114,1.9263871076055956,10.826735974542826,-4.540716974806611,9.828535049393825,-0.0004599093043761791,0.0021027820639990475,40.086977428822536,-52.0738021578912,2.357366467660112,10.869691613977638,-8.133962976616912,7.210328846730994,-0.024857321820309367,0.024408982389152272,8.911580896926203,L,0.5,0.0,0.0,0.5,34.27086453960564,29.595541087322527,10.5,-52.785714285714285,3.9115808969262034
12670,43.94641616547388,-59.98699980038459,1.9335826908118476,10.827939580736345,-4.61331215365672,9.796000537821543,-0.0005004521303570038,0.0031159956448098586,40.010524785943446,-51.996918873474584,2.3632266168546634,10.86447990284283,-8.178663297422121,7.151670450088989,-0.024270564083880144,0.025516923053948266,8.906886895545098,L,0.5,0.0,0.0,0.5,34.212881600032944,29.521064874833918,10.5,-52.785714285714285,3.9068868955450977
12680,43.90829536136548,-59.886045662876306,1.940777926560196,10.82799194631345,-4.683703148572791,9.762598752662031,-0.00026039420465021534,0.002621763603510291,39.93365479271124,-51.92052008890044,2.369168455133196,10.860285168842845,-8.224491042642622,7.092498927605074,-0.024059054803892144,0.027052858573364598,8.902098927761683,L,0.5,0.0,0.0,0.5,34.154485863759476,29.446368119934476,10.5,-52.785714285714285,3.902098927761683
12690,43.86944943751482,-59.78536895397914,1.9479748592399617,10.827950567234828,-4.754037104307062,9.728496528105088,-0.00010560450285817939,0.0022756808903174964,39.856353944861816,-51.84461121477136,2.3751837674349248,10.857027113982063,-8.270777087404428,7.033440418757212,-0.02383803888802339,0.02857326561114233,8.89722253885672,L,0.5,0.0,0.0,0.5,34.09567892325683,29.371434965390133,10.5,-52.785714285714285,3.8972225388567203
12700,43.82987733685402,-59.684974144171846,1.9551733761813264,10.82810585036223,-4.824399562267139,9.693969525960219,9.53180978434887e-06,0.002097076801975409,39.77861252866984,-51.76919650249503,2.3812638072820045,10.854520986453831,-8.317133158066612,6.974662850371734,-0.0234496641757689,0.029848758063728255,8.892259680109563,L,0.5,0.0,0.0,0.5,34.036458539105666,29.29625334420058,10.5,-52.785714285714285,3.8922596801095626
12710,43.78958726960089,-59.584869774424305,1.962375545568855,10.827723070500143,-4.894174169145283,9.658501234327826,0.00011920373979070114,0.0016040356845283233,39.70042391549751,-51.69428004049847,2.3874008531051207,10.852576335448566,-8.363370901806096,6.916100077034839,-0.022844779482173113,0.03076297292610625,8.887219097427371,L,0.5,0.0,0.0,0.5,33.976832341170784,29.220814252111264,10.5,-52.785714285714285,3.887219097427371
12720,43.74859024881397,-59.48506770564082,1.9695877857081117,10.82641877636997,-4.963587941046584,9.621545524126214,0.00011636629265858384,0.0009000427501642686,39.62178371272059,-51.61986622411018,2.393588520755532,10.85103401727841,-8.40940491798604,6.857612424852068,-0.022032177957256226,0.031272776243857894,8.882112729042273,L,0.5,0.0,0.0,0.5,33.91681131501912,29.145110881813856,10.5,-52.785714285714285,3.882112729042273
12730,43.70684187541163,-59.3855526748055,1.9767951041381187,10.828818287694844,-5.0353696431203945,9.586884690297255,-3.348274413911876e-05,0.002464491144863825,39.54268905886985,-51.545959844612184,2.3998215690684677,10.849777385267235,-8.45519580577955,6.79906855354351,-0.021042996448426738,0.031375996456577605,8.8769017355568,L,0.5,0.0,0.0,0.5,33.856346732934924,29.069137910237906,10.5,-52.785714285714285,3.8769017355567996
12740,43.66436860237882,-59.28633215683878,1.983990869114573,10.829891843780729,-5.103891374832064,9.551798269535595,0.00037462053776460323,0.0019038738201075955,39.46313812552416,-51.47256597960356,2.406095595475117,10.848729488287658,-8.50072247291393,6.740374540671925,-0.019911273752224137,0.031090922641149432,8.87159959602312,L,0.5,0.0,0.0,0.5,33.79546385982641,28.992891000244054,10.5,-52.785714285714285,3.8715995960231204
12750,43.62117772818809,-59.18741269199808,1.9911769321184318,10.830644710241073,-5.171881182892881,9.516013339078054,0.000740257883841858,0.0012419597501576443,39.383129786546434,-51.399689817939525,2.412406780170983,10.847845478016332,-8.54597161251045,6.681475938225395,-0.01866626545920519,0.030445808093652483,8.866209895935684,L,0.5,0.0,0.0,0.5,33.734168977273455,28.91636647457208,10.5,-52.785714285714285,3.8662098959356843
12760,43.577276665544,-59.0888023282476,1.99835686330996,10.830950514707402,-5.239531046915628,9.479282855809702,0.001044058686546644,0.00045324390140371,39.30266346322289,-51.32733652123453,2.418751730460061,10.847098049907043,-8.59093018581022,6.622345101762059,-0.017331352437585056,0.029472621334949867,8.86073752589992,L,0.5,0.0,0.0,0.5,33.672468731604276,28.83956116655737,10.5,-52.785714285714285,3.8607375258999195
12770,43.532646688905515,-58.990497303075564,2.0055237163551594,10.8329479299922,-5.308095259398262,9.443351395086173,0.0012351685890417772,0.0006916221290819181,39.22173897400257,-51.2555111024051,2.4251273736430723,10.846476528025065,-8.63558957038229,6.562975380488888,-0.015925460771416627,0.028207376332891956,8.855164416936153,L,0.5,0.0,0.0,0.5,33.61034185435482,28.762472276787122,10.5,-52.785714285714285,3.8551644169361534
12780,43.48733068555265,-58.892517053082926,2.012686724162123,10.831894053802252,-5.373641614841637,9.404993598511311,0.0017092152030161148,-0.001214044682539371,39.14035650525965,-51.18421837669722,2.4315309155419915,10.845973803885123,-8.679939686481333,6.503367957728416,-0.01446494411948423,0.026686987626332224,8.849522755974112,L,0.5,0.0,0.0,0.5,33.5478319090451,28.685097348535656,10.5,-52.785714285714285,3.849522755974112
12790,43.44128873717252,-58.7948534171794,2.01983927411716,10.833932628746627,-5.442107939815542,9.367900371781152,0.0016702594740424445,-0.0005368179008175355,39.05851658305944,-51.11346294146043,2.437959812191788,10.845584655991011,-8.723970087377728,6.4435279501843,-0.01296504575294872,0.02494958735313443,8.843780379189376,L,0.5,0.0,0.0,0.5,33.48489594977226,28.607434243273897,10.5,-52.785714285714285,3.8437803791893757
12800,43.39455707611903,-58.697520199149956,2.0269843743055045,10.83362627757986,-5.507484041181772,9.329259234172719,0.00208467022341031,-0.0019769491377423874,38.97622006047138,-51.043249179204444,2.4444117506787193,10.845303310486372,-8.767669313405541,6.3834613421883795,-0.011440709501819591,0.023033825400474967,8.837961689813998,L,0.5,0.0,0.0,0.5,33.42156989718145,28.52948113057433,10.5,-52.785714285714285,3.837961689813998
12810,43.34709206037646,-58.60050487105268,2.034108823684703,10.836955370297815,-5.575410473560096,9.292706804217113,0.0021189398009130475,-0.0009638770902876375,38.893468110449035,-50.9735812723265,2.4508846321270523,10.845122425311349,-8.811024621404139,6.323173692142353,-0.009906847056698115,0.020978244845202946,8.832028638323896,L,0.5,0.0,0.0,0.5,33.35780637833049,28.4512364827488,10.5,-52.785714285714285,3.832028638323896
12820,43.29896542803153,-58.5038328429691,2.04122620785219,10.835262019085363,-5.638098681954433,9.252823691975196,0.002860220873206566,-0.003729785925379079,38.81026220554603,-50.90446319681985,2.4573765626280264,10.84503549540151,-8.854024040642804,6.262671409569399,-0.008377524842514618,0.01882080022640684,8.826033969930457,L,0.5,0.0,0.0,0.5,33.293678273570634,28.37269905747838,10.5,-52.785714285714285,3.8260339699304566
12830,43.25012586983292,-58.40749560412671,2.048332154974488,10.837357197725906,-5.705023880241424,9.214174599874726,0.002706236783671145,-0.002948696756855515,38.72660415747304,-50.8358988408924,2.463885801141662,10.845024744059456,-8.896647003170743,6.201954030806329,-0.006869794536968886,0.016597928785987856,8.819939128316678,L,0.5,0.0,0.0,0.5,33.22913134106804,28.293867931612677,10.5,-52.785714285714285,3.819939128316678
12840,43.20061030248801,-58.31150559389558,2.055429255367239,10.837109698484266,-5.768746264255069,9.174121928316897,0.00310622826818929,-0.004339222880138065,38.64249603450205,-50.76789186014821,2.470410801087055,10.845086692318345,-8.938884284449122,6.141030297362892,-0.005394601149800381,0.014344623144853614,8.813768424686408,L,0.5,0.0,0.0,0.5,33.16420184079148,28.214742430032587,10.5,-52.785714285714285,3.8137684246864083
12850,43.15043066581282,-58.21587479376405,2.0625282369990536,10.835874684521063,-5.832446459915858,9.132291523536654,0.003184453497749382,-0.00546563145412153,38.557940185348954,-50.700445802296294,2.4769501496867283,10.845207655313075,-8.980719065778397,6.0799024785292195,-0.003966332273798558,0.012093846139983575,8.807533238026712,L,0.5,0.0,0.0,0.5,33.09890127793117,28.135322143038564,10.5,-52.785714285714285,3.8075332380267124
12860,43.09957041181085,-58.120604616132155,2.0696287073274995,10.835902456097322,-5.897581991522442,9.090396509026775,0.0028921924253488035,-0.00528589006694054,38.472939216144425,-50.63356409461055,2.483502563921694,10.84537583927778,-9.0221363839474,6.018573931143718,-0.0025973385459210296,0.009876099493287308,8.80122105117354,L,0.5,0.0,0.0,0.5,33.033211255828576,28.055606905486442,10.5,-52.785714285714285,3.80122105117354
12870,43.04801955432559,-58.02569284558742,2.0767218992451317,10.837093280497948,-5.962642400096258,9.049280986840232,0.0026877316080569716,-0.0047584535868361606,38.387495969882806,-50.56725004963324,2.4900668786361404,10.845580154579956,-9.06312230172114,5.9570481812273,-0.0012987163566403495,0.00771914170168643,8.794819442243728,L,0.5,0.0,0.0,0.5,32.96711925869003,27.975596777137756,10.5,-52.785714285714285,3.7948194422437282
12880,42.995778193782755,-57.931138125636025,2.083799346877923,10.8388587258448,-6.02672753876347,9.008851960840069,0.0027432568469361726,-0.004467755533178808,38.30161350576309,-50.50150687343436,2.4966420344466744,10.845810173419578,-9.103663958927847,5.895328730509416,-8.031032159311444e-05,0.0056478306508375275,8.788321948013877,L,0.5,0.0,0.0,0.5,32.90062289550096,27.895292022600216,10.5,-52.785714285714285,3.788321948013877
12890,42.94283973529955,-57.8369367747538,2.090851047522234,10.841743954881244,-6.090313739578649,8.969475488383003,0.002977087296546875,-0.0040608446635343005,38.21529507851342,-50.43633767386319,2.5032270667731944,10.846056235370126,-9.143749718553847,5.833418975631498,0.0010493521355388947,0.003683970512883543,8.781716548261507,L,0.5,0.0,0.0,0.5,32.833712837937014,27.814693091123317,10.5,-52.785714285714285,3.7817165482615067
12900,42.889268543014715,-57.74311041764507,2.097894770734734,10.840077284333432,-6.149736084012559,8.9268147526044,0.0037492045844891714,-0.006465398886565037,38.12854411811398,-50.37174546849357,2.509821096133803,10.84630953097724,-9.183369273737647,5.771322138291973,0.002083118948967253,0.001846204067162409,8.775050898053284,L,0.5,0.0,0.0,0.5,32.76645377761233,27.733800596692195,10.5,-52.785714285714285,3.7750508980532835
12910,42.835064252493154,-57.64967315944093,2.104948750513056,10.837957054832717,-6.211054293907169,8.881673135200122,0.0036250582496694626,-0.007372183628405272,38.04136421020502,-50.30773319227647,2.5164233196127888,10.846562152769456,-9.222513708716617,5.7090412002739015,0.0030152513239544783,0.00014995918596824283,8.76833180125388,L,0.5,0.0,0.0,0.5,32.69884518049781,27.652615298712654,10.5,-52.785714285714285,3.768331801253879
12920,42.780243315756586,-57.55664164176978,2.1120289071985865,10.834216055763035,-6.272437492488328,8.833842054609097,0.0031392883286730238,-0.008189535319550169,37.95375907734476,-50.24430370492861,2.5230330033637944,10.846807121850977,-9.261175522510596,5.646578847398456,0.0038414395092266147,-0.0013925500437817259,8.761577267033847,L,0.5,0.0,0.0,0.5,32.63090339480669,27.571138083456393,10.5,-52.785714285714285,3.7615772670338465
12930,42.72473693270341,-57.464003527782175,2.1191175310296075,10.8356560537863,-6.338299407867774,8.788481252877467,0.0017929759537979812,-0.005407372726753406,37.86573256121144,-50.1814597980595,2.5296494760127235,10.847038397085763,-9.299348623341839,5.583937425276463,0.004558797274172054,-0.002772270537749601,8.75473395698014,L,0.5,0.0,0.0,0.5,32.56255611303245,27.489369946366867,10.5,-52.785714285714285,3.7547339569801395
12940,42.668553386164405,-57.37175358910077,2.1261959528618406,10.837413647324725,-6.401374103301268,8.744823849158088,0.0014244736812377302,-0.004145291846713844,37.77728860581107,-50.11920420201722,2.536272122841049,10.847250870910317,-9.337028299316481,5.521118907814595,0.005165836692282659,-0.0039832105035436625,8.747796509042198,L,0.5,0.0,0.0,0.5,32.493808386379015,27.407311975295364,10.5,-52.785714285714285,3.747796509042198
12950,42.611718363944895,-57.27989687347312,2.133264142328414,10.837840013162413,-6.461983206126697,8.700663721500836,0.0015536674670454426,-0.004185783024868751,37.68843124174423,-50.057539592423936,2.5429003806489847,10.847440353189883,-9.374211168636558,5.458124877814898,0.0056624249448849265,-0.0050222985060742855,8.740778042185434,L,0.5,0.0,0.0,0.5,32.42468401414932,27.324965334729406,10.5,-52.785714285714285,3.7407780421854344
12960,42.55419703805946,-57.18842585430661,2.140309615558072,10.841302223578351,-6.524514814937918,8.658206530952038,0.0013450702025600207,-0.0025330519165177503,37.59916457162731,-49.99646859638435,2.5495337332240995,10.847603539367954,-9.410895108224974,5.394956515978182,0.006049724849414598,-0.005889208387688233,8.733647344791143,L,0.5,0.0,0.0,0.5,32.35514513815317,27.24233125111701,10.5,-52.785714285714285,3.7336473447911427
12970,42.49602205357385,-57.097345474651256,2.1473305380535366,10.843015341335555,-6.583782717673062,8.615380828431654,0.001965499216793301,-0.0029257366827713715,37.50949275750338,-49.935993798560595,2.5561717075358596,10.847737891835726,-9.447079103713417,5.331614556412521,0.006330121839440959,-0.006586174837062236,8.726421503068458,L,0.5,0.0,0.0,0.5,32.28522248277373,27.15941100010328,10.5,-52.785714285714285,3.726421503068458
12980,42.43720396507047,-57.00666282597001,2.1543322784193575,10.84414329458627,-6.642578200628318,8.571557538864091,0.002454374608752124,-0.003346271919460073,37.41941254962177,-49.87611851313758,2.562810815505973,10.848413632924414,-9.483268253209076,5.268368019481665,0.006363930552800084,-0.006886925726059899,8.719110785293285,L,0.5,0.0,0.0,0.5,32.21492516964769,27.07619839594418,10.5,-52.785714285714285,3.719110785293285
12990,42.377719446739114,-56.91637569456672,2.1613065912436227,10.847297456687313,-6.7026877048084685,8.528648172228962,0.002621591932659529,-0.0025763412330286773,37.32892230532439,-49.81684419429924,2.569445561232765,10.849575912269643,-9.51919012899576,5.20560436108348,0.00639517380147361,-0.006983997055253571,8.711699036264259,L,0.5,0.0,0.0,0.5,32.14422748798906,26.992689041383617,10.5,-52.785714285714285,3.7116990362642586
13000,42.3175865412425,-56.82648665971969,2.1682491865105558,10.849687151230011,-6.760654075827512,8.485827463869533,0.003320881311627149,-0.002975929259618459,37.238029667252015,-49.75817035568186,2.576073335818719,10.85055279951936,-9.554167400548106,5.143187857492785,0.00667260907295942,-0.007210164213768848,8.704194012660274,L,0.5,0.0,0.0,0.5,32.07314538189201,26.908887987710028,10.5,-52.785714285714285,3.704194012660274
13010,42.256829946576666,-56.73700431645579,2.1751672213527375,10.850527875351814,-6.817005633013966,8.441705359300489,0.004141758329283458,-0.004153904027603941,37.146742392458464,-49.70009790372454,2.5826942121719174,10.85128750911463,-9.588369344796611,5.080709981216385,0.006990545765449024,-0.007445168135805262,8.696611217726817,L,0.5,0.0,0.0,0.5,32.001702160398054,26.82480025250601,10.5,-52.785714285714285,3.696611217726817
13020,42.19551092603193,-56.6479523398675,2.182090906254721,10.84659912069413,-6.870618317223064,8.393051675289602,0.00498891517667957,-0.007036345640197249,37.05506760047761,-49.642628685739794,2.5893092362619243,10.85179503322423,-9.62191978395634,5.017979186307934,0.007248220145358247,-0.007624770394015242,8.688999774560772,L,0.5,0.0,0.0,0.5,31.92995921778101,26.740430107885373,10.5,-52.785714285714285,3.688999774560772
13030,42.1335118672273,-56.55931671553593,2.188995792059851,10.85124327415546,-6.932739368868468,8.347850348337909,0.0037000631425810936,-0.0037591791312803005,36.96300209940602,-49.58576629981252,2.5959155972346477,10.852852562143134,-9.655553541975952,4.95526937044319,0.007204833064200141,-0.007422663814259786,8.681277363370635,L,0.5,0.0,0.0,0.5,31.85779572337619,26.655771368047937,10.5,-52.785714285714285,3.6812773633706346
13040,42.070857018926105,-56.47108839808834,2.195857424114547,10.855413522024676,-6.9901440569406335,8.305292818280023,0.004217348414178682,-0.003370329641186115,36.87054398802789,-49.529512034521105,2.6025075954557546,10.854437549684551,-9.688978952445133,4.893107538065885,0.007164482419849565,-0.0070538656926014635,8.673450180324155,L,0.5,0.0,0.0,0.5,31.785232345503353,26.570819395065513,10.5,-52.785714285714285,3.6734501803241546
13050,42.00758022159811,-56.3832697255509,2.2026766749855615,10.857852611156845,-7.044445438573647,8.262490652857917,0.005376348802619394,-0.004537483043129441,36.77769326022184,-49.47386566412527,2.609079036221823,10.856456038550172,-9.72200311979088,4.8316967056872375,0.007264343983966004,-0.006639478154488066,8.665539920444575,L,0.5,0.0,0.0,0.5,31.712300713810382,26.48557162627662,10.5,-52.785714285714285,3.6655399204445747
13060,41.94376820686941,-56.29588534836734,2.209491774754354,10.853833637421857,-7.09436943384442,8.214354932979472,0.006924347880119575,-0.008439345061974359,36.68444939011059,-49.41882658250555,2.615623373211934,10.858972758344382,-9.754673872082746,4.771124292634979,0.007508641940549108,-0.006182691048329165,8.65761928508235,L,0.5,0.0,0.0,0.5,31.639087533246247,26.400025050542684,10.5,-52.785714285714285,3.6576192850823492
13070,41.879314642764676,-56.20893065364715,2.216290604514894,10.857277333615796,-7.153022188197697,8.167909443315269,0.005871212666404469,-0.006188173614365277,36.590813653560396,-49.36439331381514,2.6221343010125167,10.861874812591937,-9.786855229223855,4.711452978289481,0.007976049770001555,-0.005773055391393481,8.649620460411501,L,0.5,0.0,0.0,0.5,31.565484278738843,26.314178579191303,10.5,-52.785714285714285,3.6496204604115015
13080,41.81425617367048,-56.122404241490855,2.223062694705274,10.858916581686405,-7.2072019017639155,8.122334028789664,0.006357641974203056,-0.00670967754299031,36.496788861530085,-49.310563943563544,2.6286062486414425,10.865054410485289,-9.81846393512146,4.6526522863335735,0.008678400680174302,-0.005455464571733432,8.641563912866005,L,0.5,0.0,0.0,0.5,31.49152488482004,26.22803273239389,10.5,-52.785714285714285,3.6415639128660047
13090,41.74858909172096,-56.03630560562055,2.229803465476841,10.861304724402416,-7.261245172241845,8.077268032256992,0.006682793708251094,-0.006765427325984515,36.4023789765212,-49.2573363405163,2.635034444754941,10.86842546676053,-9.849454001243549,4.594662991332039,0.009599324102574438,-0.005250822915609248,8.633445829626332,L,0.5,0.0,0.0,0.5,31.41720331525822,26.141589231863602,10.5,-52.785714285714285,3.633445829626332
13100,41.68238675381465,-55.950649834981114,2.2365373990359467,10.85853872128473,-7.310746870406654,8.028751045989605,0.007791054499309716,-0.009539702671654791,36.307586520483746,-49.20470864606438,2.641413857582686,10.87209971959068,-9.87996118769989,4.537501431654601,0.010661796771943302,-0.0050987606733702475,8.625323186555805,L,0.5,0.0,0.0,0.5,31.342591799267147,26.05484836654128,10.5,-52.785714285714285,3.6253231865558053
13110,41.61559067433221,-55.865439555661595,2.2432626168670624,10.85985566069797,-7.365499606592888,7.980343383368522,0.0070322069872561345,-0.008482101692820453,36.212415004820265,-49.152678232402614,2.6477393734237147,10.87601918081943,-9.909901212511004,4.481255536099796,0.011913708114646631,-0.005048641367458539,8.617161475720849,L,0.5,0.0,0.0,0.5,31.267630078900154,25.967811543231146,10.5,-52.785714285714285,3.617161475720849
13120,41.548223307878395,-55.780676529949424,2.2499764136025955,10.860033371779242,-7.41785239591427,7.9319474701102095,0.007030825670769264,-0.008771204553771915,36.11686887192006,-49.10124188748977,2.6540062499609975,10.880124628179281,-9.939220567028235,4.425946954570998,0.013359254034533655,-0.0051220638755420725,8.608975441473532,L,0.5,0.0,0.0,0.5,31.192338312801706,25.88048120986983,10.5,-52.785714285714285,3.6089754414735324
13130,41.48027804506636,-55.69636194792426,2.256675911477823,10.861020512433758,-7.47050008612229,7.88374245106686,0.00675963745153643,-0.008418648849000735,36.02095105153623,-49.05039644125788,2.6602093159237103,10.884540980465143,-9.968052010794967,4.3716325858323835,0.014931492843876204,-0.005258980364558155,8.600762102167812,L,0.5,0.0,0.0,0.5,31.11670769157864,25.792858352149004,10.5,-52.785714285714285,3.6007621021678116
13140,41.41180208192348,-55.612505074586124,2.263376025552293,10.858796027302624,-7.520082254814985,7.833378201222001,0.007048005444047091,-0.009744464150523796,35.92466547072595,-49.00013776697266,2.6663433028434254,10.889212267337108,-9.996309144830338,4.318419535444223,0.016683147737355127,-0.005505575877895148,8.592558966963203,L,0.5,0.0,0.0,0.5,31.040783722645596,25.704945124967146,10.5,-52.785714285714285,3.592558966963203
13150,41.34274246043563,-55.52910642487032,2.2700685163065524,10.860487681150676,-7.5738040229342305,7.783809176400129,0.0059324371726900025,-0.008038354660553618,35.82801702605727,-48.950461045594366,2.672403352043169,10.894075934402927,-10.023935332450483,4.266334599558249,0.01861712275428474,-0.005879522311421527,8.584332917754791,L,0.5,0.0,0.0,0.5,30.964511346216042,25.616744794920706,10.5,-52.785714285714285,3.584332917754791
13160,41.273085533038945,-55.44615880717924,2.2767334003354347,10.863936719721558,-7.626915272230055,7.736619706327715,0.005394418841091169,-0.0065099183383889115,35.731011405400515,-48.90136096591882,2.678385182292771,10.899076419672713,-10.05089817173951,4.2153662644175,0.020713483581604946,-0.006383001454936834,8.576069287220475,L,0.5,0.0,0.0,0.5,30.887873968201884,25.528261539957178,10.5,-52.785714285714285,3.5760692872204753
13170,41.202821407646354,-55.36365364246517,2.2833509528070293,10.869009863422603,-7.679115878722609,7.691979896770931,0.00542669029637677,-0.0052097023641054065,35.63365264592525,-48.85283237214905,2.6842840995180595,10.904343598207781,-10.077342536939861,4.165558390054988,0.02288819207855456,-0.006942937186584946,8.567755500160523,L,0.5,0.0,0.0,0.5,30.81085869814265,25.43949794064486,10.5,-52.785714285714285,3.567755500160523
13180,41.132009034204614,-55.281592995565056,2.289929693029903,10.870482954890702,-7.726578555187607,7.646396765999284,0.006767858623569626,-0.006623678068035144,35.53594565968785,-48.80486915366644,2.6900952736419623,10.909824957147087,-10.103188491718408,4.117021119255787,0.025186589632143493,-0.007594006489761903,8.559432049839872,L,0.5,0.0,0.0,0.5,30.733522219327213,25.350457649521672,10.5,-52.785714285714285,3.559432049839872
13190,41.06070234584898,-55.19999269982986,2.2965012495502615,10.867872552910649,-7.771860653565066,7.596633188977589,0.00791971065436992,-0.009040198290289576,35.437896237172,-48.757464480432304,2.695814226869092,10.915460305345238,-10.128380723858479,4.069788396236291,0.02760806477050141,-0.008346567154361766,8.551147197511517,L,0.5,0.0,0.0,0.5,30.655917342862924,25.261145366544874,10.5,-52.785714285714285,3.5511471975115168
13200,40.988833498939755,-55.1188586823386,2.303059741587402,10.869968074813853,-7.822945329464411,7.547034670629475,0.0069184361580814395,-0.0075127617204763806,35.33951089344006,-48.7106109961308,2.701437005626002,10.9211953531465,-10.152885900134319,4.023855842403211,0.030131213607208728,-0.009197948660734317,8.54286159953429,L,0.5,0.0,0.0,0.5,30.5779746043058,25.171566662528207,10.5,-52.785714285714285,3.542861599534289
13210,40.91593819037806,-55.038110330355266,2.3094009168891825,10.90894436955301,-7.899269065865165,7.523736803149617,0.001831519095901772,0.009465438879492881,35.24079444090686,-48.664301526030776,2.7069591823083456,10.927161314769377,-10.176849094851603,3.9792709005055857,0.032670083547759535,-0.010072681806980155,8.534207359283366,L,0.5,0.0,0.0,0.5,30.499222677681686,25.08172547299906,10.5,-52.785714285714285,3.534207359283366
13220,40.84190122160558,-54.95769739797,2.3151461852699375,10.957231841772222,-7.952136601145528,7.538199593475136,0.005800194830165663,0.017877048737124805,35.141752543377216,-48.6185279115319,2.712376170418128,10.93330300396993,-10.200189013570558,3.9361476933738624,0.03527140305450559,-0.011002030013821603,8.525066846171736,L,0.5,0.0,0.0,0.5,30.419541094197893,24.991626811518472,10.5,-52.785714285714285,3.525066846171736
13230,40.766965832066255,-54.87748637443814,2.3202453301124573,10.998359067383312,-7.978568811917115,7.570095236428418,0.0233070666255451,0.008453829307099793,35.04239170439321,-48.5732812484342,2.717683712355708,10.939559404142452,-10.222849288326254,3.894523383538603,0.03793590638918928,-0.011994249572897495,8.515500643764756,L,0.5,0.0,0.0,0.5,30.33916167514571,24.90127672761855,10.5,-52.785714285714285,3.5155006437647565
13240,40.69133000233603,-54.79743960864419,2.3247737445076333,11.02989448271296,-7.993918059706591,7.599726728934311,0.04385118156598822,-0.008145522853669367,34.94271911932068,-48.52855208366494,2.722878059442028,10.945875503502428,-10.244795102782781,3.854395392298575,0.040643954624475946,-0.013045902395031556,8.505614491920205,L,0.5,0.0,0.0,0.5,30.258278967662275,24.810682134124452,10.5,-52.785714285714285,3.5056144919202055
13250,40.61511449767928,-54.71755617093744,2.3288257463827606,11.05461792097604,-8.006923959795454,7.621925352613873,0.06315268232881999,-0.026310547381079824,34.842298204641516,-48.484442802512625,2.7277670354623536,10.98764793093401,-10.299276915526166,3.8279631753020125,0.033046466892732336,-0.0017526331580116298,8.495711283747726,L,0.5,0.0,0.0,0.5,30.177013342573108,24.719393565698518,10.5,-52.785714285714285,3.4957112837477258
13260,40.53840039572294,-54.63783124994761,2.3325049778087537,11.075341549873812,-8.021994981790131,7.636150008904697,0.07993470237890374,-0.04366647036557396,34.7410651790726,-48.44073160141002,2.732228095946474,11.042804929949181,-10.35488108032999,3.836662421054781,0.04413786641258567,0.0037574573204646917,8.486055601286084,L,0.5,0.0,0.0,0.5,30.09544542921684,24.627385479237336,10.5,-52.785714285714285,3.4860556012860844
13270,40.461218765938206,-54.55828191482932,2.33584369547517,11.093449199395684,-8.037126610656932,7.64651626453792,0.0932545619538252,-0.05879329707552185,34.639212585420054,-48.39735922998898,2.7362602382607855,11.083218517350499,-10.392521956438987,3.8513919676234667,0.058578926472932495,0.002824756192702069,8.476598627667345,L,0.5,0.0,0.0,0.5,30.013607346338667,24.534857740349988,10.5,-52.785714285714285,3.476598627667345
13280,40.383721344851786,-54.47892301406482,2.3388978027959153,11.100579341523197,-8.042929820309602,7.650760852557486,0.10602167044101783,-0.0769670550682436,34.53695888050937,-48.354289882313445,2.7399329398354055,11.105965478004824,-10.413025005629715,3.861525531543873,0.07474423258814153,-0.003472066423222583,8.46733501835082,L,0.5,0.0,0.0,0.5,29.931651428120578,24.442031717235675,10.5,-52.785714285714285,3.46733501835082
13290,40.30594987176642,-54.39973873731402,2.3417029150030926,11.106338730959981,-8.047702998621267,7.654099323421669,0.1140360693737992,-0.09100531635924873,34.43437154720321,-48.31153849051148,2.7432827888870137,11.122745723029439,-10.429115405023278,3.8663968094177577,0.08699645569024524,-0.009854476817835453,8.458227607876664,L,0.5,0.0,0.0,0.5,29.849618468057756,24.348971033822956,10.5,-52.785714285714285,3.4582276078766636
13300,40.227982600817384,-54.32074022220554,2.3442926483830266,11.106216703763154,-8.047939811298733,7.653673253063565,0.12020683491766937,-0.10471326871346825,34.331560651334875,-48.269084013354146,2.7463467433464235,11.130784451997046,-10.436663752036555,3.8691616978029546,0.09888087584840813,-0.018336388348838193,8.449280127707258,L,0.5,0.0,0.0,0.5,29.767587308013425,24.255787599982252,10.5,-52.785714285714285,3.449280127707258
13310,40.14984366810748,-54.24193312309057,2.346696061813898,11.104309149578109,-8.04827011672358,7.650557484109134,0.12286640197838353,-0.11500147831643212,34.22853547589979,-48.22693023912837,2.749134997102002,11.138220626148462,-10.443975312771324,3.8708317430472468,0.10707256335212245,-0.025467211295878166,8.44050652515472,L,0.5,0.0,0.0,0.5,29.685582407046397,24.162489685759645,10.5,-52.785714285714285,3.4405065251547207
13320,40.07155843960038,-54.16329378695558,2.3489326789489255,11.102436197961262,-8.04729654610416,7.648863172319176,0.11850839239384368,-0.11829783742780126,34.125415760274294,-48.18501253508699,2.7516903208646086,11.137391803290303,-10.44183191349702,3.8742279837760174,0.1125942874484733,-0.03368393070417329,8.431871648059325,L,0.5,0.0,0.0,0.5,29.603628051793596,24.069207017349825,10.5,-52.785714285714285,3.4318716480593245
13330,39.993235499988806,-54.08493126292782,2.3509879408110637,11.085505395962524,-8.034006662022396,7.638269885156848,0.10858668639705865,-0.11923734139101252,34.022403480305975,-48.14342207270706,2.7540258522573744,11.115158281467394,-10.42051252974877,3.8677722579570393,0.11073180985369029,-0.043139753307172346,8.423322768643468,L,0.5,0.0,0.0,0.5,29.52183776480861,23.976120254979914,10.5,-52.785714285714285,3.4233227686434677
13340,39.91484226284043,-54.00681659870832,2.3528667043556606,11.072908201440594,-8.024181056443146,7.630322038482342,0.09768910957344006,-0.11680899108883885,33.91950447663941,-48.10208423235631,2.7562184161493586,11.095330787345247,-10.40238836675524,3.8596219436372996,0.10886382908059192,-0.05108827790196517,8.414864199076224,L,0.5,0.0,0.0,0.5,29.440177244822813,23.883248950007857,10.5,-52.785714285714285,3.4148641990762236
13350,39.83630907383676,-53.92884522732678,2.3545785591644175,11.07231660098157,-8.021507839962698,7.632274031099054,0.08431575695550504,-0.10672131993773519,33.816563956586364,-48.060972285543485,2.7583135459126717,11.090752791529512,-10.401208640487848,3.84963067057875,0.09771613791321133,-0.05075703475096232,8.406501301824234,L,0.5,0.0,0.0,0.5,29.358572486164054,23.790446437798522,10.5,-52.785714285714285,3.4065013018242336
13360,39.75765459335956,-53.85092654322396,2.356183777303769,11.07679740044809,-8.022713475709438,7.6375067356594695,0.07424208184171316,-0.09806018969325322,33.713543136138746,-48.02004132419503,2.7603398169993834,11.091410216136888,-10.405237211750478,3.8406274422064004,0.08747403835549633,-0.04927627891799563,8.398244206070578,L,0.5,0.0,0.0,0.5,29.27703928777435,23.697683931336623,10.5,-52.785714285714285,3.3982442060705775
13370,39.678902992214816,-53.773022919143095,2.357716598224297,11.08223412434128,-8.024639302267047,7.643368187862298,0.06453902717413522,-0.08895820600073176,33.61042187916491,-47.97926671255356,2.7622904494006835,11.094736025453502,-10.410870054233163,3.8349644311736375,0.07681771813573969,-0.04652232473440963,8.390117639272894,L,0.5,0.0,0.0,0.5,29.195601692150923,23.604947314207816,10.5,-52.785714285714285,3.3901176392728942
13380,39.60005337514568,-53.695145454813385,2.3591845615950264,11.087010143267339,-8.027189145481252,7.647615859833757,0.05326037564510216,-0.07799698773746098,33.50719942055543,-47.93862636594022,2.764162688553127,11.098895901887863,-10.416476109209896,3.8317770951873826,0.06702432952254235,-0.043543471307565265,8.382146582619939,L,0.5,0.0,0.0,0.5,29.114260620659017,23.512241204938878,10.5,-52.785714285714285,3.3821465826199386
13390,39.52112843003265,-53.61728890480146,2.3605987550138536,11.090566460391722,-8.028547039149,7.651346081085182,0.04247156761710968,-0.0674073923976171,33.4038805072001,-47.898116825316414,2.7659542668590364,11.102751626031752,-10.421505112842164,3.82927210476813,0.05682240330354388,-0.04009400552608017,8.374344835517608,L,0.5,0.0,0.0,0.5,29.03304000099816,23.419571969252306,10.5,-52.785714285714285,3.3743448355176078
13400,39.44210855665922,-53.539492939417656,2.3619411789360103,11.092785592906234,-8.030063222952911,7.652971765632433,0.02988828697236971,-0.0549895407359689,33.30047613212729,-47.85773244683957,2.767666991175881,11.105816995352322,-10.425563776791645,3.8271126283800965,0.04684736475500101,-0.03655007541954215,8.36672284308995,L,0.5,0.0,0.0,0.5,28.95192273345979,23.32695258399573,10.5,-52.785714285714285,3.366722843089949
13410,39.363038898001726,-53.46172494151872,2.363229722297013,11.094061794423057,-8.029029325180352,7.655905902887738,0.020596407703744483,-0.04565120035840538,33.196996739873974,-47.81747228902269,2.7693041780200187,11.107984710937304,-10.428775717436706,3.8246517977221703,0.037026087557739014,-0.03292253303274426,8.359286087999214,L,0.5,0.0,0.0,0.5,28.870954345748977,23.234394538002057,10.5,-52.785714285714285,3.359286087999214
13420,39.283914631564116,-53.38400250028266,2.3644823168463334,11.094524780039082,-8.03002048403496,7.65553728492522,0.010364345323479898,-0.035235966001053984,33.09345974278362,-47.777313880065186,2.7708862123389557,11.109380500432788,-10.431289770590158,3.821848875266709,0.028643138938098243,-0.02969557422538793,8.352046995443839,L,0.5,0.0,0.0,0.5,28.790131821595786,23.141920788302993,10.5,-52.785714285714285,3.352046995443839
13430,39.20474791967585,-53.30632053413411,2.365717691061043,11.094497427233934,-8.031617753780527,7.653821883220031,0.0014732741346856065,-0.0259070998070232,32.989873749097754,-47.737255648334084,2.772436120265804,11.110097694911664,-10.434027457034537,3.8164567096104807,0.020006070378800204,-0.026215683247702473,8.34500716946185,L,0.5,0.0,0.0,0.5,28.709468542591118,23.04954133738229,10.5,-52.785714285714285,3.3450071694618497
13440,39.12553705214249,-53.22868600661242,2.3669531852578682,11.094137487558521,-8.034978571141579,7.64977162758124,-0.007041982645710548,-0.016713213915035816,32.88624132404314,-47.69730625979186,2.773965703234781,11.110309937064063,-10.4370506741527,3.808800352183499,0.011139801993321898,-0.022472241274504028,8.338163651920938,L,0.5,0.0,0.0,0.5,28.62896427517241,22.957258043080156,10.5,-52.785714285714285,3.3381636519209383
13450,39.04623592842156,-53.151149183290286,2.36815444646185,11.093579001675277,-8.039700014561333,7.643998871158547,-0.016706656427554874,-0.006145906265399164,32.78256672496176,-47.657464140124524,2.7754863705928705,11.110203026888637,-10.4402016306354,3.7998422612476115,0.003099017664765268,-0.01885198039019857,8.3315141027231,L,0.5,0.0,0.0,0.5,28.548574891673177,22.865076632456635,10.5,-52.785714285714285,3.3315141027230997
13460,38.96688320546449,-53.07366802786645,2.3693277279949316,11.093131838609555,-8.041597322778115,7.6413537077576015,-0.02130408054813224,-0.0002221961905691655,32.6788484683364,-47.61774030221928,2.7770037199898363,11.109868777384483,-10.443752842493227,3.7890910276235386,-0.004779900879904974,-0.015110738343110882,8.32505424623858,L,0.5,0.0,0.0,0.5,28.468339551002543,22.77299441170416,10.5,-52.785714285714285,3.3250542462385795
13470,38.88746413735366,-52.99625901485094,2.3704827682707563,11.092635486966271,-8.045814520878665,7.636192162480033,-0.026174342275945,0.0061434329241887905,32.5750793631301,-47.57815749166475,2.7785060908333286,11.109410509142844,-10.447477832764383,3.777460627796175,-0.012460397125314288,-0.011267247694667446,8.318775490022675,L,0.5,0.0,0.0,0.5,28.38824491285975,22.681000345040868,10.5,-52.785714285714285,3.3187754900226754
13480,38.807985349974935,-52.91891535872839,2.3716305616381046,11.092145614926947,-8.050539532443517,7.630498514468582,-0.029112130905473117,0.010791249550359977,32.47126018255267,-47.5387130371274,2.7799858309342254,11.108964036942472,-10.450847130102492,3.7668124770566584,-0.017970024400048162,-0.008068175149116147,8.31268084728407,L,0.5,0.0,0.0,0.5,28.308298732001674,22.589096841443144,10.5,-52.785714285714285,3.3126808472840708
13490,38.7284295814188,-52.84165600283885,2.372767963192777,11.091605113084073,-8.05670988963188,7.623196818848416,-0.03195015668327634,0.01543740298916434,32.36739340187043,-47.4994002728478,2.78144775405657,11.108534051773642,-10.454254046039747,3.756075228250375,-0.021711611361227463,-0.005396144074808823,8.306772993295626,L,0.5,0.0,0.0,0.5,28.22848501263989,22.497288948555443,10.5,-52.785714285714285,3.306772993295626
13500,38.648808457695,-52.764468812717645,2.373903908694769,11.091076671950743,-8.062733052805283,7.616056555875302,-0.03256831309934818,0.018013383286186718,32.263487422336055,-47.46019824515281,2.7829172583093658,11.108084842427637,-10.458051287161348,3.744157066907513,-0.023491825289937245,-0.0033644459526302,8.301060834527835,L,0.5,0.0,0.0,0.5,28.148816475264535,22.40559095137768,10.5,-52.785714285714285,3.301060834527835
13510,38.569116668744606,-52.687360659331745,2.3750493452026227,11.090487423240237,-8.070303295683026,7.607175297095339,-0.0328628678053421,0.02028536671927254,32.15953903056218,-47.421121400833385,2.784411855077912,11.107493086300359,-10.462933292954895,3.728730289171676,-0.02591821252932114,-0.0010581826235771183,8.29553864602158,L,0.5,0.0,0.0,0.5,28.069288982790763,22.313997576341205,10.5,-52.785714285714285,3.29553864602158
13520,38.48935193901507,-52.61033503258115,2.3762124883665114,11.089847611920046,-8.078907018557429,7.597103490219958,-0.032447523627935876,0.02185383677161425,32.055554194524596,-47.38215812021397,2.7859562573144694,11.10678575077678,-10.468369204690962,3.711325357326686,-0.02703292944109658,0.0007757575737485417,8.29021032568052,L,0.5,0.0,0.0,0.5,27.989901390474323,22.22251866613691,10.5,-52.785714285714285,3.290210325680521
13530,38.409497392691485,-52.533410690753975,2.377385947289577,11.089157088316119,-8.088521286061766,7.585857125880853,-0.03217191023493684,0.023503912088655987,31.951524688732007,-47.34333860756984,2.787558268430514,11.105867810973082,-10.474900287759505,3.6900899442024317,-0.02963479944651833,0.0031231139795052515,8.285062442355699,L,0.5,0.0,0.0,0.5,27.91063778950031,22.131140153488186,10.5,-52.785714285714285,3.2850624423556987
13540,38.32957116470034,-52.456568417974914,2.3785840475032587,11.088498119404823,-8.097808900655998,7.574977330164149,-0.02980109646260753,0.023095968515878564,31.84743986394863,-47.304695692807876,2.78919951302468,11.104844948954874,-10.481634095993583,3.6678233351721508,-0.03249987408489385,0.005535830807547371,8.280085674466486,L,0.5,0.0,0.0,0.5,27.83151753342549,22.039844680956552,10.5,-52.785714285714285,3.280085674466486
13550,38.24956570855131,-52.37981784299963,2.3798221741568266,11.08777169359951,-8.10917660475983,7.561741593191504,-0.02801041699423152,0.02312861975908525,31.743291895713472,-47.2662494586107,2.790851678311031,11.103869874622983,-10.487907658323122,3.6468779994739386,-0.0342501458837762,0.0075227962193529195,8.275275255207006,L,0.5,0.0,0.0,0.5,27.75253409934695,21.948620515743563,10.5,-52.785714285714285,3.2752752552070064
13560,38.16948211959538,-52.303159046466874,2.3811151414409064,11.087000571038441,-8.121787765121773,7.547062021775427,-0.02590712090351053,0.022741324570508915,31.639078301359998,-47.22800202211756,2.792493615780477,11.103056133416214,-10.493559267140464,3.628094459740801,-0.033975270270135284,0.008759492921459878,8.270634368113818,L,0.5,0.0,0.0,0.5,27.673689676758563,21.85746547603273,10.5,-52.785714285714285,3.270634368113818
13570,38.0893012804498,-52.226613938048615,2.382460710563087,11.086156560802758,-8.136010953600454,7.530484250931242,-0.0248066207741754,0.023155470060587158,31.53481809322385,-47.189895995589374,2.794158383866413,11.102431365948863,-10.49892730668496,3.6106104254751767,-0.029592338656659695,0.008487880843720772,8.266182763737959,L,0.5,0.0,0.0,0.5,27.594965815202396,21.766413451717625,10.5,-52.785714285714285,3.266182763737959
13580,38.009021329726146,-52.15018462039639,2.383856070925826,11.085329143534464,-8.150224159426784,7.513878384136283,-0.023061719481606593,0.02282695135391531,31.430501711908768,-47.1519649865933,2.7958626376445133,11.101682158432629,-10.505876673110485,3.5880220283959123,-0.028137710773494543,0.009151737242893873,8.261907762117826,L,0.5,0.0,0.0,0.5,27.516361541359846,21.675447701894466,10.5,-52.785714285714285,3.2619077621178256
13590,37.92863050790829,-52.07388394132036,2.385294195335093,11.084513382325804,-8.164956985521506,7.49666021289103,-0.0215908941457662,0.022610172904774874,31.326134848227905,-47.114194776550555,2.7976233799020305,11.1009246581462,-10.51303496119615,3.564635208616136,-0.025320310537724582,0.009233967126165957,8.257812394770985,L,0.5,0.0,0.0,0.5,27.437865696488807,21.58457843598984,10.5,-52.785714285714285,3.257812394770985
13600,37.84814430450487,-51.997694865370846,2.3867897188059017,11.08376627692638,-8.17956640799476,7.479610167564495,-0.018747701976471857,0.020973111517570135,31.221700417586373,-47.0766396979991,2.7994221552556824,11.100034816969442,-10.52096854123959,3.5383603395048286,-0.02552625598881368,0.01024943190773452,8.253880453871119,L,0.5,0.0,0.0,0.5,27.359495088668222,21.4937758628933,10.5,-52.785714285714285,3.253880453871119
13610,37.76754925375988,-51.921633589888266,2.388350971971135,11.082963676496597,-8.196135941847901,7.460257333181743,-0.017175039773557714,0.020351482706419944,31.11720556376919,-47.03927551201138,2.801255621557737,11.09928082283905,-10.528129650165475,3.5146153208493964,-0.022785639297604084,0.010146335353353441,8.250120701881198,L,0.5,0.0,0.0,0.5,27.28123673434033,21.403054077365486,10.5,-52.785714285714285,3.2501207018811975
13620,37.686821205777065,-51.84572669351117,2.389957625004986,11.082153990740922,-8.213217805325636,7.440241283505319,-0.01655297298856328,0.0204545638040174,31.01264397410524,-47.002122262118995,2.8031196135930925,11.098525693426247,-10.535689733403547,3.489486267217228,-0.021225228225088957,0.010337423014490015,8.246523243620214,L,0.5,0.0,0.0,0.5,27.203066443847565,21.312402480804252,10.5,-52.785714285714285,3.2465232436202136
13630,37.605982037981576,-51.76994877308018,2.3916177537581444,11.081484930103812,-8.229016170725838,7.4217653639852115,-0.01377903115742686,0.018447907262428002,30.908015200923316,-46.96517950594547,2.8050088718998474,11.097864359864136,-10.543084452297217,3.464962277092105,-0.018898428187812323,0.010164178454937613,8.243092105559324,L,0.5,0.0,0.0,0.5,27.12500768331756,21.221821542073513,10.5,-52.785714285714285,3.243092105559324
13640,37.52502607880706,-51.69430770287162,2.3933463648788824,11.080773963758354,-8.246600102560388,7.401157908351641,-0.012052645696838352,0.01725095072842152,30.80332270015929,-46.92843635586904,2.806931998604298,11.097285426794473,-10.550517543797383,3.4403958205079572,-0.015848577782472572,0.009641936722956223,8.239831673444856,L,0.5,0.0,0.0,0.5,27.04705534599421,21.13131840217869,10.5,-52.785714285714285,3.239831673444856
13650,37.44393453928707,-51.61882534850362,2.395135360904163,11.080019187962737,-8.265226308693755,7.379218066414559,-0.011463955434886663,0.016947621698170875,30.698567243736523,-46.89189305674759,2.808901604047582,11.096702926729451,-10.558379800495874,3.414298146408228,-0.013262295422066929,0.009162971438092483,8.236738968956635,L,0.5,0.0,0.0,0.5,26.969190537522095,21.0408946430223,10.5,-52.785714285714285,3.236738968956635
13660,37.362685647707416,-51.5435247502723,2.3969536289593165,11.079327785902768,-8.283233156417355,7.357958457609373,-0.011328431163312419,0.016940060084008633,30.593748201761137,-46.85555512700472,2.810926583768769,11.096077773000806,-10.566635334483708,3.3866147776980613,-0.011354491390795087,0.008794537638621272,8.23380673417911,L,0.5,0.0,0.0,0.5,26.89139109546971,20.9505490248682,10.5,-52.785714285714285,3.23380673417911
13670,37.2812827699742,-51.468398876155696,2.398780730001508,11.078856516670648,-8.299233769002349,7.339194817173525,-0.00973409997453251,0.015533546666154866,30.488862593661853,-46.81943516455372,2.813007638152854,11.095398941980903,-10.575159566162982,3.3576595765357933,-0.010315625407271559,0.00860119257150376,8.231028820467529,L,0.5,0.0,0.0,0.5,26.81366119524854,20.860275989063293,10.5,-52.785714285714285,3.231028820467529
13680,37.19974161032011,-51.39342818624344,2.4006249579163836,11.078574253707927,-8.314502128741122,7.321465826327368,-0.006919095966295396,0.01295639837844736,30.383907743256884,-46.78354322448243,2.8151401697202703,11.09470677404125,-10.583714474083695,3.328288799522673,-0.009662345220317692,0.008433473415247214,8.228403895293203,L,0.5,0.0,0.0,0.5,26.73601807750434,20.770070885546833,10.5,-52.785714285714285,3.2284038952932033
13690,37.11810088198127,-51.318570716553886,2.402542520819585,11.078336402453937,-8.330927955641798,7.302408975389015,-0.0028049370963725475,0.009123797450854402,30.278882516816573,-46.747883504494624,2.817320974069998,11.094038942553162,-10.592218863808364,3.2988785367255224,-0.008996575140270984,0.008174031276248574,8.225940033630694,L,0.5,0.0,0.0,0.5,26.65850342415832,20.679932160349946,10.5,-52.785714285714285,3.2259400336306943
13700,37.03631963797197,-51.24387908684823,2.4045425638384375,11.077756827457877,-8.351806835144242,7.2776382787775,-0.003309304303777871,0.009278369307233147,30.173781173389894,-46.712474085915964,2.8195375963071196,11.0933991937388,-10.60073125207007,3.2692510752509705,-0.009034734002056984,0.008067492777929489,8.223628485063177,L,0.5,0.0,0.0,0.5,26.581074389668284,20.589849736772656,10.5,-52.785714285714285,3.223628485063177
13710,36.95442207593715,-51.169327691096896,2.406646118630168,11.077125165192461,-8.3722129994772,7.253189051494871,-0.002073909410321077,0.007783825038926855,30.06860349659219,-46.67731239106283,2.821781529209076,11.0928904216404,-10.608920859806691,3.2408357096403075,-0.008227003502930517,0.007635982833891142,8.22147790627649,L,0.5,0.0,0.0,0.5,26.503757337311438,20.499824792261556,10.5,-52.785714285714285,3.2214779062764904
13720,36.87233118614713,-51.09500878167796,2.408800003284869,11.07616275668773,-8.395168128330118,7.225132075589105,-0.006309173199085003,0.011019858647461835,29.963350232569795,-46.642394481784606,2.8240534482358286,11.092486413992566,-10.617056867301761,3.2126870873289497,-0.007042104232772177,0.007038177190226537,8.219476377513908,L,0.5,0.0,0.0,0.5,26.426470390371982,20.409859884110652,10.5,-52.785714285714285,3.2194763775139084
13730,36.790086388136544,-51.020870945524265,2.4109885757817198,11.075586274201864,-8.413258594406383,7.203172297046342,-0.005272438702484388,0.009616092671239446,29.85802312747658,-46.60771543295511,2.826360852496813,11.092137564478218,-10.625305216077624,3.1840861820155593,-0.005718619804173463,0.006351626262564868,8.217629988501013,L,0.5,0.0,0.0,0.5,26.349256428049262,20.31995888845772,10.5,-52.785714285714285,3.217629988501013
13740,36.70767271214916,-50.9469319934283,2.4132092312195703,11.075029206650612,-8.43246828211683,7.179815498970551,-0.005742443966508767,0.009512948777539932,29.752623267747374,-46.57327509400523,2.8287133652724425,11.091772085009286,-10.633792818297486,3.1543395954329414,-0.0047459063977716,0.005727311877540578,8.215934971014839,L,0.5,0.0,0.0,0.5,26.272099826727825,20.230123662511065,10.5,-52.785714285714285,3.215934971014839
13750,36.62511234017116,-50.873165304569795,2.4154805114835347,11.074615300764746,-8.45119367723241,7.15712438691962,-0.004400799322939914,0.007829900237872082,29.64714839574348,-46.53908542821702,2.8311124656723523,11.091339391057023,-10.642501715700659,3.123294209472061,-0.004686189776213552,0.005339815207879441,8.214391589420288,L,0.5,0.0,0.0,0.5,26.195025069502037,20.140349147220352,10.5,-52.785714285714285,3.2143915894202877
13760,36.54239345763928,-50.799587882276526,2.4178138172824415,11.074078597198495,-8.47190599628489,7.131761743569531,-0.004708023331835877,0.0075477023796812846,29.541597043562167,-46.50515394439268,2.833554644090028,11.090879837370004,-10.651173421770787,3.0919444216130505,-0.004870345428784786,0.004993554663831067,8.212996607706806,L,0.5,0.0,0.0,0.5,26.11801973911739,20.05063231348022,10.5,-52.785714285714285,3.212996607706806
13770,36.459501829348746,-50.72621778760791,2.4201983898348267,11.073480238415968,-8.493019841352185,7.105672281001078,-0.005693581267085484,0.007835690686529645,29.43596727987009,-46.47148876426029,2.836033962509662,11.090417733075252,-10.659762996561422,3.060525829208091,-0.005251039858833769,0.004686589211919637,8.211745041697098,L,0.5,0.0,0.0,0.5,26.04106873869952,19.960969434375965,10.5,-52.785714285714285,3.211745041697098
13780,36.376457104823714,-50.6530322732164,2.4226494777579366,11.07293342246687,-8.513572838981542,7.080178817921171,-0.005071233112021541,0.0067470994346200425,29.330261143887252,-46.438083958779906,2.8385529530404265,11.089991847874423,-10.668230452046542,3.029319759937531,-0.00505223382908327,0.004196805056673331,8.210643507867598,L,0.5,0.0,0.0,0.5,25.964193899757674,19.871364963545084,10.5,-52.785714285714285,3.210643507867598
13790,36.29323711653215,-50.58006183355216,2.425165692814656,11.072179020215968,-8.53599329480264,7.051947725755985,-0.006611311525254851,0.0074837125402777115,29.22447916811773,-46.40494176121498,2.8411179304828833,11.089532435416364,-10.676842028093061,2.9971276154507103,-0.005145770180634819,0.0037857866136790192,8.209687360168159,L,0.5,0.0,0.0,0.5,25.887371123568734,19.781819383633042,10.5,-52.785714285714285,3.209687360168159
13800,36.20986039180486,-50.50728563746488,2.427762973153379,11.071426654142346,-8.55800590264302,7.024031828542694,-0.006495231542337534,0.00682150175882223,29.118620876538326,-46.372068596683086,2.843732358116655,11.089013849048136,-10.685577893754624,2.9638915669915873,-0.005635080134966111,0.0034859196836564965,8.208879207129904,L,0.5,0.0,0.0,0.5,25.8106210400149,19.692330851595433,10.5,-52.785714285714285,3.208879207129904
13810,36.126299497876936,-50.43474162919288,2.4304351622039824,11.070409900592892,-8.581973108485286,6.993118970272173,-0.008822959970169124,0.008204497384507198,29.012685111794482,-46.33947284945583,2.846395780566861,11.088439395926917,-10.694354410602472,2.929892826977047,-0.0064435236133155655,0.003279965716458815,8.208211498991007,L,0.5,0.0,0.0,0.5,25.733913390438676,19.602896181508296,10.5,-52.785714285714285,3.208211498991007
13820,36.04255593177145,-50.36242806654214,2.4331742967086742,11.069417687808539,-8.605150319057223,6.963001934050997,-0.010016079341252478,0.008664694007445082,28.906669246178144,-46.30716680358851,2.849101641202789,11.087832316744727,-10.703088973911798,2.8954985582411203,-0.007564681230782038,0.0031751577422913357,8.207680713846033,L,0.5,0.0,0.0,0.5,25.657250040245987,19.513509428505127,10.5,-52.785714285714285,3.207680713846033
13830,35.958611704731766,-50.29036766465225,2.435963056352542,11.068394213403344,-8.62855053372485,6.932349251895584,-0.011917888022126726,0.009752363673038776,28.80057372389867,-46.2751497741054,2.851847609493101,11.087258807960472,-10.711663397905832,2.861393912879094,-0.008106853363161873,0.0029283189120499773,8.207282281219323,L,0.5,0.0,0.0,0.5,25.580611108641463,19.42417176828066,10.5,-52.785714285714285,3.2072822812193227
13840,35.874469610666246,-50.218554875399356,2.438791712451913,11.067538730818118,-8.650921198562319,6.903041067125723,-0.01242249687580036,0.009753559733531128,28.694398560125045,-46.243424577253485,2.8546351948360478,11.086684189014202,-10.720249482771294,2.826803377329117,-0.008582346611956778,0.002687266866947558,8.207014145111309,L,0.5,0.0,0.0,0.5,25.503999989425058,19.334882818215174,10.5,-52.785714285714285,3.207014145111309
13850,35.79014654496081,-50.146969370404776,2.4416808989167316,11.06677984233883,-8.673395175846345,6.873560373081946,-0.011600545472702806,0.008720844291101853,28.588143209564986,-46.21199678678665,2.857464982803784,11.086091042739357,-10.728863190000892,2.791578273692088,-0.009117563737772767,0.002488577394770646,8.206878899854615,L,0.5,0.0,0.0,0.5,25.427435714079884,19.24564071485902,10.5,-52.785714285714285,3.2068788998546154
13860,35.70567504974314,-50.07564083359266,2.444653312212861,11.061872466710467,-8.694550283052651,6.838846236408314,-0.011074826289840738,0.006744430186726591,28.481806709288755,-46.1808733272927,2.860335212437491,11.085481292816151,-10.737460399233212,2.7558736669657793,-0.009692377152145826,0.002329216478937979,8.206917066008966,L,0.5,0.0,0.0,0.5,25.35094776983966,19.156442692114457,10.5,-52.785714285714285,3.206917066008966
13870,35.62100224791966,-50.00456262176065,2.4477022636206023,11.061431568456186,-8.720086090340395,6.8055394290747495,-0.011951925517877429,0.007476706664587604,28.375421411950917,-46.150048266152886,2.8632538458515957,11.082062787252935,-10.74319073220318,2.719552998586351,-0.008190860384056257,0.0009217726342977111,8.207053220745182,L,0.5,0.0,0.0,0.5,25.274484337329156,19.067321630947415,10.5,-52.785714285714285,3.2070532207451823
13880,35.536154111332436,-49.933763345160756,2.450840696694152,11.057400722452098,-8.744142256470404,6.768019424875555,-0.01276222415923884,0.007058859022130974,28.268947015816934,-46.11954666682826,2.8662082675709724,11.081859276003755,-10.752272890759036,2.682579485457752,-0.009617892193807055,0.0012538987590020307,8.207347186416609,L,0.5,0.0,0.0,0.5,25.198068117490916,18.978231444842116,10.5,-52.785714285714285,3.2073471864166088
13890,35.45107323711226,-49.863245534902,2.454043422603802,11.057604940405643,-8.771534701359933,6.732815607227171,-0.014734324941522419,0.009022719261108985,28.162382136888652,-46.08936582103689,2.869201106689388,11.081951155600986,-10.761556062956634,2.645477748719002,-0.01041900958504453,0.001474247435780442,8.207751583058629,L,0.5,0.0,0.0,0.5,25.121641651835056,18.889172176404944,10.5,-52.785714285714285,3.207751583058629
13900,35.36580079307837,-49.79302015013931,2.45731856808312,11.054106347569343,-8.795662673983022,6.695489920003962,-0.015053456187083467,0.008529181569642566,28.055758580587923,-46.059503822170285,2.87223579568737,11.07917320572152,-10.76785478413348,2.607945986824001,-0.009382938281216415,0.0005174231080048129,8.208280046368031,L,0.5,0.0,0.0,0.5,25.04524440428086,18.80017464120414,10.5,-52.785714285714285,3.2082800463680314
13910,35.280330899298626,-49.72309429005908,2.46065909021389,11.050686820253748,-8.819720045525516,6.658094135553004,-0.015232915742465474,0.008119800763681191,27.949040331441157,-46.029975498336405,2.8753012394118374,11.07949310186483,-10.777184290566849,2.5704992047128665,-0.010254932813117967,0.0009412815550956915,8.208955341584643,L,0.5,0.0,0.0,0.5,24.968869432085253,18.711200256839273,10.5,-52.785714285714285,3.208955341584643
13920,35.19466321313908,-49.65346587648829,2.464072787103619,11.047533128657388,-8.844380863818198,6.620038924697418,-0.015121806632216659,0.007669666839706241,27.842228337528944,-46.00077830527227,2.878402418792423,11.079899389592297,-10.786563345944034,2.5326313721946256,-0.010669314920088754,0.0012446041168052038,8.20977619018961,L,0.5,0.0,0.0,0.5,24.892516371541536,18.6222512057401,10.5,-52.785714285714285,3.2097761901896096
13930,35.10878462631652,-49.58414360935463,2.4675644468699787,11.044999394787691,-8.870588879361994,6.580627976432018,-0.015580817472690023,0.00794060795431947,27.735362595788313,-45.97190211491644,2.8815506267177597,11.076868118859977,-10.792415265141573,2.4941491670218428,-0.009029881427973799,0.00021219400670615318,8.210702835593295,L,0.5,0.0,0.0,0.5,24.81617084846408,18.533368827798462,10.5,-52.785714285714285,3.2107028355932954
13940,35.02267341548839,-49.515144646426506,2.4711233941008253,11.04321881281338,-8.897941765781015,6.540589734912685,-0.01670519853436976,0.00901076142927228,27.628437758516224,-45.943363804649955,2.8847418497290134,11.074024350208962,-10.7985670765257,2.4545802905580927,-0.008482416328100241,-0.0003745500791221838,8.211719633092732,L,0.5,0.0,0.0,0.5,24.73980875447771,18.444542286353588,10.5,-52.785714285714285,3.2117196330927325
13950,34.93632765149324,-49.44647074753761,2.4747425602860145,11.041571461968534,-8.924890407111484,6.500971586678977,-0.01712364175487677,0.009613405814135402,27.52141049482276,-45.91518432437268,2.8879647599949325,11.074888838245652,-10.808473698867138,2.4145515277987895,-0.01017450189614217,0.0005515950139863975,8.2128545733329,L,0.5,0.0,0.0,0.5,24.66342750913562,18.35572382617899,10.5,-52.785714285714285,3.2128545733328995
13960,34.849747600922086,-49.378123787881904,2.478420675812728,11.039908271779245,-8.951671569528953,6.461203507132929,-0.017097305847131938,0.009907706890754663,27.414318129896355,-45.887348799700035,2.8912285221716214,11.072668648047078,-10.81504707176357,2.374604772374332,-0.009374116174678333,8.394467017465608e-05,8.214080681166585,L,0.5,0.0,0.0,0.5,24.587026685419456,18.266953883392084,10.5,-52.785714285714285,3.2140806811665854
13970,34.762960674118744,-49.31010496556442,2.482167480798633,11.036166337023298,-8.976529977337483,6.420192908659969,-0.01627996330692508,0.009080803228641146,27.307157242316745,-45.8598691275818,2.894526206581682,11.070581640903892,-10.821665452074805,2.334381012450389,-0.009075765646907007,-0.00013682474379979857,8.215420387988072,L,0.5,0.0,0.0,0.5,24.510632811499285,18.178225043232008,10.5,-52.785714285714285,3.215420387988072
13980,34.67597268387237,-49.24242445929931,2.4860014127527315,11.0315721154235,-9.002146313507707,6.376279878423541,-0.01612274946668409,0.008628278237801174,27.199927788842206,-45.832743113321605,2.897860737531397,11.068655478766756,-10.828333723629807,2.293975343663209,-0.008508301222748638,-0.00033450706604204895,8.216883481808345,L,0.5,0.0,0.0,0.5,24.4342496918837,18.08953831021311,10.5,-52.785714285714285,3.2168834818083454
13990,34.588782658152354,-49.17505297407903,2.48995439420242,11.028955552880607,-9.030321754237788,6.331757228633752,-0.014235360179993764,0.00759390963107892,27.092623701728076,-45.8059808244827,2.9012315602387018,11.067201810079755,-10.835513167359318,2.252689571382497,-0.008580502468581332,-0.00023092333428167185,8.218457656346812,L,0.5,0.0,0.0,0.5,24.35788014296485,18.000884436521005,10.5,-52.785714285714285,3.2184576563468124
14000,34.5013207138433,-49.10807575735819,2.493966377624292,11.026941108728861,-9.0602524348433,6.28532067855655,-0.017418046819250636,0.010365034479383299,26.985241690061702,-45.779587319994825,2.9046363351345423,11.06605924175598,-10.842891860131154,2.2111904602621877,-0.008695862176869667,-2.1281582246136127e-05,8.220114303912771,L,0.5,0.0,0.0,0.5,24.281441908461957,17.91225861357327,10.5,-52.785714285714285,3.220114303912771
14010,34.41361840249175,-49.04144713588154,2.4980580144253044,11.025210067360916,-9.088836493737576,6.240857971428331,-0.016573932766262695,0.010352671023459364,26.877778899177645,-45.7535688274455,2.908070373396486,11.0651600284506,-10.850361303933061,2.1696603488410218,-0.00887001150042746,0.00027261238636033824,8.221862367541409,L,0.5,0.0,0.0,0.5,24.20497224929846,17.82365594979321,10.5,-52.785714285714285,3.2218623675414086
14020,34.325835481462946,-48.975324838659056,2.502193266819997,11.001818596586206,-9.098977371568296,6.18454713167247,-0.018040067311660173,0.006231384301315205,26.770236600266543,-45.72792433728428,2.9115325653290447,11.064271961240076,-10.857639535981006,2.128327451071728,-0.008645065898568621,0.00048556448382516837,8.223909317950039,L,0.5,0.0,0.0,0.5,24.128603443381643,17.735078178142114,10.5,-52.785714285714285,3.2239093179500387
14030,34.23780545311083,-48.90956541471854,2.506408204515938,11.000075182688704,-9.127965183478487,6.138558921604358,-0.017441392504839764,0.007090554619018344,26.662617839248394,-45.702650809299016,2.9150273316250663,11.063287243534598,-10.864712399797604,2.086707718546022,-0.008132131365497206,0.0006167228500798598,8.22604210247358,L,0.5,0.0,0.0,0.5,24.052191954162097,17.646529506634398,10.5,-52.785714285714285,3.2260421024735795
14040,34.149505539815415,-48.84416388137728,2.5107078311961337,11.000640016195636,-9.159456049691077,6.0924909224144335,-0.017001719670342714,0.008411900838118939,26.554922299046087,-45.67775412926631,2.9185568434401046,11.062349805237973,-10.871826022773552,2.0442558900471446,-0.007975909644862975,0.0008373782058228347,8.228234641722231,L,0.5,0.0,0.0,0.5,23.975715461017828,17.55800750694848,10.5,-52.785714285714285,3.2282346417222314
14050,34.06106400224944,-48.77927393965991,2.515063216744213,10.982439218957133,-9.17609431324519,6.034340423983142,-0.01968867697425822,0.00694770730333907,26.447149849306623,-45.653240075570594,2.9221208715828104,11.061438597943736,-10.87889452989902,2.001269013254506,-0.008007559796847372,0.0010973603251569109,8.230660754023098,L,0.5,0.0,0.0,0.5,23.899274071916633,17.469509915123695,10.5,-52.785714285714285,3.2306607540230985
14060,33.97233452846024,-48.71475409611095,2.519501110512915,10.9840947282766,-9.208936299013084,5.98713865218378,-0.01916036306447877,0.008984023638242338,26.339296943667524,-45.6291220421047,2.925711099418122,11.060716818368013,-10.886025042665475,1.9580386376650363,-0.008509982791990067,0.00148609942913626,8.233127470382627,L,0.5,0.0,0.0,0.5,23.822745540371326,17.38102816898265,10.5,-52.785714285714285,3.2331274703826267
14070,33.88343496081029,-48.65073730196453,2.523998607524336,10.969069570950209,-9.228451970895367,5.929263147577716,-0.021262365645542174,0.008160174556899645,26.23136519790918,-45.60540050987765,2.9293217196719272,11.059940187320356,-10.892812177041316,1.9154424613661067,-0.008492285531174374,0.0017330789013219796,8.235790662319163,L,0.5,0.0,0.0,0.5,23.74622212526837,17.292563630342887,10.5,-52.785714285714285,3.235790662319163
14080,33.79421023823578,-48.587093678654355,2.528570768743783,10.97392284529612,-9.264124924956993,5.882429089186085,-0.020508617021932095,0.010978128491530103,26.123360205240864,-45.58206686897566,2.9329574891382206,11.058931099636647,-10.89916097140798,1.873031549613539,-0.007752537482671448,0.0017617929215128717,8.238454124141603,L,0.5,0.0,0.0,0.5,23.669572147065878,17.20412509276159,10.5,-52.785714285714285,3.2384541241416027
14090,33.704783429261596,-48.523944490460224,2.53318970397951,10.96231791380416,-9.285664803611793,5.826563583989859,-0.021586271635734063,0.010360470927864383,26.015285366982592,-45.55911869417009,2.9366278572475943,11.057809233421535,-10.90538707930018,1.8296660059626393,-0.0070523641890747136,0.0017584093400844678,8.241272501995065,L,0.5,0.0,0.0,0.5,23.59289417995752,17.115716866746485,10.5,-52.785714285714285,3.2412725019950646
14100,33.6151640193268,-48.46128838279667,2.537859782596653,10.95022032913244,-9.306532068218145,5.770250091614113,-0.021880342263098145,0.009439982091636021,25.907137392964675,-45.53656980696164,2.940332703766452,11.056905931591363,-10.911868179640035,1.785021459316253,-0.007269624553479934,0.0019659713948361746,8.244249706343322,L,0.5,0.0,0.0,0.5,23.516195845208575,17.027330334480514,10.5,-52.785714285714285,3.2442497063433215
14110,33.52533950046223,-48.39911521314675,2.542592169872878,10.939960141791678,-9.3293433530481,5.713674868674961,-0.02180817541163774,0.008906559154104467,25.798913546134443,-45.514431694167655,2.9440643944282754,11.056184252495662,-10.918370881941936,1.7402262811185045,-0.0077943182350077925,0.0022454874561967223,8.24736667260403,L,0.5,0.0,0.0,0.5,23.43946480905647,16.938958238871276,10.5,-52.785714285714285,3.2473666726040307
14120,33.43528839292963,-48.337416119810094,2.5473926631147763,10.932185743669011,-9.354561604331014,5.657284006027622,-0.021498680051672128,0.0089534497800313,25.690625875307607,-45.49266278725025,2.9478391013715184,11.055150577784213,-10.924105561258584,1.6971364069991235,-0.004396438614895623,0.0018063077185963951,8.250601131733967,L,0.5,0.0,0.0,0.5,23.362679859974094,16.85062950286468,10.5,-52.785714285714285,3.2506011317339674
14130,33.34499805392848,-48.2761851183442,2.55226480532981,10.926005347209513,-9.381162938741278,5.601015511854789,-0.02085125208678337,0.009224468693925675,25.58225887213197,-45.47133188905028,2.951616225724721,11.054508427862476,-10.93024658957664,1.6528357670170217,-0.006042126606078821,0.0022045180097662,8.253927625226625,L,0.5,0.0,0.0,0.5,23.285828080516215,16.76230063358344,10.5,-52.785714285714285,3.253927625226625
14140,33.254501253409984,-48.21535812283073,2.557246711654111,10.920718431589952,-9.407353346676318,5.546511883413429,-0.015623687296339605,0.006913267065490654,25.4738177793806,-45.45042941728371,2.95540698498802,11.053728593374373,-10.936143963290567,1.6080021859952423,-0.007009357550340334,0.0024572468721140157,8.257352243291544,L,0.5,0.0,0.0,0.5,23.208952642181945,16.67398041833806,10.5,-52.785714285714285,3.2573522432915443
14150,33.16371896618025,-48.15503521270903,2.562281882582362,10.916906993541184,-9.436766326152542,5.488742990086334,-0.017574465219888993,0.009360073686589507,25.36530602746384,-45.4299452178492,2.959218513999994,11.052961290744088,-10.941863593950007,1.5631936495772532,-0.007140061336727145,0.002534217840311093,8.260832878277142,L,0.5,0.0,0.0,0.5,23.131955085015342,16.585676406764772,10.5,-52.785714285714285,3.2608328782771423
14160,33.07268162610276,-48.09515044684824,2.567406735584155,10.914262794029375,-9.465879083575569,5.433071462097702,-0.014634181107178163,0.009093674746616761,25.256735207795032,-45.409834554216076,2.96307497741619,11.051951728444822,-10.947010427107625,1.5194076861301622,-0.0035880118683193165,0.0020102801955566604,8.264377765874466,L,0.5,0.0,0.0,0.5,23.05487681424203,16.49741906500843,10.5,-52.785714285714285,3.2643777658744657
14170,32.98132621071472,-48.035790936793774,2.5725653596723905,10.912574222333662,-9.496870383820148,5.375288743022171,-0.017451960835301327,0.012343542150623554,25.148087626094625,-45.39017335954371,2.96693289005529,11.051542846808076,-10.952788416477109,1.4741184479951424,-0.005446387100923968,0.0023550214624997825,8.267945276103097,L,0.5,0.0,0.0,0.5,22.977636954508373,16.409158927026407,10.5,-52.785714285714285,3.267945276103097
14180,32.88970229134445,-47.97688108316125,2.577799448678675,10.910898193947794,-9.526089174432473,5.319898912522088,-0.014493517908947463,0.01202483746345857,25.039369316948566,-45.370949411548466,2.97080154692866,11.050937655446873,-10.958185640116634,1.4287723896111755,-0.006322930952712778,0.002502245692156243,8.271554127611202,L,0.5,0.0,0.0,0.5,22.900297933979186,16.320906784666978,10.5,-52.785714285714285,3.2715541276112017
14190,32.79781406992732,-47.91843885712529,2.58310077197565,10.908170620377916,-9.554181177485082,5.263630715681494,-0.012332721141783232,0.011714199904485792,24.930597369547804,-45.352099824461355,2.9747168354826994,11.049810210969047,-10.962709912047071,1.3846649712983634,-0.002550341643490456,0.001877535178032383,8.275215685485472,L,0.5,0.0,0.0,0.5,22.82285876911118,16.232706625838734,10.5,-52.785714285714285,3.275215685485472
14200,32.7056533872232,-47.860488355652265,2.5884650072446456,10.905210470199977,-9.582595854010487,5.2055232299990974,-0.01167760427035187,0.012110848806596665,24.82175111217765,-45.333710312877535,2.9786352367691378,11.049541007644052,-10.968211021998581,1.3381716842454745,-0.0049850328231103875,0.002245989927879759,8.278920361974555,L,0.5,0.0,0.0,0.5,22.74530485211514,16.144501173165324,10.5,-52.785714285714285,3.2789203619745546
14210,32.6132134801906,-47.803046458004324,2.5938891906185724,10.902287761760608,-9.611326621642759,5.146093568167639,-0.011916230672216909,0.012888884647808851,24.712847613263563,-45.315720279259864,2.982588922658209,11.048673452313437,-10.972737045555151,1.2931460802853407,-0.002627229363426971,0.001873171621209493,8.282666982969516,L,0.5,0.0,0.0,0.5,22.667624249174843,16.0563335707227,10.5,-52.785714285714285,3.2826669829695163
14220,32.520492571669536,-47.746123242222424,2.599372068443867,10.899329038240495,-9.640030709572722,5.085782280271866,-0.012502163432789749,0.013693045586033962,24.60387048894856,-45.29820108275325,2.9865362530978024,11.048513137505187,-10.977936597159516,1.246816192696601,-0.005238490419660289,0.002225159794094503,8.286448461159077,L,0.5,0.0,0.0,0.5,22.58981122064982,15.968156334829324,10.5,-52.785714285714285,3.286448461159077
14230,32.42750554465729,-47.689723430550465,2.604919958942008,10.89520503914238,-9.6676048212496,5.024232266237798,-0.012915971994313425,0.01394981823115713,24.494838894539857,-45.281082790964874,2.990514796961645,11.047645415568416,-10.982045027841977,1.2021465112793734,-0.0025934598619552053,0.001786072652860082,8.290280448365344,L,0.5,0.0,0.0,0.5,22.511877358560962,15.880019192561146,10.5,-52.785714285714285,3.290280448365344
14240,32.334253035192134,-47.63385623397359,2.6105387124535278,10.890936770920241,-9.695358072133379,4.961102256686589,-0.01380560601628171,0.014323490207825761,24.38573718620473,-45.26443521355163,2.9944864968995044,11.047507109144345,-10.98687201333457,1.1558791845173129,-0.0049513388233967765,0.002047241431370782,8.29415819559896,L,0.5,0.0,0.0,0.5,22.433819268909215,15.791875635455744,10.5,-52.785714285714285,3.2941581955989605
14250,32.240732417282636,-47.57853055057239,2.6162306695878152,10.886807133136516,-9.723372859137447,4.896793828241229,-0.01502012171187992,0.01479452919131313,24.27658421132155,-45.248188087664666,2.9984909380988447,11.046648363524813,-10.99063266684296,1.1110506963635138,-0.002152345214951882,0.001576105715284807,8.298081262613909,L,0.5,0.0,0.0,0.5,22.355630353255766,15.703775779025836,10.5,-52.785714285714285,3.298081262613909
14260,32.146925897100616,-47.52375696445058,2.62198970743994,10.884020046751608,-9.752572286627785,4.8321037004798,-0.016723587667256318,0.015744311862229868,24.167480106191192,-45.23244996194214,3.002465026197601,11.034805847359273,-10.983391522635902,1.0639787354097816,-0.004407108315212143,-0.0007909494751870741,8.301905980544849,L,0.5,0.0,0.0,0.5,22.27728878578733,15.615755325884853,10.5,-52.785714285714285,3.3019059805448485
14270,32.05283266605864,-47.46953957104735,2.6278106018029748,10.881408362141142,-9.781409374766664,4.767502342621555,-0.018041923243739374,0.016377092266522494,24.058314260368235,-45.21711347673426,3.006476224643299,11.035270379745345,-10.988168602301203,1.018500427828585,-0.0018186551493566258,-0.0006032072008775606,8.305765939951907,L,0.5,0.0,0.0,0.5,22.198790722199004,15.52776879621144,10.5,-52.785714285714285,3.3057659399519075
14280,31.95843613062071,-47.415886598832024,2.6336839918273234,10.880161418760427,-9.811150701056961,4.703109016324454,-0.019536869279485697,0.01730171947998525,23.94905660459232,-45.202243873051366,3.0104861909339986,11.038031215221428,-10.995160076623465,0.9718991705049098,-0.00393681290898437,0.00037713728296993334,8.309655498837746,L,0.5,0.0,0.0,0.5,22.12011597073432,15.439758646211484,10.5,-52.785714285714285,3.3096554988377456
14290,31.863721745759463,-47.362803288334476,2.639596670881274,10.880228573436487,-9.841403200607145,4.639628956425633,-0.020754292241854582,0.01822722611595448,23.839724120102346,-45.187772596809644,3.014527944395329,11.040089603051515,-11.00106870196849,0.9273973571104466,-0.0008846198119752159,0.0006715022515958253,8.313560994280733,L,0.5,0.0,0.0,0.5,22.041247027238242,15.351773757727,10.5,-52.785714285714285,3.313560994280733
14300,31.768694976737894,-47.3102895379771,2.6455416250743733,10.880135333645796,-9.870651799578777,4.5768524042096885,-0.02110489280228161,0.018479467544415137,23.73030995275234,-45.173766642139356,3.0185647342653312,11.042220806319502,-11.006986260954019,0.8814157853617112,-0.002702196286970185,0.0013499852832342197,8.31747340712756,L,0.5,0.0,0.0,0.5,21.962187099231457,15.26377569195851,10.5,-52.785714285714285,3.31747340712756
14310,31.673379537255563,-47.258344685485525,2.651524786598928,10.87838113949684,-9.897911276445852,4.5133721960155935,-0.020648961801695294,0.01777647465306783,23.620834353503394,-45.160172366323465,3.0226281386838654,11.043151745149508,-11.0114369154761,0.8363357716185769,-0.0004603526820808278,0.0014117730114538093,8.321406793161128,L,0.5,0.0,0.0,0.5,21.88295719792473,15.175809161176923,10.5,-52.785714285714285,3.3214067931611275
14320,31.577796791499416,-47.20697428252779,2.6575597075870925,10.874955554814736,-9.923813224763167,4.447762291221458,-0.02016737627026139,0.01659014865183551,23.51129235353026,-45.1470540647153,3.0266807498360566,11.044052386530895,-11.015754189021518,0.7900966798396438,-0.00269000791680229,0.0017623383643572362,8.325368769701964,L,0.5,0.0,0.0,0.5,21.803574422715563,15.087838104940921,10.5,-52.785714285714285,3.3253687697019636
14330,31.48194709637892,-47.156191337709814,2.6636546761828575,10.871377521056694,-9.950023956470723,4.3799397793800185,-0.020429107006608938,0.015716207806265436,23.401703006624953,-45.13435073258362,3.0307576413572503,11.043903463542108,-11.018746786939118,0.7449986290968571,-0.00042755734365539696,0.0015355041089995093,8.329356756829485,L,0.5,0.0,0.0,0.5,21.724033524586375,14.999910156175325,10.5,-52.785714285714285,3.329356756829485
14340,31.38584029210729,-47.106004254589834,2.669816961281589,10.866985612728827,-9.975558240123949,4.310407649532759,-0.020790904608602844,0.014680383873114676,23.292170199816013,-45.122157542514,3.034798089433166,11.032836440770636,-11.010693401678646,0.6986492274573775,-0.0024637353346572155,-0.0008158422625366339,8.333255266692865,L,0.5,0.0,0.0,0.5,21.64433946197176,14.912066267868829,10.5,-52.785714285714285,3.3332552666928645
14350,31.289455498232257,-47.0564287428523,2.676042372940593,10.864165506789767,-10.002694216322569,4.2398349700981965,-0.022085222625850113,0.01448196242339467,23.182586257178617,-45.11037602127165,3.0388688480088866,11.033428753489613,-11.014081711929885,0.6531110941203054,-0.00013448836580923348,-0.0005755293317572023,8.337172787385006,L,0.5,0.0,0.0,0.5,21.564465510293243,14.824264286783112,10.5,-52.785714285714285,3.337172787385006
14360,31.19279093057045,-47.007469965854206,2.6823251237596315,10.861632221488316,-10.029540329680684,4.16933751214529,-0.022986663521242272,0.014132861685924166,23.072924150746864,-45.09907228787849,3.042930044935129,11.036230552667275,-11.01954861453948,0.6065749281231975,-0.002445537214731595,0.00027933737925703425,8.341116125518559,L,0.5,0.0,0.0,0.5,21.484406063847654,14.736447567284552,10.5,-52.785714285714285,3.3411161255185586
14370,31.09583116043831,-46.959136672712866,2.6886556547164804,10.860465561313946,-10.057208947602405,4.099056036790953,-0.02400317532040397,0.014144359349955324,22.963200404926436,-45.088171906961776,3.047017275375277,11.03820733892879,-11.023873409143254,0.5623489275936143,0.0007234298328663603,0.0005683296807954732,8.345069931413375,L,0.5,0.0,0.0,0.5,21.40414137193106,14.648669666766647,10.5,-52.785714285714285,3.3450699314133754
14380,30.9985810767443,-46.911430008279616,2.6950287799073074,10.859173904855805,-10.084020233331119,4.029167883033653,-0.024259653435009965,0.013734687193045759,22.85341343782121,-45.077710209819855,3.0511098334748943,11.040193593515024,-11.0280579898406,0.5175051255814757,0.0015339768867700188,0.0009723210349279387,8.349028935476465,L,0.5,0.0,0.0,0.5,21.323673274836484,14.560911729687355,10.5,-52.785714285714285,3.349028935476465
14390,30.90104466516385,-46.8643540863087,2.7014434634913913,10.857765571750939,-10.11028361280763,3.95894411171634,-0.02421984177286841,0.013152296916505133,22.743564523571568,-45.067738083178654,3.0551758771426307,11.041838601096583,-11.03174394643876,0.4720436345067155,-0.00113788419038509,0.0014186790848034025,8.352982181423318,L,0.5,0.0,0.0,0.5,21.243001907478025,14.473148548459198,10.5,-52.785714285714285,3.352982181423318
14400,30.803212586560704,-46.817917736745905,2.7078944222761843,10.85725649643746,-10.137055785134505,3.8884596742803543,-0.02433395489568845,0.012842657960484116,22.63367247559884,-45.05818971624869,3.059252637864925,11.042333959705534,-11.034040613648546,0.4278866836214117,0.0009575311851093642,0.0013702305471008508,8.356915000808483,L,0.5,0.0,0.0,0.5,21.162113244781484,14.385431648608924,10.5,-52.785714285714285,3.356915000808483
14410,30.705081376176466,-46.772125828836145,2.714374449907562,10.857258972875266,-10.163694369124162,3.8182966326772316,-0.02410571952139338,0.012473607616341253,22.523732290504448,-45.04912344430842,3.063305202049711,11.043083878461207,-11.03644585407534,0.38283737643160226,-0.0011420434510825547,0.0014967015521689603,8.360813960298039,L,0.5,0.0,0.0,0.5,21.080999965528463,14.297726254235126,10.5,-52.785714285714285,3.3608139602980387
14420,30.60665659357435,-46.72698034092474,2.7208797952809864,10.85708966652645,-10.18952617073983,3.7483266190132802,-0.02333660667594198,0.011807329018169534,22.413761020348083,-45.04046852888368,3.0673735432194835,11.042825138947473,-11.037614262940952,0.3392026413410381,0.0017668377311982906,0.001198840470812545,8.36467931040662,L,0.5,0.0,0.0,0.5,20.999664196974006,14.210085625486846,10.5,-52.785714285714285,3.36467931040662
14430,30.507945264755257,-46.68248436798741,2.727410038831293,10.856605340425086,-10.214581179793653,3.67807161963328,-0.022257602767692435,0.01093198690179212,22.30384540944056,-45.03231823030298,3.071397612730549,11.03365539686489,-11.029724706333255,0.29448993067255413,-4.401528584722231e-05,-0.0009152991876460578,8.368411003167509,L,0.5,0.0,0.0,0.5,20.91810911975742,14.122532239015728,10.5,-52.785714285714285,3.368411003167509
14440,30.408959465619912,-46.638640675352974,2.733968508382793,10.85538354119478,-10.23855510484796,3.607123672877642,-0.02090538763569074,0.00978591413905762,22.193893501326432,-45.024576386758916,3.0754427246352067,11.034264691435977,-11.031421028931309,0.2504942377037645,0.0027315702452253058,-0.0007328741028467882,8.372127108770375,L,0.5,0.0,0.0,0.5,20.836342792699902,14.035042098510639,10.5,-52.785714285714285,3.372127108770375
14450,30.30970338886139,-46.59545599568655,2.7405577202034443,10.854008870267778,-10.262148754382158,3.5352243915746477,-0.019736193893588317,0.008716780960894089,22.083880923972558,-45.017314078580235,3.0794679439304113,11.037045497674802,-11.035137537878247,0.20521412683829973,0.0003242563858024661,-6.198233222191212e-05,8.375839488337737,L,0.5,0.0,0.0,0.5,20.75436450609663,13.947556740840874,10.5,-52.785714285714285,3.3758394883377374
14460,30.210196277050212,-46.55293180067274,2.7471851401611826,10.851305128954007,-10.284143657641017,3.462255367627518,-0.018249085288264803,0.0072631476511207296,21.97382302086603,-45.0104507746391,3.0835115690036226,11.03887761388521,-11.037682228786743,0.1624499635622495,0.00380762747325763,0.00021150790491202904,8.379563958277295,L,0.5,0.0,0.0,0.5,20.672189404745804,13.860134825491867,10.5,-52.785714285714285,3.379563958277295
14470,30.110413642506714,-46.51108572626396,2.7538446170863207,10.850689611296522,-10.30807070714632,3.388383587666874,-0.018041732336182354,0.006864575557745732,21.863710480103833,-45.00407295444114,3.0875256653739798,11.04139241908198,-11.04076315080376,0.11787959965501435,0.0010228194412702203,0.0007392449969191267,8.383269084505326,L,0.5,0.0,0.0,0.5,20.589785982114606,13.772721506085867,10.5,-52.785714285714285,3.3832690845053257
14480,30.010364199128155,-46.46991674853534,2.7605312511820914,10.849711500796685,-10.330836244353513,3.315126263488565,-0.017026353445632098,0.006080839211403212,21.753565286571185,-44.99809656625312,3.0915508026394103,11.042270574271477,-11.042010061437717,0.07585010566874659,0.004441012665134003,0.0007602159783238644,8.38695313754496,L,0.5,0.0,0.0,0.5,20.5071599621512,13.685383494940343,10.5,-52.785714285714285,3.3869531375449604
14490,29.91003475208101,-46.42943346009659,2.7672365596652133,10.8500873579591,-10.354386655425866,3.2420784483541807,-0.01638204165286399,0.005782719394931572,21.64337939815417,-44.992607824667516,3.0955413910563654,11.043791840667152,-11.043746194575602,0.03175231933669189,0.0014702150257774964,0.0009934939707179548,8.390593462159481,L,0.5,0.0,0.0,0.5,20.424293256098426,13.598066506838967,10.5,-52.785714285714285,3.3905934621594813
14500,29.80947215858852,-46.38962147287624,2.7739723380657684,10.847089293123258,-10.373885776415058,3.1688862445475316,-0.013983825475546045,0.004091011256291174,21.53316672361454,-44.98756350436906,3.0995151852134684,11.04428194161185,-11.04427684177915,-0.01061357406242569,0.0015080779324809887,0.0009070183053643115,8.394224097558652,L,0.5,0.0,0.0,0.5,20.34123197630231,13.510807657563273,10.5,-52.785714285714285,3.394224097558652
14510,29.708673772964836,-46.3504949433774,2.7807477647403602,10.844442716741536,-10.393910000956089,3.0933109654080306,-0.012977142275391644,0.0031096448435768372,21.422932232081493,-44.98293137392768,3.1034924252691054,11.04456345137024,-11.044438071842693,-0.05262612065307703,0.004104094909141666,0.0008112609380570686,8.397841567855751,L,0.5,0.0,0.0,0.5,20.25796623800558,13.423631018286889,10.5,-52.785714285714285,3.3978415678557514
14520,29.607640315617328,-46.31206240699426,2.787564566613679,10.841947241222904,-10.413802314638964,3.016710349549834,-0.012357859170320442,0.0023777110671972666,21.31267459734762,-44.97875481047944,3.1074422198452094,11.04499671656469,-11.04459144143799,-0.09461691518678444,0.0032272252183882964,0.0006731644774727941,8.401438294375184,L,0.5,0.0,0.0,0.5,20.174490999226226,13.336511845159725,10.5,-52.785714285714285,3.4014382943751844
14530,29.506375455346763,-46.27432955228784,2.7944231116307465,10.839404180206097,-10.43321444168983,2.9395100604665747,-0.011886360266367047,0.001764686075560015,21.202395173398724,-44.97503579644539,3.111367533291574,11.045508429395609,-11.04465694211996,-0.1371477113582193,0.00201973110010724,0.0005983457823182861,8.405013550670398,L,0.5,0.0,0.0,0.5,20.090804839436046,13.249451343746886,10.5,-52.785714285714285,3.4050135506703985
14540,29.404859683027517,-46.23730984333134,2.801314007637175,10.838711962422652,-10.45397311399789,2.8621885221230885,-0.012191975213975475,0.001898152115450857,21.0921035509284,-44.97170704274483,3.1153001305941546,11.045351066251621,-11.04392356765325,-0.17757367084942077,0.005958296091315233,0.00040090464046300007,8.408547137324254,L,0.5,0.0,0.0,0.5,20.006881825411472,13.162498502441284,10.5,-52.785714285714285,3.4085471373242537
14550,29.303112251909834,-46.20099697022288,2.8082362692523377,10.836844297288001,-10.47273050593395,2.7855179184029524,-0.011381801778514352,0.001420905209471123,20.981789430130508,-44.96885136693826,3.119193306241614,11.04623465597837,-11.044051841171349,-0.21958826120111954,0.0036026162143519306,0.00036949613050403735,8.412050659141268,L,0.5,0.0,0.0,0.5,19.922739080830578,13.075597712859297,10.5,-52.785714285714285,3.4120506591412685
14560,29.20111758439034,-46.16540351189407,2.8151838283731814,10.836550387202863,-10.492626911251405,2.7084321656023316,-0.011431106060942164,0.001634290569942222,20.871459755429342,-44.96643613834373,3.1230581372216246,11.046643326096598,-11.04358327106925,-0.2599948248598923,0.003524175232099403,0.0002413759845300722,8.415504875550214,L,0.5,0.0,0.0,0.5,19.8383546103792,12.988775469783022,10.5,-52.785714285714285,3.415504875550214
14570,29.098895278006292,-46.13052374436891,2.822157424119724,10.835047305610198,-10.510573551425383,2.631747277929253,-0.010482475723762354,0.0012717061698809444,20.76111459809865,-44.96445656927179,3.126896721630229,11.047229001491347,-11.043149484369005,-0.30019673094838245,0.0035492950923479284,0.0001582718012089671,8.418925069335165,L,0.5,0.0,0.0,0.5,19.753745637317945,12.902036469578146,10.5,-52.785714285714285,3.418925069335165
14580,28.99643440573825,-46.096369268042025,2.8291531619291006,10.834754725939275,-10.529317969819607,2.5544809769691694,-0.01033000716657909,0.0014701820779426857,20.65075706103491,-44.96289633110762,3.130714607307785,11.047675734740029,-11.042455819077635,-0.339571235062877,0.004513624568951468,4.486467353982841e-05,8.422297266224772,L,0.5,0.0,0.0,0.5,19.668894795875907,12.81539502563485,10.5,-52.785714285714285,3.4222972662247724
14590,28.893739227989823,-46.062941214274986,2.83616641325989,10.834497306878385,-10.5473953237516,2.4776569127419243,-0.00977413736810024,0.0015503891154465884,20.540390058522224,-44.96172554174457,3.1345290931506704,11.04799004636436,-11.041506085182103,-0.37845400705046733,0.008082478615992584,4.370557963128641e-05,8.425622725025827,L,0.5,0.0,0.0,0.5,19.583802505064256,12.728873964064405,10.5,-52.785714285714285,3.4256227250258267
14600,28.79082127415296,-46.03023881759416,2.8431976655666937,10.83367470230522,-10.56430138511559,2.4008423104845873,-0.008869765093759628,0.0014105178773553958,20.430010942708506,-44.96099600516952,3.1383065303054862,11.048715999826705,-11.04081775410941,-0.41769434443029557,0.007138326770101927,-4.564014069901372e-05,8.42890441221812,L,0.5,0.0,0.0,0.5,19.498476650327824,12.642441753561775,10.5,-52.785714285714285,3.4289044122181203
14610,28.68771536114879,-45.99825421053603,2.8502607340083723,10.830333092750909,-10.578256804921969,2.3230578703634355,-0.0072673074960703694,0.0005493082216365111,20.319621817567416,-44.960702504037634,-3.1411332886113614,11.049427176005475,-11.039969481973355,-0.45707193629155557,0.006242412467376777,-9.251799777378145e-05,8.432170722760896,L,0.5,0.0,0.0,0.5,19.412949398025702,12.556105368442253,10.5,-52.785714285714285,3.4321707227608957
14620,28.58441528839285,-45.96700384789161,2.8573615010196547,10.827764083342563,-10.59288135297029,2.243064797641287,-0.007179589651331463,0.00036407303988682054,20.20922646035569,-44.96081984680121,-3.1374091266146373,11.04990128749456,-11.038788537835368,-0.4954453353584571,0.0067874096485985805,-0.00016928251787572083,8.435413098913932,L,0.5,0.0,0.0,0.5,19.327205911821007,12.469885782901297,10.5,-52.785714285714285,3.4354130989139318
14630,28.480903928650967,-45.93650252707278,2.8644911067181447,10.826944307839925,-10.60872611758782,2.1627882945580796,-0.007864552523661444,0.0007935140194795885,20.09882276647034,-44.961360475835065,-3.1337131354295478,11.050760007222948,-11.037847001396143,-0.5340695750633006,0.006342162206814097,-0.00016758380155757892,8.438612837989156,L,0.5,0.0,0.0,0.5,19.241221577802403,12.383776122180214,10.5,-52.785714285714285,3.4386128379891563
14640,28.37715515596423,-45.906762465052665,2.8716289046106374,10.828722698531962,-10.62631245520614,2.0839191169602045,-0.008815956890113838,0.0018269178684387048,19.98841472718791,-44.96230376709247,-3.1300418689477554,11.051317825763753,-11.036546019733379,-0.5712071781332844,0.0072485480958375415,-0.00020333052938553348,8.441739643790193,L,0.5,0.0,0.0,0.5,19.15496422918618,12.297795175477546,10.5,-52.785714285714285,3.441739643790193
14650,28.273162327350253,-45.87778107234608,2.8787561517318,10.83158006094981,-10.643904608961273,2.007590917517425,-0.00872518150394713,0.0027355549488180145,19.877846508093423,-44.9639337008423,-3.126613923497183,11.067614875082189,-11.050953898276918,-0.6070559787191994,-0.0051490442633861655,0.0027641046606003694,8.444906436631987,L,0.5,0.0,0.0,0.5,19.068425220628416,12.211644305630605,10.5,-52.785714285714285,3.444906436631987
14660,28.168952964930675,-45.849541721605036,2.8858726492769953,10.832673664362167,-10.658845022686277,1.932832507208434,-0.006915069243091932,0.002746679073012007,19.767084670881857,-44.96610101994402,-3.1235737981150473,11.08615634909577,-11.069301561417953,-0.6110855414641198,0.0009323559260239894,0.00625975453048372,8.448186687324926,L,0.5,0.0,0.0,0.5,18.98163293070526,12.12539524813537,10.5,-52.785714285714285,3.4481866873249256
14670,28.064519113955907,-45.82205370164589,2.892975533017998,10.834897331576045,-10.674464653417747,1.8576341267130183,-0.005867094584057791,0.0031478988027202797,19.656080195834022,-44.9686540585185,-3.120916252147955,11.109216300942496,-11.092914024708465,-0.6016188673510146,0.01689583053344615,0.010507099791475951,8.451635107520715,L,0.5,0.0,0.0,0.5,18.89457330649809,12.039112722628282,10.5,-52.785714285714285,3.4516351075207155
14680,27.959907657131605,-45.79529619712314,2.9000783491875834,10.833648568977374,-10.68596998067413,1.782690912142881,-0.0030544360087547033,0.0023163029994365866,19.544912299170228,-44.97148943531962,-3.1185913752370524,11.124651449027144,-11.109069565893869,-0.5885942936117945,0.035894804878291664,0.012712607890984695,8.455223501203545,L,0.5,0.0,0.0,0.5,18.80729434152784,11.952930540758882,10.5,-52.785714285714285,3.4552235012035446
14690,27.85509579733657,-45.7692935675716,2.907180037896185,10.83471313824809,-10.69960423063481,1.7057192312650582,-0.0025374212919265604,0.002524823336087127,19.433657236922794,-44.974572288308686,-3.116550256516606,11.13296547095632,-11.117942991498559,-0.5781555286371683,0.052141150759515635,0.01304541694288204,8.458853902186592,L,0.5,0.0,0.0,0.5,18.71976254733781,11.866936038019947,10.5,-52.785714285714285,3.4588539021865916
14700,27.75011054210621,-45.74403366169744,2.9142838460660707,10.83394156665589,-10.71070093734437,1.6294708651843652,-0.0007401641999953176,0.001992470758637028,19.322387084812785,-44.977883908633736,-3.1147588797795485,11.134493174463364,-11.119898257324465,-0.5699131503339372,0.0649040851550444,0.011692037201482645,8.462476476583756,L,0.5,0.0,0.0,0.5,18.632004178980264,11.781202361029761,10.5,-52.785714285714285,3.462476476583756
14710,27.644922578627263,-45.71953879895421,2.9213787467534,10.836100057172601,-10.724293404834837,1.5526092283868647,-0.0007465167321497856,0.002466550648680148,19.21110435854435,-44.981428408180925,-3.113188973098057,11.136031345594967,-11.121683141749987,-0.5651178855670714,0.07132689438407194,0.01026413098848306,8.46605555842684,L,0.5,0.0,0.0,0.5,18.54398032345839,11.695735000576793,10.5,-52.785714285714285,3.4660555584268398
14720,27.539546268749525,-45.69579743867725,2.9284579748944104,10.837541165600031,-10.736330495206097,1.4776691151211334,0.0006567379910005219,0.002404327207356401,19.099851192183657,-44.985158851738205,-3.1118066877265953,11.133450346163476,-11.119361877092237,-0.5599179017993974,0.07671457736526235,0.007920682493803531,8.469560802465313,L,0.5,0.0,0.0,0.5,18.455705295185968,11.610603154282572,10.5,-52.785714285714285,3.4695608024653133
14730,27.43398966210287,-45.672806772184884,2.9355212575597434,10.838796017367908,-10.74759710456247,1.4030878746931192,0.0021696754483619017,0.0022408647482631103,18.98866913676685,-44.98903271172623,-3.110586526250465,11.126748359204932,-11.112966974424898,-0.5536190697683343,0.08055339135942022,0.004837340687254558,8.472956139472105,L,0.5,0.0,0.0,0.5,18.36718430168952,11.52587295087287,10.5,-52.785714285714285,3.472956139472105
14740,27.328284183051593,-45.650553067607305,2.9425803248947973,10.837839405987163,-10.756124366820321,1.3283642555648436,0.004470700566735198,0.0014273948642489688,18.877566435270687,-44.99303866939445,-3.109517575781549,11.119259916590334,-11.105781762099808,-0.5473139366979178,0.08147494742335915,0.001754774811637311,8.476258351213488,L,0.5,0.0,0.0,0.5,18.278448351923156,11.441565130634869,10.5,-52.785714285714285,3.476258351213488
14750,27.22243331414632,-45.62904468745866,2.9496431193197683,10.837034321350883,-10.764474703934,1.251957359698001,0.005597883706020317,0.0008922241058274733,18.766530265847408,-44.99715464261163,-3.1085954864958145,11.112962231013663,-11.099872035197615,-0.5392312585284235,0.08104386334210054,-0.0008306582662646104,8.479480018904908,L,0.5,0.0,0.0,0.5,18.189494101944312,11.357692721250144,10.5,-52.785714285714285,3.4794800189049084
14760,27.116430220299396,-45.60829167477985,2.956706708695351,10.837271604671821,-10.77338051668801,1.1750438613402274,0.005908410593906954,0.0007263218889521962,18.655530690600482,-45.00134964482292,-3.107807659906819,11.109495796803785,-11.096865280302318,-0.5296015577978592,0.07978272518981704,-0.0025676997785983005,8.482641067461685,L,0.5,0.0,0.0,0.5,18.10030796981178,11.274263333259787,10.5,-52.785714285714285,3.4826410674616852
14770,27.010265355546068,-45.588300563302056,2.963760957372925,10.8388082453775,-10.782963772743077,1.0988432353041397,0.0059337735419278176,0.0008617523542145463,18.544543486688458,-45.00559486296858,-3.1071346906006454,11.10831960968461,-11.09616557184862,-0.5194941318485385,0.07739234653571923,-0.003631725555789927,8.485752335182491,L,0.5,0.0,0.0,0.5,18.010875225877076,11.191288493350829,10.5,-52.785714285714285,3.4857523351824913
14780,26.903962164368433,-45.56905585168843,2.970807736203787,10.838787495197778,-10.790318934071214,1.0238806898657646,0.0071865283187891316,0.0004343339645394283,18.433553480069225,-45.00987286137219,-3.1065585963708577,11.108591307160925,-11.096886627559396,-0.5098117344910129,0.07337152624714459,-0.004258053469080383,8.488846146309312,L,0.5,0.0,0.0,0.5,17.92122020520443,11.108779441398278,10.5,-52.785714285714285,3.488846146309312
14790,26.797512466315432,-45.55056767835567,2.977844936115542,10.839975552050733,-10.798414060676967,0.9483268124605446,0.007391205384543408,0.0004411733815336714,18.32255367071048,-45.01417964053166,-3.1060720820325685,11.109550910271764,-11.098271207294763,-0.5004973898555655,0.06756919209886349,-0.004642674849198437,8.491916080268483,L,0.5,0.0,0.0,0.5,17.831328021762143,11.026744609014024,10.5,-52.785714285714285,3.491916080268483
14800,26.690929205263636,-45.532828932266774,2.9848728285760293,10.840508683096246,-10.805264005031754,0.8734404901596171,0.008174450730859156,0.0001996812105584181,18.21154224721814,-45.018508272369615,-3.1056739881666777,11.110669047357316,-11.099834162479333,-0.4905591150520687,0.06094834501495152,-0.004881615823960007,8.49497080191975,L,0.5,0.0,0.0,0.5,17.741210062453813,10.945198631562965,10.5,-52.785714285714285,3.4949708019197505
14810,26.584230974299217,-45.51583260043048,2.9918988337854144,10.839881981196456,-10.810444179927158,0.7983345156928999,0.009138155835399507,-0.0002991452494659865,18.10052051449016,-45.022852055259484,-3.105365315817326,11.111640297522227,-11.101277492644678,-0.47977925426232054,0.05390716130683211,-0.005038754687868876,8.498021710009377,L,0.5,0.0,0.0,0.5,17.650882860430276,10.864158600655987,10.5,-52.785714285714285,3.498021710009377
14820,26.477439588769652,-45.49957330278584,2.998935688405939,10.837793041970459,-10.813704268243542,0.7221897393030963,0.009972220276862452,-0.0010443794892006691,17.989490727834042,-45.02719476493257,-3.1051411295340166,11.112337732820992,-11.102476056137968,-0.468054816405406,0.04724476936728846,-0.005122109920118293,8.501083304431413,L,0.5,0.0,0.0,0.5,17.56036520793042,10.783649498971258,10.5,-52.785714285714285,3.501083304431413
14830,26.370556156045623,-45.484061152628584,3.005989271215292,10.836070928932218,-10.816891094778306,0.6444379105512918,0.009607789119087216,-0.0014896016760689997,17.878455473288682,-45.03152277574942,-3.1049911214722767,11.112742705008156,-11.103370019784073,-0.4563163721281642,0.04070598525653854,-0.005155424026349901,8.504149868659967,L,0.5,0.0,0.0,0.5,17.469650574012576,10.703695209810249,10.5,-52.785714285714285,3.504149868659967
14840,26.263554750604612,-45.469318382335324,3.013046703281365,10.837125895640675,-10.822319522239024,0.5663018952200307,0.0077966135828176535,-0.0011402066597458217,17.767417016911402,-45.03582578607856,-3.1049034135225715,11.112897759034611,-11.103980809407867,-0.4450918860845586,0.034212110023221026,-0.005141941843227898,8.50718944310605,L,0.5,0.0,0.0,0.5,17.378702695836928,10.624317477112564,10.5,-52.785714285714285,3.50718944310605
14850,26.156436983322383,-45.4553394710468,3.0200961886710154,10.838480605335612,-10.827390379994341,0.4901830183127728,0.0069588348715720035,-0.0008662173999748943,17.65637726438395,-45.040102488944555,-3.104870956180957,11.112868011827901,-11.104365510100523,-0.43462865344767965,0.02750061227065547,-0.00508657350104521,8.510196059834644,L,0.5,0.0,0.0,0.5,17.28752191426684,10.545531644087456,10.5,-52.785714285714285,3.5101960598346444
14860,26.049197271435588,-45.44212630613454,3.027127963086478,10.840822547641327,-10.832869662268054,0.41517272280464246,0.006207199890540997,-0.00040855732399302494,17.545337404230118,-45.04435086715648,-3.1048904114521316,11.112717675346468,-11.104609855930084,-0.4244220535484023,0.021046546080429725,-0.004968028073920685,8.513157929988262,L,0.5,0.0,0.0,0.5,17.196098982032176,10.467353376934827,10.5,-52.785714285714285,3.513157929988262
14870,25.94185390882991,-45.42966454233326,3.034142721019686,10.841990859760312,-10.836613056597532,0.3414429157356125,0.006610507470768544,-0.0003445740966740141,17.434298019198955,-45.04856653493902,-3.10495789008733,11.11249676244596,-11.10476964093883,-0.41433744346274093,0.015157853347841409,-0.004776346768798335,8.516087300306062,L,0.5,0.0,0.0,0.5,17.104453220396774,10.389800014263667,10.5,-52.785714285714285,3.5160873003060615
14880,25.83440939114625,-45.41795705033535,3.0411413675748684,10.843447049816639,-10.840149480271325,0.2674007620604594,0.006596632787256789,-0.0001798061724263754,17.323259340163705,-45.05274488336596,-3.1050677215130773,11.112238924157522,-11.104871122526282,-0.40458776506883665,0.009878391483727867,-0.004515660374707654,8.518982047007883,L,0.5,0.0,0.0,0.5,17.012582345274712,10.312889207239,10.5,-52.785714285714285,3.518982047007883
14890,25.72686283517011,-45.407007308586515,3.048119968419656,10.845480491657082,-10.843752671399855,0.1935848558716025,0.006411561713255654,0.00010036370126442588,17.21222163740449,-45.05688817273268,-3.1052176566809018,11.111964506775589,-11.104927930044477,-0.39538698557054186,0.0049135336787640704,-0.004204249999924262,8.52183654712871,L,0.5,0.0,0.0,0.5,16.920480739488426,10.236633840982464,10.5,-52.785714285714285,3.5218365471287107
14900,25.619198619710996,-45.39682654631664,3.055064808113163,10.849438775155413,-10.848769419494184,0.1205148061176922,0.005753187896903615,0.000780134052928295,17.101185029355104,-45.0609969208514,-3.1054080719048347,11.111682263766047,-11.104966813368504,-0.38625743342635416,0.0006320843953849771,-0.003838693337584858,8.524631198053543,L,0.5,0.0,0.0,0.5,16.828126126449483,10.16104828050709,10.5,-52.785714285714285,3.5246311980535427
14910,25.511419744064224,-45.387406885617054,3.061964872871932,10.85358255416228,-10.853469196906484,0.049604957593975735,0.006130443111553014,0.0013417295734406112,16.99014949019064,-45.06506834564422,-3.1056380178054286,11.111395337845819,-11.104995760760168,-0.37706167585753736,-0.002758609345429694,-0.0034231856918776737,8.527364708624969,L,0.5,0.0,0.0,0.5,16.735521357842863,10.08614961900438,10.5,-52.785714285714285,3.527364708624969
14920,25.403536597017723,-45.37873771285598,3.068817131764114,10.85725737725273,-10.857239181090293,-0.019877638355471863,0.007300252937513194,0.0016863081971175472,16.879114912505568,-45.06909786720721,-3.1059034885337344,11.111105687787056,-11.10500949211897,-0.36801329476182437,-0.005286692489571509,-0.0029701962476559435,8.530043486957991,L,0.5,0.0,0.0,0.5,16.642677220012363,10.011956652788896,10.5,-52.785714285714285,3.5300434869579913
14930,25.295563390952463,-45.37080907737357,3.0756245777186524,10.860125648144246,-10.859763031560256,-0.08874678494274821,0.008931527277145487,0.0017848410691243674,16.768081239497533,-45.073083346613934,-3.1061996822123343,11.110816567030263,-11.105001266382548,-0.3594324134467931,-0.007223891379274298,-0.0024990570517337677,8.532677918106293,L,0.5,0.0,0.0,0.5,16.549607708473665,9.938486727249218,10.5,-52.785714285714285,3.532677918106293
14940,25.18747643985214,-45.36364115627288,3.082373956527395,10.865747676651123,-10.86460282862381,-0.1577274513482526,0.00915353448288133,0.0024847839371899346,16.65704859514964,-45.07702862280658,-3.1065262195029733,11.110531043248725,-11.104975400412295,-0.3513138471956509,-0.008867414983138068,-0.0020280592071559985,8.535241411818165,L,0.5,0.0,0.0,0.5,16.456279461348117,9.865752989638093,10.5,-52.785714285714285,3.5352414118181645
14950,25.079293242846635,-45.35721222444926,3.0890598401416094,10.870157651998829,-10.867850123605693,-0.22396667196801914,0.011217608960682942,0.0027392500054615083,16.546016932201166,-45.0809317004886,-3.1068829304735037,11.110247745571739,-11.104949004658001,-0.34309265793246957,-0.009760942123690152,-0.0015501665163527587,8.53774768435699,L,0.5,0.0,0.0,0.5,16.362714760550347,9.793773298890484,10.5,-52.785714285714285,3.53774768435699
14960,24.97100465348409,-45.351527944244886,3.0956737692209635,10.875950469555036,-10.872094993518402,-0.28956703563511743,0.012674569771332293,0.0032474287847216576,16.43498612330787,-45.084789188351856,-3.107267155007219,11.109969773282184,-11.104919790488006,-0.33494000966087983,-0.010024799123515156,-0.0010765805412478575,8.540185121612247,L,0.5,0.0,0.0,0.5,16.26889984728065,9.72256692643684,10.5,-52.785714285714285,3.5401851216122466
14970,24.862664927710124,-45.34654056210388,3.102233895598756,10.877041808987324,-10.87131297982136,-0.352976782842524,0.01692785061462802,0.0026094872455172044,16.323955992673444,-45.088597875703094,-3.1076744969010006,11.109702180163573,-11.104886323684694,-0.32708144241438497,-0.00983486737491723,-0.0006186256754023046,8.54260409399516,L,0.5,0.0,0.0,0.5,16.174901839446505,9.652153357352983,10.5,-52.785714285714285,3.542604093995161
14980,24.754307243258012,-45.34223721093651,3.1087689573476536,10.875585085282573,-10.867522398153087,-0.4186978300179414,0.020331431951124218,0.0015283598651517928,16.212926456924375,-45.092359060680444,-3.1081027534577474,11.109450696188645,-11.10485111777607,-0.3196504701606618,-0.009521630040774554,-0.00019097415026940912,8.545035098062781,L,0.5,0.0,0.0,0.5,16.080753276757285,9.582548894776483,10.5,-52.785714285714285,3.5450350980627814
14990,24.64595726955796,-45.338613566387664,3.1153043132200624,10.872263750130085,-10.861345892665517,-0.4871185197368286,0.022555744755262955,0.00018187982558725765,16.101897413363726,-45.096073160686636,-3.1085517426613407,11.109215905360408,-11.10482512046471,-0.31230926308483264,-0.008963294118139013,0.00020649837689806517,8.547501662744937,L,0.5,0.0,0.0,0.5,15.986476040577385,9.513770822421975,10.5,-52.785714285714285,3.5475016627449367
15000,24.53761591518564,-45.33568384126678,3.121850811827125,10.869418052212673,-10.855079087835685,-0.5581279338996893,0.02273924883074784,-0.0009076628482981314,15.99086864005375,-45.0997367273359,-3.109019518684951,11.108997906226547,-11.104812548797288,-0.30491431029075994,-0.008015736605471252,0.0005751279086095682,8.550003510265169,L,0.5,0.0,0.0,0.5,15.892061357969515,9.445839795921898,10.5,-52.785714285714285,3.550003510265169
15010,24.429268983295387,-45.33346585298462,3.128402920318838,10.868415197099958,-10.850139617130312,-0.6300152262704605,0.021409568974155614,-0.0014979533804658706,15.87983997393118,-45.10334968410519,-3.1095045509186376,11.108800884292522,-11.10481080844566,-0.29771462088180767,-0.007022582086620018,0.0009027595352803796,8.55252534853525,L,0.5,0.0,0.0,0.5,15.797485278110459,9.378774121235903,10.5,-52.785714285714285,3.5525253485352497
15020,24.320901479093035,-45.331969206804935,3.1349469817092834,10.869252837731754,-10.846623517244018,-0.7010103606286929,0.019625176466877326,-0.0016399678023694567,15.768811271353819,-45.10691212851991,-3.1100068834825785,11.108624494569515,-11.104824758502543,-0.2905258065968232,-0.00596037571572902,0.0011888905487056555,8.555050999836013,L,0.5,0.0,0.0,0.5,15.702726941399744,9.312592269743051,10.5,-52.785714285714285,3.5550509998360127
15030,24.212138372429994,-45.33148407734696,3.141282693714354,10.907254780117592,-10.879792057014386,-0.7735189942882708,0.002981080876206705,0.0057530936725802935,15.657782418189583,-45.110424286308294,-3.1105279273071282,11.10846705348587,-11.104856948136753,-0.28318269685827346,-0.004837037305615885,0.0014326085936602407,8.557211766870235,L,0.5,0.0,0.0,0.5,15.607315167702712,9.24731290961689,10.5,-52.785714285714285,3.5572117668702354
15040,24.103092377284945,-45.332005240336365,-3.1360020067826975,10.933273262741908,-10.902691473811531,-0.8171798239460211,-0.002418120657771892,0.009754520391728659,15.5467532520491,-45.11388352528574,-3.1110682471101265,11.10832542620362,-11.1049079798111,-0.27552229377961207,-0.0035215784006552334,0.00163756708112868,8.5591188979134,L,0.5,0.0,0.0,0.5,15.511347483635856,9.182957345197991,10.5,-52.785714285714285,3.5591188979134003
15050,23.993865091768868,-45.33329814906504,-3.1306910855153105,10.94758584685645,-10.916856717297078,-0.8196799913974379,0.015874631778789897,0.011495095543219782,15.435723553434816,-45.1172855650617,-3.111626098823346,11.10819984665552,-11.104974313480136,-0.2676739251105489,-0.0020657228246400007,0.0018033552499584799,8.560867247341623,L,0.5,0.0,0.0,0.5,15.415021939285346,9.119548565562917,10.5,-52.785714285714285,3.5608672473416227
15060,23.88447575604977,-45.33523086914559,-3.125991922804189,10.960123727403413,-10.930382951423368,-0.8068709036919549,0.04174677585303109,0.012913705443520565,15.324693066919272,-45.12062627229689,-3.1121979354381395,11.10809344191844,-11.105053226189243,-0.25987065608750853,-0.0006234867484546441,0.0019279389915579396,8.562472471087235,L,0.5,0.0,0.0,0.5,15.318416837416628,9.057109773178965,10.5,-52.785714285714285,3.5624724710872346
15070,23.77489912029673,-45.337734900309556,-3.1218744667250657,10.975972348405652,-10.947419215355254,-0.7911899368900347,0.06842955426561875,0.01485911104649028,15.21366151040042,-45.12390206599319,-3.1127792224322746,11.10800994709245,-11.105144669403138,-0.25228328587492876,0.00068018572846679,0.002010944900259076,8.563907629939433,L,0.5,0.0,0.0,0.5,15.221542089403055,8.995664029125244,10.5,-52.785714285714285,3.5639076299394326
15080,23.665079401050168,-45.34076007007512,-3.118297779297527,10.998128082331382,-10.970739469862597,-0.7756911755106571,0.0939611271572641,0.01781004914839165,15.102628760588479,-45.12711627960582,-3.11336971816693,11.107952900768819,-11.105250461835615,-0.2450098479618258,0.0014766770399156333,0.002045907903130915,8.56511556486828,L,0.5,0.0,0.0,0.5,15.124373008786803,8.935228868191611,10.5,-52.785714285714285,3.5651155648682806
15090,23.55496605896012,-45.34426487508321,-3.1152154036015003,11.025992339016739,-10.999641715376216,-0.7618327857287288,0.1170710494889779,0.021451867161404865,14.991594750772968,-45.13027013948624,-3.1139723133183153,11.107913747811967,-11.105375111970373,-0.23746884271229943,0.002119284602420694,0.0020440190280527617,8.566044706207535,L,0.5,0.0,0.0,0.5,15.026886175504966,8.87582381985968,10.5,-52.785714285714285,3.566044706207535
15100,23.44452246856792,-45.34820856270953,-3.1125852480068428,11.058026746788462,-11.032623685019995,-0.7491129136684364,0.13764217579991678,0.025343061841786557,14.880559393930717,-45.13336116939686,-3.1145887689928036,11.107885182999103,-11.105514943513178,-0.2294582273454523,0.0028258457967914093,0.0020130788439213184,8.566657629797211,L,0.5,0.0,0.0,0.5,14.929070745327326,8.817471793012302,10.5,-52.785714285714285,3.566657629797211
15110,23.33372231383234,-45.35249424449876,-3.110355443470088,11.09280264580827,-11.068546390534044,-0.7331789273067859,0.1556116415122587,0.028821978705515575,14.769522583914338,-45.13638594349763,-3.115218730625303,11.107865497668834,-11.105663762687053,-0.22115222006880383,0.0035451413529964263,0.0019550751105829153,8.56692592542326,L,0.5,0.0,0.0,0.5,14.830953732302122,8.760196754730659,10.5,-52.785714285714285,3.5669259254232593
15120,23.222676582005988,-45.35703468181432,-3.108453757363466,11.116929567958326,-11.093731419749169,-0.7178065236651195,0.17269769235419347,0.02944725029467067,14.658484156509283,-45.13933943063731,-3.1158591386150354,11.107855376291774,-11.105817958880058,-0.21274051055510795,0.004271985031737077,0.0018737940703374392,8.566958802475948,L,0.5,0.0,0.0,0.5,14.73267728784293,8.704024293640972,10.5,-52.785714285714285,3.5669588024759484
15130,23.111498808713257,-45.36176564081353,-3.106817649666826,11.13011158058063,-11.107835774956216,-0.7038239785471253,0.18676286953830393,0.02733085459366099,14.547443944229292,-45.142219006118474,-3.11650622551077,11.10785976811202,-11.105976554574934,-0.20453214239696155,0.00477230220175703,0.0017684255056019376,8.566868532124058,L,0.5,0.0,0.0,0.5,14.634374454834058,8.64897812292769,10.5,-52.785714285714285,3.566868532124058
15140,23.000256512429246,-45.36661616479583,-3.1054010919299353,11.136661915191322,-11.11540881246245,-0.6876958230969228,0.19059736045497394,0.02286164511076561,14.436401784038658,-45.14502294198943,-3.1171566289279635,11.107880502255934,-11.106141212744655,-0.19656198760759327,0.005023001471567253,0.0016427606458756382,8.566721156041648,L,0.5,0.0,0.0,0.5,14.536142191253687,8.595081338501377,10.5,-52.785714285714285,3.5667211560416483
15150,22.88924395869701,-45.37159461755855,-3.104235897244804,11.114527479010118,-11.094464995623726,-0.6675084587859826,0.18662428645556506,0.012619601740196494,14.325357587573023,-45.14775278947221,-3.1178094336253017,11.107918109820734,-11.1063129998565,-0.18882871524717512,0.004904473132502175,0.0014981204950206468,8.56681124698824,L,0.5,0.0,0.0,0.5,14.43823175883543,8.542354270977002,10.5,-52.785714285714285,3.566811246988239
15160,22.778526151598378,-45.376679425348,-3.103271018248227,11.08604555457623,-11.066930854041013,-0.6507284456779513,0.1720878470732342,0.0020242949773167894,14.214311367405378,-45.15041125013309,-3.1184669108006458,11.10796668377374,-11.106491186000763,-0.18104525156639537,0.004527377684238333,0.0013396883599239963,8.567203286773639,L,0.5,0.0,0.0,0.5,14.340711349776486,8.490816296398846,10.5,-52.785714285714285,3.5672032867736387
15170,22.667924746656645,-45.38180949835393,-3.102479864642082,11.074709270635756,-11.056688556412988,-0.6315248178746853,0.15992693500778557,-0.004052970363820292,14.103263164379065,-45.15299759350964,-3.1191312882376456,11.10801696543591,-11.10667118508642,-0.1729048604956809,0.0042002569523412045,0.0011758804566360257,8.567717485231407,L,0.5,0.0,0.0,0.5,14.24346161368776,8.44048988715883,10.5,-52.785714285714285,3.567717485231407
15180,22.557379001719283,-45.386948679339376,-3.1018422232423313,11.069174769040965,-11.052288722702107,-0.6111825076071111,0.14632845733231586,-0.008425628956042399,13.992213053240329,-45.155511490516325,-3.11980438865535,11.108065547513378,-11.106847507672548,-0.1644951341585073,0.0038725610103838757,0.0010082173749262986,8.568292180904763,L,0.5,0.0,0.0,0.5,14.146452590284865,8.391397184323294,10.5,-52.785714285714285,3.5682921809047627
15190,22.446832535027344,-45.39207583981159,-3.101347651867545,11.069068030224082,-11.05333451431507,-0.5899687893271006,0.13160622857101692,-0.011146962581155516,13.88116114555248,-45.15795267655091,-3.1204883090633206,11.108108782093618,-11.107016260641089,-0.15578992483413076,0.0035741354174178975,0.0008396258259863905,8.568870404437414,L,0.5,0.0,0.0,0.5,14.049651137616133,8.343560262766749,10.5,-52.785714285714285,3.5688704044374138
15200,22.336270661019554,-45.39718210660848,-3.100993315630329,11.070373177620139,-11.055787001522626,-0.5680986434896304,0.1155144603352456,-0.013157082328891241,13.770107494354804,-45.16031632190703,-3.1211821228997265,11.108143181921319,-11.107173809230215,-0.14674781639068815,0.0035352164134332246,0.0006765805647430812,8.569437367638912,L,0.5,0.0,0.0,0.5,13.953053820672885,8.297005311018623,10.5,-52.785714285714285,3.569437367638912
15210,22.225669641971876,-45.40224604865137,-3.1007727221597436,11.073917460225266,-11.06050069451219,-0.5449516515961582,0.09967193542484121,-0.014238307812274942,13.659052170536025,-45.16260291085284,-3.12188557092909,11.108175172062154,-11.107320769617372,-0.13777145584123046,0.0033335882892256206,0.0005148948100869592,8.569968712626897,L,0.5,0.0,0.0,0.5,13.856656586650972,8.251753610579408,10.5,-52.785714285714285,3.5699687126268973
15220,22.115025456054575,-45.40725790251204,-3.100675292884862,11.077841802284798,-11.065528746247344,-0.5221614332964496,0.08345395503134757,-0.014898369765469887,13.54799522417859,-45.164809475350665,-3.122597714293019,11.108201705418134,-11.107456902577173,-0.12863236624208726,0.003255409335876429,0.00036139513348789026,8.570460211313632,L,0.5,0.0,0.0,0.5,13.76046637812882,8.207829494771369,10.5,-52.785714285714285,3.570460211313632
15230,22.004328197240163,-45.41220331846732,-3.100687598471335,11.08269688363123,-11.071424446810088,-0.4997308605893237,0.06778398230049758,-0.015016015857559307,13.436936736853795,-45.16693743221861,-3.1233192354560537,11.10822657485818,-11.107583468195353,-0.11952880597926419,0.003000865503907458,0.0002136233559162274,8.570901457283162,L,0.5,0.0,0.0,0.5,13.66448796164446,8.165253097096432,10.5,-52.785714285714285,3.5709014572831617
15240,21.893581027165077,-45.417078699303566,-3.100797373474702,11.087250340661994,-11.076918034757643,-0.4785467247515074,0.05228587917705928,-0.014929452993366243,13.325876748482907,-45.16898194877792,-3.1240484239281514,11.10824462411,-11.107698101591296,-0.11018853376743099,0.0029938021436649,7.915034712902976e-05,8.571295619949773,L,0.5,0.0,0.0,0.5,13.568731666146782,8.124050153103957,10.5,-52.785714285714285,3.5712956199497725
15250,21.782786283742308,-45.42188152817047,-3.1009973120935017,11.091578223979957,-11.082112432886918,-0.4581391966635989,0.037608548506022826,-0.014618262946191438,13.214815197417138,-45.17093822430222,-3.1247799000599454,11.108263384423172,-11.10780358315033,-0.1010691637900303,0.003019937258189452,-4.287454826363898e-05,8.571645179185872,L,0.5,0.0,0.0,0.5,13.473206715762913,8.084246162851631,10.5,-52.785714285714285,3.5716451791858717
15260,21.671949264381563,-45.426608746737394,-3.101281740079951,11.095386018838777,-11.086726131756507,-0.4382859642635305,0.02418487973839954,-0.014163186046699361,13.10375204151726,-45.172809447949945,-3.125511450581888,11.108292267543002,-11.10790703068284,-0.09251215521410143,0.0026099565616871027,-0.00015657913832484543,8.57195530401113,L,0.5,0.0,0.0,0.5,13.377925276354182,8.045858857981601,10.5,-52.785714285714285,3.57195530401113
15270,21.561087034652186,-45.4312547492376,-3.1016437495139497,11.097510734793046,-11.089600699822501,-0.4189281887664882,0.012374877828828762,-0.013818936983234543,12.992687308534464,-45.17459681475941,-3.1262433122514417,11.108324616965486,-11.108006744200162,-0.08403550847782745,0.002115203125746229,-0.0002573057317115935,8.572242831480269,L,0.5,0.0,0.0,0.5,13.282910880594791,8.00890748946467,10.5,-52.785714285714285,3.5722428314802688
15280,21.450213560470143,-45.43581491507023,-3.1020772160222463,11.098254052391123,-11.091040768443692,-0.40007209867214005,0.0022714004868147446,-0.013512027971382817,12.88162105779488,-45.176300671625796,-3.1269758558286878,11.108356542938324,-11.108099660736784,-0.07554476937567806,0.001613064537924921,-0.0003443283934925629,8.572521514668438,L,0.5,0.0,0.0,0.5,13.188184021255468,7.973411717276817,10.5,-52.785714285714285,3.5725215146684377
15290,21.339338266537936,-45.44028635293611,-3.1025770092314957,11.09806362138189,-11.091495664688713,-0.3817591707236154,-0.006151750151733748,-0.013158790615332998,12.770553326251584,-45.177918195017625,-3.1277069555359875,11.108385624653758,-11.108183192887264,-0.0670622044907714,0.0012588699708998624,-0.0004161651323109035,8.572800732734182,L,0.5,0.0,0.0,0.5,13.093760558833793,7.939393790773418,10.5,-52.785714285714285,3.5728007327341818
15300,21.228466427638164,-45.44466755081984,-3.103138773162137,11.097348476089623,-11.091376478051863,-0.36402063387471334,-0.012958003324758934,-0.012691408225928067,12.659484118798693,-45.17944944583111,-3.1284339738413305,11.108416934411938,-11.108260688997046,-0.058917348996716384,0.0007997154142899408,-0.0004750989113781202,8.57308570191723,L,0.5,0.0,0.0,0.5,12.999652266613275,7.906872736663135,10.5,-52.785714285714285,3.573085701917231
15310,21.117600283286624,-45.44895780053922,-3.1037586811775464,11.096407499328528,-11.090984954002732,-0.3468604059840626,-0.018226225348007923,-0.012071539699117976,12.54841355239999,-45.180903355417286,-3.1291613207694016,11.108451079710507,-11.108333777299928,-0.05104980332048261,-9.880166830969483e-05,-0.0005247343689130393,8.573378238148202,L,0.5,0.0,0.0,0.5,12.905868103246933,7.8758585162013075,10.5,-52.785714285714285,3.5733782381482015
15320,21.00674023422791,-45.453156719627174,-3.1044332694526524,11.0954217423171,-11.090505642831767,-0.33025478982107387,-0.022049314816058294,-0.011290144528724075,12.437341873770853,-45.18227947381225,-3.1298938008136292,11.108469474981952,-11.108387966607824,-0.042554199890175406,-0.0005972343387485615,-0.0005601455721156361,8.573678483737558,L,0.5,0.0,0.0,0.5,12.812415494727171,7.846369509187652,10.5,-52.785714285714285,3.5736784837375577
15330,20.895885800708975,-45.45726394002268,-3.105159349498124,11.094478201626437,-11.090029346457461,-0.3141586558993146,-0.02453667952618057,-0.010360549120520318,12.326269335461443,-45.1835787363527,-3.130635311083145,11.108470890243343,-11.108419880772045,-0.0336641033168258,-0.0009218627515816692,-0.0005846177173249767,8.573985651501259,L,0.5,0.0,0.0,0.5,12.71930131928047,7.818422129593282,10.5,-52.785714285714285,3.5739856515012587
15340,20.785036248537647,-45.46127893119299,-3.105933969916821,11.09360262352591,-11.089585631032689,-0.2985124799640494,-0.025814430903415737,-0.009309787988462779,12.21519616766,-45.184796319782635,-3.131385978074891,11.108451740341792,-11.10842511528096,-0.02432130131724529,-0.0007864296957658121,-0.0005973040816443683,8.574298901148087,L,0.5,0.0,0.0,0.5,12.626532536539667,7.792037719260481,10.5,-52.785714285714285,3.5742989011480866
15350,20.67419061382008,-45.46519224459577,-3.10674775045996,11.092788575996604,-11.089170829668042,-0.283282018843682,-0.025641235863542833,-0.008159807687744295,12.104122520193107,-45.18593209545933,-3.132145535994692,11.108421563534778,-11.108411435651607,-0.015000316298032015,-0.0006491495968865633,-0.0006011781252522326,8.574616805449605,L,0.5,0.0,0.0,0.5,12.534121333418096,7.767232351301659,10.5,-52.785714285714285,3.5746168054496046
15360,20.563348252425882,-45.46900610878999,-3.1075930130556078,11.092039722092535,-11.08876997256083,-0.2693059451849318,-0.025102758115749177,-0.006970372936754403,11.993048590655363,-45.186990859398605,-3.1329186900971506,11.108381369776616,-11.108379991468187,-0.005533674135868898,-0.0006621027066931176,-0.0005978873732424393,8.574938419221048,L,0.5,0.0,0.0,0.5,12.442073645332352,7.744016516233463,10.5,-52.785714285714285,3.5749384192210485
15370,20.4525087608164,-45.47272266224436,-3.1084663481157313,11.091338312518838,-11.088382729512144,-0.25603516673499005,-0.02406787510851393,-0.0057629692518491255,11.88197461241706,-45.18796269800647,-3.1337039591335625,11.10831958638423,-11.108318609332166,0.00465905700934958,5.6261153386328536e-05,-0.0005848851183345385,8.575263484354982,L,0.5,0.0,0.0,0.5,12.350395828436776,7.722414325706816,10.5,-52.785714285714285,3.5752634843549824
15380,20.34167189074607,-45.476342925393475,-3.109366119499661,11.090669948525987,-11.08800470776009,-0.2431285829093209,-0.022531225863461048,-0.004560780579380091,11.770900571400682,-45.18884046149076,-3.1344934428120843,11.108256204782005,-11.108246695647743,0.01453477584701465,0.0008475318841107102,-0.000563686313309093,8.575592030598449,L,0.5,0.0,0.0,0.5,12.259095206750759,7.7024463752472245,10.5,-52.785714285714285,3.5755920305984485
15390,20.23083746617735,-45.479866786442535,-3.110291071456943,11.090026936552592,-11.087632958201235,-0.23041883098350838,-0.020541493410586475,-0.003385124030836793,11.659826227707844,-45.18961275058363,-3.1352719237334896,11.108208692293411,-11.108183690529161,0.02356796564920884,0.0017256918437896164,-0.0005322113770860002,8.575924501492707,L,0.5,0.0,0.0,0.5,12.168180039585874,7.6841366080057,10.5,-52.785714285714285,3.5759245014927075
15400,20.120005325298877,-45.48329331586987,-3.1112398221808912,11.089407533826224,-11.087267872134491,-0.21783154687995965,-0.01818837235441206,-0.002254848627072464,11.548751128893876,-45.19029118070273,-3.1360337426190603,11.108206868043517,-11.108164064268255,0.03083738880807201,0.0012850561342565492,-0.0004916020430550257,8.576260767409234,L,0.5,0.0,0.0,0.5,12.077659312946452,7.667485316223276,10.5,-52.785714285714285,3.5762607674092344
15410,20.00917553576318,-45.486629740997564,-3.112217450259104,11.088814937507436,-11.086914375689016,-0.20529574868534856,-0.01596276375289549,-0.0011959424202495547,11.437675128160185,-45.190884441477365,-3.1367828926596073,11.108230031882034,-11.108165722397239,0.03779847834213238,0.00041645765438366625,-0.0004430162467334749,8.5766009887208,L,0.5,0.0,0.0,0.5,11.987537468591265,7.652494691855853,10.5,-52.785714285714285,3.5766009887208003
15420,19.898348112825776,-45.489871013236105,-3.1132274654546355,11.088228571134772,-11.086568399062608,-0.19186969181153957,-0.01303963436986083,-0.00020136831146291465,11.326598305660108,-45.191399339599556,-3.1375272041905844,11.108258396134518,-11.108166828970722,0.04510316006147833,-0.0005393980340612662,-0.00039012620580443553,8.576944683079638,L,0.5,0.0,0.0,0.5,11.897826537078986,7.6391677727159335,10.5,-52.785714285714285,3.5769446830796383
15430,19.787522940848316,-45.49301166655697,-3.114269330766078,11.087657011914851,-11.086228163168805,-0.17799755062195938,-0.00980645957584177,0.0007115272733218579,11.215520924501462,-45.19183862090038,-3.1382745407007815,11.108273535513721,-11.108146493251452,0.05312649301409792,-0.0012290621027182392,-0.00033693484031812514,8.577291167477329,L,0.5,0.0,0.0,0.5,11.80853902344603,7.627510590359892,10.5,-52.785714285714285,3.5772911674773287
15440,19.67669957308371,-45.496038229292466,-3.1153343703105865,11.087111173628891,-11.085898942982276,-0.16394755988135457,-0.006128694617479531,0.0015416727144625811,11.104443326074009,-45.19220028971921,-3.1390293739144672,11.108265354935165,-11.108092987053903,0.06188203791698639,-0.0014457618438839788,-0.00028649479612104657,8.577639224047662,L,0.5,0.0,0.0,0.5,11.719692490087114,7.617532838249435,10.5,-52.785714285714285,3.5776392240476618
15450,19.565877433494936,-45.4989499061034,-3.1164152981593314,11.086629246179179,-11.085605019270126,-0.15069638007764247,-0.003115075978650216,0.0022662616466795488,10.993365807956954,-45.19248306022932,-3.1397940893849623,11.108235732150694,-11.108008518904867,0.07104804688639851,-0.0013876567609669823,-0.0002397981176311797,8.577987963246619,L,0.5,0.0,0.0,0.5,11.631296951033395,7.609242423798896,10.5,-52.785714285714285,3.5779879632466187
15460,19.455056002089737,-45.50174655985601,-3.1175093047218523,11.08621429208189,-11.085358498774658,-0.13774717276667325,-0.0005887350489433511,0.0028882458042536687,10.882288631125865,-45.19268201228383,-3.140567661022418,11.108187274086836,-11.107895329889548,0.08053481484852279,-0.0009484236733972072,-0.0001973915484429094,8.57833674386992,L,0.5,0.0,0.0,0.5,11.543362327844882,7.602649781677735,10.5,-52.785714285714285,3.5783367438699205
15470,19.34423482157746,-45.5044274303621,-3.1186156114227823,11.08586287175217,-11.085160558945303,-0.12478378779597366,0.0015451987091213964,0.003409057255145404,10.771211910288136,-45.19279174747076,-3.141345270056876,11.108132020695441,-11.107768076344184,0.08991858177481044,-0.0003314984448662495,-0.00015765598379583032,8.578685134468033,L,0.5,0.0,0.0,0.5,11.455899259731982,7.597764708915951,10.5,-52.785714285714285,3.5786851344680333
15480,19.233413495487678,-45.506990970070405,-3.119733970875253,11.085569244480842,-11.085006829536876,-0.1116649600383307,0.0033501710552971387,0.003830398360678202,10.660135590765398,-45.192809188278574,3.141064669309137,11.108084861591077,-11.10764541335688,0.09880619130777722,0.00018026034630582897,-0.00011788139386803624,8.579032825651685,L,0.5,0.0,0.0,0.5,11.368919226947835,7.594593552396006,10.5,-52.785714285714285,3.5790328256516855
15490,19.122591682676212,-45.509435099970254,-3.120864044674949,11.085327670748194,-11.084891355526798,-0.09835244797578889,0.004857173286025227,0.004154669780135683,10.549059509440276,-45.192732960612595,3.1402977404559937,11.108056328858732,-11.107540484994994,0.1070503586902236,0.0004611839432417199,-7.618686916314543e-05,8.57937959124,L,0.5,0.0,0.0,0.5,11.282434405528303,7.593139814254017,10.5,-52.785714285714285,3.5793795912400004
15500,19.01176926173821,-45.51176617662469,-3.1220119158686694,11.08513355497023,-11.084809041348688,-0.08482009408931925,0.005696514756298537,0.004378613792052352,10.437983438545004,-45.19256542431309,3.1395430555652015,11.108052662957448,-11.107461445894039,0.11460449822570729,0.0003467114313860466,-3.117537315488017e-05,8.579725663578357,L,0.5,0.0,0.0,0.5,11.196451985285318,7.5934021153428315,10.5,-52.785714285714285,3.5797256635783565
15510,18.900946318039676,-45.513978580455095,-3.123182028910051,11.084952249233018,-11.08473010817307,-0.07017689603841401,0.006809923193808659,0.004516900473893471,10.326907193121848,-45.192313121536245,3.138799230585196,11.10807071123477,-11.107403721271783,0.12172714762733453,-0.0002003931941194802,1.6519001737932358e-05,8.580070837882584,L,0.5,0.0,0.0,0.5,11.110987319123613,7.595373747218327,10.5,-52.785714285714285,3.580070837882584
15520,18.790122713900363,-45.516057916312626,-3.1243680586751896,11.084785131203937,-11.084648918340417,-0.05495236204656185,0.008301693833199232,0.0045774146225589715,10.21583077579,-45.19197943919478,3.138062669241119,11.108096335661283,-11.107347504372047,0.12897914347557815,-0.0007638913277205057,6.196576724279163e-05,8.58041427317326,L,0.5,0.0,0.0,0.5,11.026061778382562,7.599050010839032,10.5,-52.785714285714285,3.5804142731732593
15530,18.679298041487304,-45.51800270717509,-3.125563588785494,11.084669511009459,-11.084596098875739,-0.04034219988312028,0.009091782928024456,0.0045586442977434815,10.104754273815715,-45.191569524050735,3.137327440453463,11.108120465246454,-11.107281877005358,0.13649020175613663,-0.0013724847991993402,0.0001033068335164997,8.580755179281157,L,0.5,0.0,0.0,0.5,10.941688536981424,7.604423307862923,10.5,-52.785714285714285,3.580755179281157
15540,18.56847196855002,-45.51981268756808,-3.1267661136478444,11.08460491524344,-11.084574466944828,-0.025981027574894837,0.009386174450198126,0.004471341031844635,9.993677947411399,-45.191082667566064,3.13658909186367,11.108130140263023,-11.107188784636786,0.14461160208844537,-0.001601676220630962,0.0001350774372792358,8.581092933362578,L,0.5,0.0,0.0,0.5,10.85788036134222,7.611490749932906,10.5,-52.785714285714285,3.5810929333625783
15550,18.457644252752278,-45.52148748487186,-3.1279750609449266,11.08458516724142,-11.084579075814876,-0.011620750214138997,0.009318190066328847,0.004324391117645546,9.882602036319373,-45.190518453499635,3.13584487935416,11.108124981339,-11.107069756431448,0.15310789272083805,-0.001604943057182389,0.00015794590114330054,8.581427009147955,L,0.5,0.0,0.0,0.5,10.774650484699663,7.620248025835364,10.5,-52.785714285714285,3.581427009147955
15560,18.346814736717047,-45.523026308060544,-3.1291904531234103,11.084602244424419,-11.084601878862383,0.00284679106843593,0.008995994682756967,0.004125877054318723,9.771526828358779,-45.18986685969645,3.135099867214069,11.108105438303213,-11.106925703957657,0.16188834184742645,-0.0009967339893762368,0.0001686655217896998,8.581757275131345,L,0.5,0.0,0.0,0.5,10.692012821406268,7.6306992655419705,10.5,-52.785714285714285,3.581757275131345
15570,18.235983336194526,-45.52442806293299,-3.1304122951058364,11.084648417283175,-11.08463469437769,0.01744210356462682,0.008494971269191439,0.0038834161150442174,9.6604522488578,-45.18912744923862,3.134360222900268,11.108094658091332,-11.10679461640668,0.1699419962128346,-0.0006834504057637885,0.0001792210684059495,8.582083659078513,L,0.5,0.0,0.0,0.5,10.609981893812677,7.6428379539646984,10.5,-52.785714285714285,3.5820836590785134
15580,18.125150025788784,-45.52569156145499,-3.131640404434116,11.084717186945891,-11.084670576841972,0.03214525575388913,0.007865238029776045,0.003604448996151456,9.54937814735908,-45.18830503635198,3.1336267427678903,11.10809817754302,-11.106680707873554,0.1774507686203914,-0.0007688715456753833,0.00019207818672110916,8.582406013361686,L,0.5,0.0,0.0,0.5,10.528572689237038,7.656651305173456,10.5,-52.785714285714285,3.5824060133616857
15590,18.014314825683815,-45.52681568234411,-3.132874436838959,11.084803418678744,-11.08470409487982,0.046925043489935495,0.007142195532589386,0.003296344160243801,9.43830453148141,-45.18739859508035,3.132900208132555,11.10810887288131,-11.106569041229356,0.18495097780254907,-0.000756451515703452,0.0002013096633119253,8.582724306733395,L,0.5,0.0,0.0,0.5,10.44780054525837,7.672131294653833,10.5,-52.785714285714285,3.582724306733395
15600,17.903477790930815,-45.52779945404086,-3.1341139610733597,11.084903114910052,-11.084731106886517,0.06175236809209576,0.0063542605260028615,0.0029663516829922234,9.327231338866422,-45.186409686812006,3.1321814005131574,11.108129602454015,-11.10646655445602,0.1922080634755773,-0.0008881411915745033,0.000210194329013094,8.583038516732618,L,0.5,0.0,0.0,0.5,10.367681086175004,7.689266331675238,10.5,-52.785714285714285,3.5830385167326178
15610,17.792639005067272,-45.5286420791157,-3.1353585208442345,11.085012955543082,-11.08474826270928,0.07660402679744974,0.0055267997112579985,0.002621451449599739,9.216158574057143,-45.1853363999836,3.1314729601945177,11.108157672986406,-11.106369535719894,0.1993053535653977,-0.0009349837659654052,0.00021574650496067611,8.583348727205719,L,0.5,0.0,0.0,0.5,10.288230201060543,7.708047276247796,10.5,-52.785714285714285,3.5833487272057187
15620,17.68179857442429,-45.52934292611221,-3.1366076687617594,11.085130195187412,-11.084752866330932,0.09146221418657029,0.004683391076459998,0.0022682630621787218,9.105086008632435,-45.184192762915366,3.1307678322827663,11.108197694578354,-11.106287612649993,0.20598904566315254,-0.0017244041453405344,0.00022933535272072462,8.583654645392409,L,0.5,0.0,0.0,0.5,10.20946404430987,7.728448389223297,10.5,-52.785714285714285,3.583654645392409
15630,17.570956626780145,-45.52990150966078,-3.137860978666944,11.08525222265596,-11.084742414948462,0.10631290674906684,0.0038456662130114806,0.0019128795385560664,8.994013981079956,-45.18297519679167,3.130060619951338,11.108221340373357,-11.106166341975111,0.21365984907146224,-0.0018070510938514542,0.00022749888758584182,8.58395614004356,L,0.5,0.0,0.0,0.5,10.131399047463647,7.750460343967606,10.5,-52.785714285714285,3.5839561400435596
15640,17.46011330852463,-45.530317469690814,-3.1391180463003168,11.085376705364311,-11.084714732924066,0.12114449855380274,0.0030327342368267835,0.0015608554421147943,8.882942755570113,-45.181678062732644,3.129353202931529,11.108232944631364,-11.106022119120643,0.22161191709069156,-0.0015018858946756362,0.00021520841442114228,8.584253265750856,L,0.5,0.0,0.0,0.5,10.054051930712571,7.774074929673631,10.5,-52.785714285714285,3.5842532657508563
15650,17.349268783767837,-45.53059055233787,-3.14037848487839,11.085501407850314,-11.084667783592579,0.13594701481122984,0.0022607466902005604,0.0012171306068764118,8.771872345242507,-45.1803033438684,3.128646631469162,11.108244117104466,-11.105878276023564,0.22924895492424452,-0.0013920993916030043,0.0002031215791081112,8.584546044610882,L,0.5,0.0,0.0,0.5,9.977439714621095,7.799275657744551,10.5,-52.785714285714285,3.5845460446108817
15660,17.238423232750364,-45.530720594153635,3.1415433867173594,11.085624271796005,-11.084599742646056,0.1507117804410598,0.001542639979017563,0.0008860355517644847,8.660802867360589,-45.178848390626136,3.127942824167813,11.108252936945114,-11.105726853357611,0.23688471829440008,-0.0011086853000596949,0.00018582787052361268,8.584834604135638,L,0.5,0.0,0.0,0.5,9.901579728924808,7.826049759525188,10.5,-52.785714285714285,3.5848346041356383
15670,17.127576850084623,-45.53070750856547,3.140277318816178,11.085743444475144,-11.084509018965154,0.1654313307804407,0.0008881248562796816,0.0005712935306658219,8.549734275756435,-45.17731585380444,3.1272420452755085,11.108266511089594,-11.105581029701108,0.24424347307037542,-0.0010490259234728276,0.0001712840751470601,8.585119037707745,L,0.5,0.0,0.0,0.5,9.826489619403912,7.854378593742951,10.5,-52.785714285714285,3.585119037707745
15680,17.016729842804903,-45.530551273919016,3.1390089763925038,11.085857307496294,-11.084394275227194,0.1800993988873966,0.00030383567957111,0.00027603397837973836,8.438666780525613,-45.175694855888096,3.126552373531452,11.108281142928012,-11.105431671117344,0.25158964301795184,-0.00046358183466217316,0.00014682760151259568,8.585399756438722,L,0.5,0.0,0.0,0.5,9.752187353195497,7.8842558535375264,10.5,-52.785714285714285,3.585399756438722
15690,16.905882428294696,-45.53025192272232,3.1377387117729634,11.085964496397118,-11.084254439702221,0.19471089162906519,-0.00020642266851129834,2.812102310975975e-06,8.32759996828601,-45.17399501475965,3.1258762870877037,11.10832030040452,-11.105329652835726,0.2577463835375775,-0.0008155645196900637,0.0001419824115986044,8.585676965048464,L,0.5,0.0,0.0,0.5,9.678691222780468,7.915654878632162,10.5,-52.785714285714285,3.5856769650484637
15700,16.795034832183795,-45.52980953197558,3.1364668726726395,11.08606390863563,-11.08408870746642,0.20926182492014134,-0.0006413742266599613,-0.0002463671950835196,8.216534667606318,-45.17216323470415,3.1252550361658344,11.108368084400794,-11.105239586097232,0.2636194869753622,0.0012686709180925522,9.361840532059226e-05,8.585952244661495,L,0.5,0.0,0.0,0.5,9.606019848706081,7.948608276332487,10.5,-52.785714285714285,3.5859522446614953
15710,16.684187286296385,-45.52922421461486,3.135193802743996,11.086154701230392,-11.083896532643193,0.22374921960295407,-0.0010019446182219383,-0.0004700218511001302,8.10546886920671,-45.170236708490584,3.124709569895279,11.108524626606238,-11.105399587189178,0.26347559426958633,-0.0008360605204702878,0.00014004072722619104,8.586226278713303,L,0.5,0.0,0.0,0.5,9.534192180984943,7.983061947995591,10.5,-52.785714285714285,3.586226278713303
15720,16.573340026707672,-45.52849611213617,3.1339198419639014,11.086236280603906,-11.083677614316425,0.23817097068969476,-0.0012909227688103712,-0.0006671620459929399,7.994401777202628,-45.168234672651444,3.1242374072825885,11.10873297666868,-11.10564731838982,0.2618128844560317,-0.0037692658969802418,0.00020889460851474537,8.586499274652056,L,0.5,0.0,0.0,0.5,9.46322749905771,8.018978620093295,10.5,-52.785714285714285,3.5864992746520556
15730,16.46249329194282,-45.52762538844427,3.1326453269257897,11.086308287231695,-11.0834318786499,0.25252570338342706,-0.0015126220264230438,-0.0008372568303592478,7.883333037517429,-45.16617374881346,3.1238301902515024,11.108957846578138,-11.105923978517415,0.2596093612369489,-0.007074771332600422,0.00028527906617464144,8.586771102044363,L,0.5,0.0,0.0,0.5,9.393145410198725,8.056323229986656,10.5,-52.785714285714285,3.586771102044363
15740,16.351647321333182,-45.52661222492833,3.131370591063666,11.086370577200782,-11.0831594591763,0.2668126261894175,-0.0016725487379405219,-0.0009801983992678172,7.772262664968325,-45.16406669121089,3.1234780478784736,11.10916950852515,-11.106187247924593,0.25739460596928987,-0.010219598282229396,0.00035342838380307,8.587041419830651,L,0.5,0.0,0.0,0.5,9.323965846257305,8.095064114861911,10.5,-52.785714285714285,3.5870414198306513
15750,16.24080235353255,-45.525456816723896,3.1300959648195525,11.08642320214973,-11.082860676564021,0.2810313879885108,-0.0017770853167205787,-0.0010962645171704807,7.661190904126148,-45.16192260670274,3.123172080832445,11.109349905896206,-11.106414353585606,0.25537333083868713,-0.012863953729111614,0.00040357267317723075,8.587309808353321,L,0.5,0.0,0.0,0.5,9.255709058648916,8.13517280995197,10.5,-52.785714285714285,3.5873098083533215
15760,16.129958625189307,-45.524159370087865,3.1288217757631163,11.086466388520765,-11.082536018623859,0.2951819433934164,-0.00183319400931237,-0.0011860796462669694,7.550118017605068,-45.159751709272626,3.1229025035665154,11.109492804598506,-11.106599038463203,0.253551127456045,-0.015022003455407842,0.0004354971135606839,8.587575781022972,L,0.5,0.0,0.0,0.5,9.188395611530975,8.176619651625415,10.5,-52.785714285714285,3.587575781022972
15770,16.019116369767435,-45.5227201007896,3.1275483486731077,11.086500516662571,-11.082186120926318,0.30926442910167423,-0.001848146552663583,-0.0012505753401228592,7.439044403563693,-45.15755684037731,3.122662677759422,11.109597542128423,-11.106734287627729,0.25221223622275907,-0.016245310824602142,0.00044081779905122523,8.587839026902536,L,0.5,0.0,0.0,0.5,9.122046373116325,8.219381678338381,10.5,-52.785714285714285,3.587839026902536
15780,15.9082758165088,-45.52113923340676,3.1262760055911887,11.086526100088733,-11.08181174816812,0.32327905300486265,-0.0018292836675257802,-0.0012909504392799268,7.327970311162238,-45.15534282666181,3.1224476115109576,11.109672205228224,-11.106836923480769,0.25097821185273617,-0.016869905431896322,0.00042855805585603204,8.58809929939495,L,0.5,0.0,0.0,0.5,9.056682505092184,8.26343396839297,10.5,-52.785714285714285,3.5880992993949494
15790,15.797437189529795,-45.51941700140602,3.125005065858406,11.086543765054548,-11.081413776287533,0.3372259971810451,-0.0017838070002896365,-0.0013086315644146509,7.216896056987508,-45.15310653103896,3.122258058288149,11.109724406223169,-11.106914138475062,0.2498693714193966,-0.016585942341549725,0.0003945034137286174,8.588356623240013,L,0.5,0.0,0.0,0.5,8.992325450124623,8.308758790418343,10.5,-52.785714285714285,3.5883566232400135
15800,15.686600707048736,-45.517553647886245,3.1237358461427593,11.086554230341296,-11.080993175061202,0.351105335398859,-0.0017186048407061604,-0.001305234394171982,7.1058217008944276,-45.150851126213034,3.1220960646492077,11.109764872757518,-11.10699298538972,0.24815791436187176,-0.01610209672487544,0.000355640145788564,8.588611010626806,L,0.5,0.0,0.0,0.5,8.928996917438786,8.355332536196785,10.5,-52.785714285714285,3.5886110106268063
15810,15.575766742879498,-45.51554076661044,3.122475313170449,11.086558096821882,-11.08055194651592,0.36488216559470055,-0.0012590947977210857,-0.0012910717269747404,6.994747232128281,-45.148580782910294,3.121962099595677,11.109798997561937,-11.10707617306402,0.24595254010024553,-0.01545764655797114,0.000314310234132003,8.588862292150822,L,0.5,0.0,0.0,0.5,8.8667260601645,8.403130672929198,10.5,-52.785714285714285,3.5888622921508215
15820,15.464934820732191,-45.51339058369712,3.1212222823388958,11.086589889711975,-11.080154837274838,0.3776826242743937,-0.00172775773504328,-0.0012317071325174168,6.883672521017371,-45.14630455429698,3.121851848429825,11.109829303411876,-11.10716251307022,0.2434092422174441,-0.014891594555911082,0.0002762558368977831,8.589110245507833,L,0.5,0.0,0.0,0.5,8.805524958856212,8.452124317573556,10.5,-52.785714285714285,3.5891102455078325
15830,15.354105260664195,-45.5111036246554,3.119972994707376,11.086611202555819,-11.079718120789487,0.39088914091496313,-0.0019101133693090514,-0.00116495625833824,6.772597572485072,-45.144025454483405,3.1217606193289504,11.109855155635698,-11.10723798739047,0.2411345489041745,-0.013941223095955324,0.000232215059015446,8.589355073886177,L,0.5,0.0,0.0,0.5,8.745415836402488,8.502290106200972,10.5,-52.785714285714285,3.5893550738861766
15840,15.243278397830691,-45.50867941420928,3.118726172062783,11.086619223192415,-11.079245137595242,0.4042931870953948,-0.0019373036954807028,-0.0010906490353121382,6.661522414748511,-45.14174483785015,3.1216858514376344,11.109876750705537,-11.10730515492962,0.2390263816848355,-0.012689490885151006,0.0001841746842613779,8.58959700664092,L,0.5,0.0,0.0,0.5,8.68642196076308,8.553606203956228,10.5,-52.785714285714285,3.58959700664092
15850,15.132454525454655,-45.50611748029285,3.1174819132020835,11.086615869278418,-11.078743594178318,0.41772216530720035,-0.0018722402126920036,-0.0010093582490835386,6.550447133372511,-45.139460670915895,3.1216287817353803,11.109894546557285,-11.107367882787843,0.2369294241676652,-0.011120363488148516,0.000132143086361115,8.589836325193575,L,0.5,0.0,0.0,0.5,8.628566774378422,8.606053810435004,10.5,-52.785714285714285,3.589836325193575
15860,15.02163410065032,-45.50340901026918,3.1162474631994725,11.08660445591417,-11.078221594164878,0.4310506611465571,-0.0013862389283568251,-0.000932246698102054,6.4393717506974495,-45.13717332202423,3.121592197521166,11.109909471322293,-11.107435683800636,0.23443760621770884,-0.009585395906671417,8.360149368691267e-05,8.59007308599658,L,0.5,0.0,0.0,0.5,8.571881069225087,8.6596120382081,10.5,-52.785714285714285,3.590073085996581
15870,14.910816572424114,-45.50056612632475,3.115021959915279,11.086621533625818,-11.07775242356421,0.4433714831526213,-0.001829311660960121,-0.0008155982324494679,6.328296237026038,-45.13488566611111,3.121577522175354,11.109921820711559,-11.107509771134135,0.23149416079584886,-0.00825483321603665,4.204669427402962e-05,8.590307183477409,L,0.5,0.0,0.0,0.5,8.51637754798529,8.714257906015298,10.5,-52.785714285714285,3.5903071834774085
15880,14.80000222129896,-45.49758944255903,3.1138018600706805,11.086631575007475,-11.077247241246848,0.45606275471891206,-0.0019984221528281092,-0.0007036332965112362,6.217220529919188,-45.132602469181165,3.121583384162623,11.109931373769687,-11.107585914809999,0.22827675086729596,-0.007172030198216191,8.194738929635914e-06,8.590538810378506,L,0.5,0.0,0.0,0.5,8.46207910815024,8.76996695921396,10.5,-52.785714285714285,3.590538810378506
15890,14.689191334497508,-45.49447866203243,3.1125859850740603,11.086633056942587,-11.076711807043752,0.4689222568717258,-0.0020266831124828486,-0.0005947300471891626,6.106144557556298,-45.13032917379858,3.121605426362215,11.10993787133687,-11.107657287842255,0.22509793604128064,-0.006267541915787406,-1.9553964431986082e-05,8.590768116119877,L,0.5,0.0,0.0,0.5,8.409009511058741,8.826714386499248,10.5,-52.785714285714285,3.590768116119877
15900,14.578384154192342,-45.4912335163464,3.11137445812975,11.086628174282865,-11.07615493112554,0.4817844087410722,-0.0019747001948759845,-0.000488657319475409,5.995068314974828,-45.12806773963511,3.121639247581575,11.109941477142529,-11.107717527567281,0.22228574697112216,-0.005281649408964188,-4.642899501503404e-05,8.590995296072311,L,0.5,0.0,0.0,0.5,8.357192531217951,8.884478606616266,10.5,-52.785714285714285,3.590995296072311
15910,14.467581138275202,-45.487845393708845,3.1101745144276496,11.086620114416096,-11.075585188698767,0.49452835030165176,-0.0015104535540549219,-0.0003981439240220713,5.8839918274218785,-45.125818275515385,3.1216821506421883,11.10994257718016,-11.107768043352987,0.21980255527787615,-0.0041969494696303365,-7.269248388727925e-05,8.591220465783827,L,0.5,0.0,0.0,0.5,8.306659403978102,8.943239812079794,10.5,-52.785714285714285,3.5912204657838274
15920,14.356781625163736,-45.484326609014104,3.108985269135691,11.086644055793428,-11.075079613644089,0.5062489222752666,-0.0019811021751657727,-0.00027114039421654115,5.772915104751402,-45.123581341496546,3.1217321694783426,11.109941645503252,-11.10781205705511,0.2175193592042957,-0.003122744020034263,-9.616052585824012e-05,8.591443510161263,L,0.5,0.0,0.0,0.5,8.25742251006147,9.002977999626248,10.5,-52.785714285714285,3.5914435101612625
15930,14.245985843804469,-45.48067796358514,3.1078031601828573,11.086664998972894,-11.074542023290741,0.5183240046709113,-0.0021813909239989963,-0.00015834588522110427,5.6618381936913815,-45.1213552933531,3.1217890161927664,11.109939269047947,-11.107850363980118,0.21543178354271278,-0.0019872109821811234,-0.00011824153594149078,8.59166477816056,L,0.5,0.0,0.0,0.5,8.209504589779435,9.063675216368427,10.5,-52.785714285714285,3.5916647781605597
15940,14.13519403908767,-45.476899345929326,3.106626995503229,11.08668098125838,-11.073979008307035,0.5305507551323001,-0.002242839210812901,-5.672537371901886e-05,5.550761091735898,-45.119140898964176,3.121852254459141,11.109935611756685,-11.107887064707889,0.21334070187039483,-0.0010187098941485896,-0.00013462392005053047,8.591884550781252,L,0.5,0.0,0.0,0.5,8.162929102095788,9.12531168045784,10.5,-52.785714285714285,3.591884550781252
15950,14.024406414730699,-45.472990674308335,3.1054568894023706,11.086693695044502,-11.073399913354406,0.5427627904178324,-0.002224864071678553,3.498368742772232e-05,5.439683850613761,-45.11693594736488,3.121922901368863,11.109931068076827,-11.107920790867713,0.21133868843048764,-4.891135456296493e-05,-0.0001487347448053209,8.592103145996168,L,0.5,0.0,0.0,0.5,8.117719334456506,9.187870304617727,10.5,-52.785714285714285,3.592103145996168
15960,13.913623442916032,-45.46894352522827,3.104300073107948,11.086705845885941,-11.072813586178762,0.5548385341128645,-0.001794450106543727,0.00010284377330389687,5.328606406870244,-45.11474431086243,3.1219993510789856,11.109925339459688,-11.107955598968479,0.20919717902800888,0.0005259356458801469,-0.0001532869530749537,8.59232067561807,L,0.5,0.0,0.0,0.5,8.073906078939054,9.251329204505815,10.5,-52.785714285714285,3.592320675618071
15970,13.80284437155367,-45.46477040531257,3.103155654773794,11.08675098251433,-11.072300372714595,0.565872604626437,-0.0022979497508956747,0.00020720030362406604,5.217528806637029,-45.11256368850087,3.1220811012010574,11.109919283015751,-11.10798432222266,0.2073421625739663,0.0011882628148415283,-0.00015774151661489003,8.592537047960121,L,0.5,0.0,0.0,0.5,8.031500497584188,9.315671848891318,10.5,-52.785714285714285,3.5925370479601213
15980,13.692069390147047,-45.460472310361915,3.102020069023199,11.086795038124148,-11.071757579973747,0.5772419836326182,-0.0025294326316191136,0.0002914367439902865,5.106451028817544,-45.11039552606599,3.1221673723397294,11.109912530642655,-11.108012392001772,0.20546809403344463,0.001606005549219463,-0.00015605501467474216,8.59275255091762,L,0.5,0.0,0.0,0.5,7.99052419988689,9.380878880294336,10.5,-52.785714285714285,3.59275255091762
15990,13.581298711446681,-45.456049325446116,3.100892121066574,11.086835789717906,-11.071192748302957,0.5887435418701868,-0.0026198144742711794,0.0003601338075808009,4.995373132840605,-45.108236833133276,3.1222593436310597,11.109905505987733,-11.108037295202518,0.20373463222164617,0.00207897670075583,-0.00015414626878945648,8.592967564885308,L,0.5,0.0,0.0,0.5,7.950999319516129,9.44693479291261,10.5,-52.785714285714285,3.592967564885308
16000,13.47053286911936,-45.45149290286733,3.099778581378335,11.086874398305548,-11.070617534447988,0.6001760823089834,-0.0022468837300956513,0.0003985738163415966,4.884295025134124,-45.10609305040615,3.1223545308290936,11.109897537071067,-11.10806416368937,0.20182621132484374,0.002082362183711598,-0.00014253194768312527,8.593182261046511,L,0.5,0.0,0.0,0.5,7.912955757435271,9.513817566178625,10.5,-52.785714285714285,3.593182261046511
16010,13.35977539167733,-45.446714213313385,3.098756318354472,11.086941305885258,-11.070137919810843,0.6101753489864606,0.001678087709015827,0.00026962243718112205,4.773216675530146,-45.10396527946492,3.122448651971093,11.109890088078474,-11.108083265488862,0.20035951724500303,0.00211972320142489,-0.00013083190938376784,8.593396733393464,L,0.5,0.0,0.0,0.5,7.876499054373309,9.581509016874067,10.5,-52.785714285714285,3.5933967333934635
16020,13.249019718844249,-45.44177219004621,3.0978670411013964,11.087318898784485,-11.070548776551558,0.6095819463668599,-0.0014369706984414688,0.0005091241353487384,4.662138118775291,-45.1018509093846,3.122540028487861,11.109883771523707,-11.108095042385733,0.19935382136131902,0.002334806296749,-0.00012183564743281782,8.593607047721548,L,0.5,0.0,0.0,0.5,7.84159390169627,9.649994182918304,10.5,-52.785714285714285,3.593607047721548
16030,13.138261951482987,-45.43671940947538,3.0970966309401944,11.087863176304639,-11.07130037265719,0.6058200020246829,-0.007129760678181567,0.0008852934069614413,4.551059355289412,-45.09974948240895,3.1226277692940636,11.109878247675114,-11.108104547044807,0.19851460925368664,0.0024983925982665304,-0.0001115360418926276,8.593811561805438,L,0.5,0.0,0.0,0.5,7.808210538633579,9.719256646057763,10.5,-52.785714285714285,3.5938115618054383
16040,13.027501477762968,-45.43157367529874,3.0964259880878133,11.08843260934789,-11.072040957264088,0.602699570861148,-0.012278213622895483,0.0012249841602271138,4.439980514600116,-45.09765368473218,3.1227159468877073,11.10987356712086,-11.108111714151766,0.19785050754328606,0.0029434629889850913,-0.00010629845062846746,8.594010638395872,L,0.5,0.0,0.0,0.5,7.776351833466452,9.789285569836014,10.5,-52.785714285714285,3.594010638395872
16050,12.916738171655032,-45.426352943078676,3.095840108057961,11.0889632710001,-11.072735615167941,0.5996936069199684,-0.017074359175495185,0.0015248131170543782,4.3289015641372615,-45.09556605653343,3.122806900632167,11.109867998356178,-11.108127003182133,0.19667593160987662,0.002919394301184817,-9.276030963543077e-05,8.59420488246194,L,0.5,0.0,0.0,0.5,7.746019801279487,9.86006266166098,10.5,-52.785714285714285,3.5942048824619395
16060,12.80597293991705,-45.42106068990244,3.0953337916051584,11.089412740476675,-11.073337324475741,0.5968881193480354,-0.020607211272755603,0.0017324706737183366,4.217822550305973,-45.093484452624956,3.1229029265377397,11.109861978994338,-11.108143172149703,0.1954186770191659,0.0028897924261185597,-7.965785321433077e-05,8.594395459007327,L,0.5,0.0,0.0,0.5,7.717229670415026,9.931573556819364,10.5,-52.785714285714285,3.594395459007327
16070,12.695205732700373,-45.415718062425334,3.0948972304740447,11.089782518623117,-11.07390399147756,0.5932341004158962,-0.024086217684675525,0.0019086687883954727,4.1067433520346235,-45.091416173943614,3.123001043486428,11.109854869750265,-11.108163180615431,0.19387103892361246,0.0023290161237419925,-5.76784653564478e-05,8.594583048582614,L,0.5,0.0,0.0,0.5,7.689978708694451,10.003796979125037,10.5,-52.785714285714285,3.5945830485826136
16080,12.584437225097291,-45.41033322251799,3.0945206973959003,11.090065107377734,-11.074364978822386,0.5899020272124761,-0.026338143491942932,0.0019971369689215364,3.995663995153738,-45.08935911959308,3.1230989842159347,11.109848702828678,-11.108175660828444,0.19279960560805876,0.002047296082090213,-4.142940416014734e-05,8.594768756059903,L,0.5,0.0,0.0,0.5,7.6642758544252425,10.076719193617535,10.5,-52.785714285714285,3.594768756059903
16090,12.473667535489037,-45.40492156327562,3.094191776667182,11.09027569911698,-11.0747524225515,0.5865780950685953,-0.027974623998090743,0.0020334238594802026,3.8845844663856104,-45.08731366511795,3.123195639641144,11.109843243266042,-11.108186864553154,0.19183709785362116,0.0017390630067075463,-2.548880708725775e-05,8.594953330003095,L,0.5,0.0,0.0,0.5,7.640122037784927,10.150324861677317,10.5,-52.785714285714285,3.5949533300030954
16100,12.362897255850484,-45.399486227818414,3.0939017001216778,11.090425103992436,-11.075041559464212,0.5839378763242803,-0.028228542098816596,0.0019842527429595044,3.773504785951249,-45.08527819367983,3.1232910849259903,11.109838783773865,-11.108196571021143,0.19101502820477023,0.0015458245096073666,-1.2456021760833809e-05,8.595137560893304,L,0.5,0.0,0.0,0.5,7.617529199753911,10.22460042603757,10.5,-52.785714285714285,3.5951375608933045
16110,12.252127148565895,-45.39402144036469,3.093653290905741,11.090533041257387,-11.075284370676032,0.5813770273076362,-0.027155650866106305,0.001857970295795807,3.6624250096281776,-45.083249408930115,3.123388066312851,11.109835003144708,-11.10820754882597,0.1901548035288504,0.0014691055491627765,-2.4880500512720485e-06,8.595322105144936,L,0.5,0.0,0.0,0.5,7.596517140422581,10.299533820860631,10.5,-52.785714285714285,3.5953221051449358
16120,12.141357084762529,-45.388534082145014,3.093449684476419,11.090621735032107,-11.075564988050715,0.5777115759890392,-0.02597796095617633,0.0017209749880961616,3.5513451095228006,-45.081229300727465,3.1234878551859033,11.10983092303128,-11.10822394973287,0.1889545472412474,0.0011540766044198503,1.0533026602134435e-05,8.595507080064795,L,0.5,0.0,0.0,0.5,7.577092321186093,10.37510933295838,10.5,-52.785714285714285,3.5955070800647952
16130,12.030586830052021,-45.383031750885685,3.093290239146574,11.090700026789227,-11.075869964459217,0.5733512140152197,-0.024615692451935043,0.0015727197871756044,3.440265060143869,-45.07921938301735,3.1235898345570363,11.109826885945393,-11.10824136473773,0.18768915366843986,0.000776587046305962,2.3489954492119815e-05,8.595692529716713,L,0.5,0.0,0.0,0.5,7.559259537533095,10.451311932303964,10.5,-52.785714285714285,3.595692529716713
16140,11.919816158980803,-45.377521305618885,3.0931725347821737,11.090771234158042,-11.07618626457746,0.5685986289229901,-0.023053430700094312,0.0014145398824409654,3.329184767677071,-45.07722472680813,3.123689686519011,11.10982324724413,-11.10825786230856,0.1864935641413166,0.00022963013115961516,3.8339271133815845e-05,8.595878415641913,L,0.5,0.0,0.0,0.5,7.543023343172004,10.528124352223415,10.5,-52.785714285714285,3.595878415641913
16150,11.809044894614104,-45.37200850328216,3.0930937606739874,11.090835706462487,-11.07650552493555,0.5636151380290362,-0.021296698540780954,0.0012480648743825589,3.21810428277044,-45.0752412320465,3.1237861701014684,11.109821553288802,-11.108267389424588,0.18582397844904136,0.00013203154583724073,4.445663053915149e-05,8.596064879321318,L,0.5,0.0,0.0,0.5,7.528388404205961,10.605536287616161,10.5,-52.785714285714285,3.596064879321318
16160,11.698272910680256,-45.36649812135759,3.093051358715118,11.090892691375789,-11.076823219123833,0.5584693938722172,-0.019380197885610552,0.0010760374769010243,3.107023597261146,-45.07326895782402,3.123879323506524,11.109820853625564,-11.108278034206396,0.18514457707726414,2.398154973623856e-05,4.9770124260992405e-05,8.596251980233648,L,0.5,0.0,0.0,0.5,7.515359370111441,10.683534669160291,10.5,-52.785714285714285,3.5962519802336477
16170,11.587499698530236,-45.36100288891903,3.0930365204813666,11.090941354703713,-11.077135378027787,0.5532196221413598,-0.017740784587750812,0.0009205492156327206,2.995942730616418,-45.071306368703134,3.123969797775723,11.109821117315409,-11.108288649757522,0.1845224442055399,3.441218106661024e-05,5.206636803458728e-05,8.596439682027302,L,0.5,0.0,0.0,0.5,7.503931963977597,10.762107833144626,10.5,-52.785714285714285,3.5964396820273024
16180,11.476725365137714,-45.355523015942744,3.093042356948054,11.090981389630908,-11.077396217487665,0.5487815830811992,-0.015503812100600693,0.0007397077104392465,2.8848616741399447,-45.069353856119356,3.124057798503761,11.109821860983159,-11.108300738127868,0.1838382280352715,7.636197780242182e-06,5.4012879137977766e-05,8.596628087379367,L,0.5,0.0,0.0,0.5,7.4941133394346675,10.841243009978196,10.5,-52.785714285714285,3.596628087379367
16190,11.365950023597987,-45.350058100695705,3.093066338235358,11.091013520562258,-11.07763051643481,0.544686198326199,-0.013014193294951357,0.0005516976505146147,2.7737803982987934,-45.06741294485146,3.124141870000861,11.109823081672166,-11.108312591101216,0.18319466268924908,-6.261298738032047e-05,5.577799770351059e-05,8.596817268852252,L,0.5,0.0,0.0,0.5,7.48591025495059,10.920926925956277,10.5,-52.785714285714285,3.596817268852252
16200,11.255173743553625,-45.34460822996874,3.0931077243920373,11.091039027393235,-11.077852613884978,0.5406738131273249,-0.010482835440395175,0.00036783845570152924,2.66269882704776,-45.06548754780867,3.1242171982540095,11.109825127696134,-11.10832126994483,0.1827920449027041,-0.00021220965842759789,5.810461921119268e-05,8.59700724356982,L,0.5,0.0,0.0,0.5,7.479327958834657,11.001144965876565,10.5,-52.785714285714285,3.59700724356982
16210,11.14439655319158,-45.33917404308,3.0931661308305016,11.091059092480938,-11.078068003079133,0.5366573506981893,-0.008051936475099369,0.00019575148098178625,2.551616820699981,-45.06358457249781,3.1242731902124077,11.10982890163098,-11.108320346949776,0.18307728711298685,-0.00041034454501163845,6.065348301265639e-05,8.597197978842535,L,0.5,0.0,0.0,0.5,7.4743701074362825,11.081880818377368,10.5,-52.785714285714285,3.5971979788425354
16220,11.033618876753385,-45.33374778527269,3.09324768137348,11.091074583265321,-11.078279166291079,0.5326031592800266,-0.005422702992216828,2.1882363072946523e-05,2.4405345687768496,-45.06169124754934,3.1243083517181396,11.109835268294917,-11.108299432408144,0.18472522461894236,0.0004736861985955483,4.427106440861031e-05,8.597389876218863,L,0.5,0.0,0.0,0.5,7.471047706267927,11.163131949913689,10.5,-52.785714285714285,3.5973898762188625
16230,10.922840996213818,-45.32832505518597,3.093363415919086,11.09108373141644,-11.078527781170752,0.5275988429841939,-0.003193664410057028,-0.00012479412237836714,2.3294522439200485,-45.05979772910289,3.1243301833846444,11.109841987670224,-11.108278839542317,0.18636044101869034,0.0016017084112426706,2.3017658561918933e-05,8.597583216980363,L,0.5,0.0,0.0,0.5,7.46936735230493,11.244893831162,10.5,-52.785714285714285,3.5975832169803628
16240,10.812062652811466,-45.32291357261599,3.0935186484927324,11.091083076561358,-11.078828065707752,0.5212413084857862,-0.002037496235707549,-0.0002133600404837497,2.218369910051678,-45.05790133131268,3.1243461399082113,11.10984764744729,-11.108268190879146,0.18733005362898358,0.0024040567534164984,6.5160117437435745e-06,8.59777799463343,L,0.5,0.0,0.0,0.5,7.469322431298583,11.3271571899111,10.5,-52.785714285714285,3.5977779946334305
16250,10.70128321511545,-45.31752902856904,3.0937063478444196,11.091071856524216,-11.079139957405408,0.5143274548441186,-0.0019010308043174553,-0.00024778418427951626,2.1072876126235016,-45.05600047387374,3.1243619198226935,11.109851872443379,-11.108265344695772,0.18774892666693505,0.0029040025210650346,-5.579613823104553e-06,8.597974040468602,L,0.5,0.0,0.0,0.5,7.470897266575735,11.409912218338116,10.5,-52.785714285714285,3.5979740404686016
16260,10.590502643768817,-45.31217338716866,3.093919274139878,11.091055065151934,-11.079408766300931,0.5081376264817145,-0.001590500408950813,-0.00028417129626914225,1.996205274098355,-45.054100558766955,3.124377572494066,11.109854789992486,-11.108269426099975,0.1876800785685535,0.0028151655011006685,-8.259008163122781e-06,8.598171251090774,L,0.5,0.0,0.0,0.5,7.474088860239972,11.493144720353651,10.5,-52.785714285714285,3.5981712510907737
16270,10.479720973864698,-45.30684698107755,3.094154419078246,11.09103308551669,-11.07965296150892,0.5022998671635333,-0.0012368836373335356,-0.0003160801338339348,1.8851229265170635,-45.052200113954285,3.1243929452064036,11.109857031270707,-11.108270076429735,0.18777423777212096,0.0027663425501438,-1.2042887753999103e-05,8.598369649090895,L,0.5,0.0,0.0,0.5,7.478894797980873,11.576845357697177,10.5,-52.785714285714285,3.5983696490908947
16280,10.368938240812755,-45.30155016591487,3.094411063544291,11.09100610444657,-11.079886326254263,0.4965233188430371,-0.000920309659321611,-0.0003398527925635481,1.774040362607585,-45.050311438313464,3.1243992538725105,11.10985889480462,-11.108270732706922,0.1878456583372906,0.002037641032230897,-4.4564690703707e-06,8.598569092298003,L,0.5,0.0,0.0,0.5,7.485311600515654,11.66099604686402,10.5,-52.785714285714285,3.5985690922980034
16290,10.258154048693797,-45.29629252371643,3.0946826503353746,11.09097411701955,-11.08011434686295,0.49068617755078353,-0.0010853226556660754,-0.00033544736499181797,1.6629577115525298,-45.048426856506005,3.1243921169418396,11.10986078695628,-11.108250149217206,0.18917010325297418,0.0021362239783312073,-1.1141405920966972e-05,8.59876953191492,L,0.5,0.0,0.0,0.5,7.493325549664196,11.745592074050306,10.5,-52.785714285714285,3.59876953191492
16300,10.147368447302442,-45.29107216122779,3.0949642587849397,11.090944445255593,-11.080307262294276,0.4856332576076534,-0.0008247234738094062,-0.0003439304546925488,1.551875120966455,-45.04653792976292,3.124375863469893,11.109862563585851,-11.108225012580531,0.19074394262111408,0.0025655079402053423,-2.3535032815043547e-05,8.598971014804306,L,0.5,0.0,0.0,0.5,7.502933398750475,11.830629295151452,10.5,-52.785714285714285,3.598971014804306
16310,10.036581497117208,-45.285887299394204,3.095254897181195,11.09091661799065,-11.080487027543796,0.48087281026773837,-0.00042540745430443553,-0.0003524841553922945,1.4407926730949656,-45.04463996238256,3.1243578032030332,11.10986434839692,-11.108207758716171,0.1918494956438438,0.002893743504022715,-3.4108378345499135e-05,8.599173552429379,L,0.5,0.0,0.0,0.5,7.514130790287661,11.916101252976814,10.5,-52.785714285714285,3.599173552429379
16320,9.925793232433067,-45.280737125424984,3.0955550086267345,11.090889471193824,-11.080664379881139,0.4761367058643781,-3.130511164016529e-05,-0.0003553227693226511,1.329710270838657,-45.042738521245575,3.1243391837827157,11.109866261030495,-11.1082019301754,0.192297208589288,0.0026155064834712063,-3.404805434803758e-05,8.599377048263733,L,0.5,0.0,0.0,0.5,7.526911424241932,12.001995142721556,10.5,-52.785714285714285,3.599377048263733
16330,9.8150040591848,-45.27561302754075,3.095871832511995,11.090861934237806,-11.080843855179893,0.4712938589109665,0.0006615874300304741,-0.0003668896861430534,1.2186277119498117,-45.04084539580407,3.1243100754970454,11.10986803464648,-11.108193185063433,0.19290388946295411,0.0018354273102539282,-2.508815457254459e-05,8.599581509830138,L,0.5,0.0,0.0,0.5,7.541275777144939,12.088294572489747,10.5,-52.785714285714285,3.599581509830138
16340,9.704213928621565,-45.27051893805898,3.0962107712898677,11.090824794195946,-11.081054772187704,0.46542427023917743,0.0006887212533944035,-0.00034644722976240826,1.107545177868714,-45.038950917892166,3.1242670656616345,11.109868534723374,-11.108160150802956,0.19482536526271124,0.0020012503679682197,-3.2481093809208465e-05,8.59978705306908,L,0.5,0.0,0.0,0.5,7.5572108998505465,12.174996930710412,10.5,-52.785714285714285,3.5997870530690808
16350,9.593422754507674,-45.26545926159346,3.096572846134438,11.090778458104953,-11.081275546177258,0.4590196907092269,0.00033671122914629066,-0.0003077920952232299,0.996462695745174,-45.03705404211517,3.1242100605683065,11.10986826783654,-11.108123848921194,0.1968692096531864,0.002110268101656204,-3.873566997967027e-05,8.599993674197828,L,0.5,0.0,0.0,0.5,7.574702497778966,12.262094309867972,10.5,-52.785714285714285,3.599993674197828
16360,9.482630071760449,-45.260446359824755,3.096950632216588,11.09072458651506,-11.08149386942372,0.45239968595717656,-0.0006034677650469731,-0.0002424001655063468,0.8853804208574583,-45.03514663491058,3.124143423864592,11.109866823400637,-11.108082216532638,0.1991238419916146,0.002585960050941059,-5.128297786601615e-05,8.600201249156788,L,0.5,0.0,0.0,0.5,7.593727604234158,12.349583335534682,10.5,-52.785714285714285,3.600201249156788
16370,9.371835835583141,-45.25547977964032,3.097337956343807,11.090675289331699,-11.081680660569777,0.44657822444290124,-0.001077928602091127,-0.00019472533889261734,0.774298263030657,-45.03323379900764,3.124066998949162,11.109865368714999,-11.108047998937835,0.20094318666242578,0.0025148486745155962,-5.3828024805909395e-05,8.600409617417013,L,0.5,0.0,0.0,0.5,7.614275152523806,12.437452632000484,10.5,-52.785714285714285,3.6004096174170126
16380,9.261040048617568,-45.25055831334859,3.097733003994015,11.090631034304886,-11.081856262918906,0.4410878677674966,-0.0013050712024705406,-0.00015554792525025347,0.6632162985248702,-45.031312032159065,3.123980493764608,11.109862689236543,-11.108005597335174,0.20312711109223539,0.0026788851504368906,-6.032668727649227e-05,8.600618708527515,L,0.5,0.0,0.0,0.5,7.636334021571342,12.525696303980432,10.5,-52.785714285714285,3.6006187085275148
16390,9.15024271167847,-45.245681319939365,3.098135910530083,11.09059072015076,-11.082031738788242,0.43563179680113545,-0.0014099007844690752,-0.00012015758595028002,0.5521346115350669,-45.029377030234,3.123886951658621,11.109859291697509,-11.107961514948592,0.20533987371783677,0.00291189319660411,-6.772364132930217e-05,8.600828474484103,L,0.5,0.0,0.0,0.5,7.6598917657072425,12.614309073737253,10.5,-52.785714285714285,3.6008284744841035
16400,9.03944381257445,-45.24084893475294,3.0985472793466284,11.090552850237653,-11.082210686665766,0.43008001611982194,-0.0014753145941221477,-8.58503097369106e-05,0.4410531268738871,-45.02743278612032,3.1237856653902014,11.109856198469396,-11.107922269227648,0.2072863031300944,0.002732476853022474,-6.717640028448977e-05,8.60103882309802,L,0.5,0.0,0.0,0.5,7.684934452600368,12.703280836985206,10.5,-52.785714285714285,3.601038823098021
16410,8.928643329884686,-45.236061855449044,3.0989675670019885,11.090516167591899,-11.08239297483789,0.4243993577764248,-0.0015417273964929087,-5.171659354674889e-05,0.3299719037347124,-45.02547668012944,3.1236760859104518,11.10985218226115,-11.107875806930249,0.20954848963075826,0.002727144784854853,-6.943546925656794e-05,8.601249700534941,L,0.5,0.0,0.0,0.5,7.711446920165225,12.792605644432202,10.5,-52.785714285714285,3.6012497005349413
16420,8.817841238824762,-45.23132106859134,3.0993969557873653,11.090479891978553,-11.082577329000955,0.4185976362746124,-0.0016208120213982388,-1.7934374497076546e-05,0.2188909583090639,-45.023508138483834,3.1235582229080117,11.109847711719834,-11.107827241361221,0.21187296590173219,0.002660064793916321,-7.014829646854681e-05,8.601461046862962,L,0.5,0.0,0.0,0.5,7.739413089938521,12.882276483573907,10.5,-52.785714285714285,3.601461046862962
16430,8.70703751478484,-45.226627656272825,3.0998354209505194,11.090443699864169,-11.082762601264184,0.4126918752250791,-0.0017100417788326397,1.4879521585601693e-05,0.10781038730628723,-45.02152225010158,3.1234350337794337,11.109842656464153,-11.107775863249282,0.2142877112835181,0.0027660815293123896,-7.365611854784987e-05,8.601672826700845,L,0.5,0.0,0.0,0.5,7.768816199704403,12.972289039026643,10.5,-52.785714285714285,3.6016728267008453
16440,8.596232134429775,-45.22198269822859,3.1002828326067005,11.090407591119298,-11.082948141883929,0.4066952439703583,-0.0018025048608815643,4.606496685317918e-05,-0.0032699453089508612,-45.019525833872876,3.123304018987013,11.109838561112682,-11.107730860182517,0.21639776277785477,0.0023415568074345323,-6.667458964803071e-05,8.601884956296232,L,0.5,0.0,0.0,0.5,7.799638941227134,13.062632300326957,10.5,-52.785714285714285,3.6018849562962316
16450,8.485425075539217,-45.217387239525834,3.1007390307324507,11.090371738722572,-11.083133733209337,0.40061447159783636,-0.0018917524047878766,7.508685137425683e-05,-0.1143500730780318,-45.017522056697196,3.123158202470625,11.109832726963596,-11.107672256418022,0.21908962803556525,0.0019785980189193364,-6.0660402143122634e-05,8.602097342978743,L,0.5,0.0,0.0,0.5,7.831863533306346,13.15329760861561,10.5,-52.785714285714285,3.602097342978743
16460,8.374616316547897,-45.21284229040761,3.101203864124024,11.09033637539971,-11.083319402135858,0.39445145424098876,-0.0019733347861974927,0.00010156832222061083,-0.2254298502950014,-45.01550589146692,3.1229943915864236,11.10982277044958,-11.107591534120228,0.22264838185046423,0.002113965604711045,-6.436709907757637e-05,8.602309906424907,L,0.5,0.0,0.0,0.5,7.865471763294593,13.244281179574497,10.5,-52.785714285714285,3.6023099064249067
16470,8.26380583643524,-45.208348836153654,3.1016772035364997,11.09030170886984,-11.083505240304211,0.38820559232241675,-0.00204473493863942,0.000125263690433588,-0.3365091337458448,-45.01347182434551,3.1228139739320198,11.109809437419855,-11.107499238684383,0.2265533014747716,0.0025018453032721088,-7.314580921101199e-05,8.602522573992593,L,0.5,0.0,0.0,0.5,7.9004450186908,13.335579593105837,10.5,-52.785714285714285,3.6025225739925926
16480,8.152993614944876,-45.20390784608778,3.102158941772075,11.090267886763465,-11.08369130277871,0.38187550966843803,-0.0021047937193466853,0.00014602314873368887,-0.4475878280552046,-45.01141584994437,3.122620170697447,11.109794339670243,-11.107404223141529,0.23043804700325238,0.0029193781878674467,-8.247861519159498e-05,8.602735281656447,L,0.5,0.0,0.0,0.5,7.936764319258287,13.427188664102289,10.5,-52.785714285714285,3.6027352816564466
16490,8.042179632672363,-45.19952027920815,3.1026489890337605,11.09023502012287,-11.083877598795661,0.3754599532246262,-0.0021531938150264125,0.0001637734909690006,-0.5586659805445644,-45.00934056215122,3.122412326320815,11.109779046702265,-11.10731065057931,0.23418065264264343,0.0030143611521060458,-8.52026517790666e-05,8.602947959111034,L,0.5,0.0,0.0,0.5,7.974410352019774,13.519100619411622,10.5,-52.785714285714285,3.6029479591110345
16500,7.9313638716439065,-45.19518708634762,3.103147268324043,11.090203148571616,-11.084064047008242,0.36895809844348554,-0.002190101185757875,0.00017849206402081053,-0.6697435139473495,-45.0072436369358,3.122189232480407,11.10976145708923,-11.107205450927736,0.23829961037858202,0.0032365725739476685,-9.050250005773988e-05,8.603160523822002,L,0.5,0.0,0.0,0.5,8.013363508803359,13.611310583528585,10.5,-52.785714285714285,3.6031605238220017
16510,7.820546315629306,-45.190909210573004,3.1036537120564707,11.090172273441754,-11.084250509770932,0.36236955067865645,-0.002215989413336614,0.0001902045460449554,-0.7808205556561301,-45.005132984721904,3.121942923002518,11.109741927628434,-11.107090572933261,0.2427029113179595,0.0030351070189834845,-8.73446225717141e-05,8.603372876990633,L,0.5,0.0,0.0,0.5,8.053603924708455,13.70380814920678,10.5,-52.785714285714285,3.6033728769906332
16520,7.709726950394113,-45.18668758683873,3.1041682599968854,11.090142367385287,-11.084436807402453,0.3556942388848355,-0.0022315539374131773,0.00019897946444533116,-0.8918966164085655,-45.00299022605797,3.121677140059541,11.109712760731918,-11.106936785559007,0.2483402254282991,0.004019726049581996,-0.00010976272862559357,8.603584875232709,L,0.5,0.0,0.0,0.5,8.09511151631529,13.796597490239913,10.5,-52.785714285714285,3.603584875232709
16530,7.598905441986094,-45.18253182266122,3.1046841848530575,11.090113302724626,-11.084621548114761,0.3489673370670142,-0.002619561995036733,0.00021854845889107477,-1.0029718028758992,-45.00081939803766,3.121394125967184,11.109685236676325,-11.10679594691029,0.2533571623637653,0.004262837687403102,-0.00011630417928681505,8.6037963446921,L,0.5,0.0,0.0,0.5,8.13785802290846,13.889670576004733,10.5,-52.785714285714285,3.6037963446920998
16540,7.488081721681544,-45.178439507691564,3.105196288705298,11.09009883409276,-11.084790271101683,0.3430988132230458,-0.002443512786986876,0.00021823550550005842,-1.1140457103378305,-44.99860250747916,3.121105341551381,11.109655161419562,-11.106644754959065,0.25861185741689097,0.005259125295320624,-0.00013877796512455195,8.604007072483473,L,0.5,0.0,0.0,0.5,8.181826279236772,13.98303141699055,10.5,-52.785714285714285,3.6040070724834727
16550,7.3772557804195475,-45.17440798726834,3.1057034446960463,11.09009653516945,-11.084956379349922,0.33761402116454897,-0.0019890414236647777,0.00020796095886580689,-1.225119006619728,-44.996364679282465,3.120803487265537,11.10963716546346,-11.106535582234791,0.2624982072309124,0.004279571235185548,-0.00011658480051207982,8.604217070495581,L,0.5,0.0,0.0,0.5,8.226999150947206,14.076660932572567,10.5,-52.785714285714285,3.604217070495581
16560,7.2664276325850246,-45.170435379943086,3.106206112413062,11.090102570196686,-11.085124612177955,0.3322459179127313,-0.0014152216598550306,0.00019274598263897485,-1.3361913552001896,-44.994096756526794,3.120481863285063,11.109609882116496,-11.106375381336171,0.2680627196577575,0.004362953626263172,-0.00011875428242972581,8.60442611445476,L,0.5,0.0,0.0,0.5,8.273358632864495,14.170558546439073,10.5,-52.785714285714285,3.6044261144547605
16570,7.155597302955478,-45.166520591294486,3.1067049583616195,11.090113439764474,-11.085294455892619,0.3268989645150062,-0.0008219605526883105,0.0001754658589183196,-1.4472628059558095,-44.991804281918405,3.1201327556072167,11.109577661894644,-11.106195633966603,0.27410648611372274,0.00411360056168193,-0.00011422096461441257,8.604634091131308,L,0.5,0.0,0.0,0.5,8.320885887517331,14.264715969897352,10.5,-52.785714285714285,3.6046340911313077
16580,7.04476482299529,-45.16266301209138,3.1072003613555434,11.090126671600592,-11.085463647096073,0.32156697756182995,-0.00025975911002068335,0.00015744752818785203,-1.5583326347239776,-44.9894626342467,3.119764825627404,11.109530795857108,-11.105967711733882,0.28134621024984263,0.005293540073981862,-0.00014426532273857643,8.604840744482217,L,0.5,0.0,0.0,0.5,8.369561568487,14.35914084277539,10.5,-52.785714285714285,3.6048407444822175
16590,6.933930229009815,-45.15886222590763,3.1076923675779105,11.09014088040297,-11.085630085884333,0.31627574380798434,0.0002518534533031494,0.00013919121390858105,-1.6694011102908208,-44.987079093849474,3.1193827006302834,11.109491897986144,-11.105774465769892,0.28737387994255864,0.005312766719115721,-0.0001461336127500653,8.60504616944338,L,0.5,0.0,0.0,0.5,8.419366125412706,14.453824208109761,10.5,-52.785714285714285,3.60504616944338
16600,6.823093560131641,-45.15511782809272,3.108180799074514,11.09015551259171,-11.085792482342544,0.3110535836569522,0.0007084365362419318,0.00012088795572850683,-1.780468238989254,-44.98465476085281,3.11898403873608,11.109453083027253,-11.105572650572737,0.29360501840835623,0.00523338479976452,-0.00014541215533429657,8.605250332708817,L,0.5,0.0,0.0,0.5,8.470279999304166,14.548760424148021,10.5,-52.785714285714285,3.605250332708817
16610,6.71225485635691,-45.15142934820311,3.108665369576459,11.09017051434411,-11.085950314066956,0.305921021288571,0.0011109594404535635,0.0001026782168203715,-1.8915342379745836,-44.982201694327614,3.1185559299332524,11.109411331465806,-11.105350267439084,0.3003590671038553,0.004605544955867739,-0.0001318345178294486,8.605453200068766,L,0.5,0.0,0.0,0.5,8.522283718599247,14.643938320507454,10.5,-52.785714285714285,3.605453200068766
16620,6.601414440442664,-45.147787552142,3.109152434587363,11.090186114337458,-11.086104559741845,0.30085501676797405,0.0018434139140350108,7.290390151709386e-05,-2.0025983918476284,-44.97970229121868,3.1180965448756557,11.109347083991237,-11.105049664302385,0.30897343892654755,0.005348397923359914,-0.0001553975019681253,8.605654505797666,L,0.5,0.0,0.0,0.5,8.575365540465736,14.739361919908209,10.5,-52.785714285714285,3.6056545057976663
16630,6.490572135291222,-45.14420383310461,3.1096401529558126,11.090189570489358,-11.08626570492209,0.29498716795689656,0.0015879388329900687,7.016787767948055e-05,-2.1136603991153713,-44.97714732114975,3.11761310092835,11.1092759528878,-11.1047359802232,0.3175704755599892,0.006135055764158445,-0.00018112441980547083,8.605854134502131,L,0.5,0.0,0.0,0.5,8.62949557040538,14.835031065161271,10.5,-52.785714285714285,3.605854134502131
16640,6.379727919948909,-45.14067775969378,3.1101241560381823,11.090196278931518,-11.086411700764046,0.28970520600873967,0.0015685684463379646,5.9841521449081084e-05,-2.2247199315148922,-44.97452219628789,3.1171205270806888,11.10920727715277,-11.104432613435213,0.32567262768069144,0.007099487268764239,-0.00021064749441303938,8.606051969388215,L,0.5,0.0,0.0,0.5,8.684654598649058,14.930948368854866,10.5,-52.785714285714285,3.606051969388215
16650,6.2688818053057,-45.13720784884532,3.1106025710866794,11.09020763957218,-11.086550077478787,0.28480320991916264,0.0016608150855958103,4.627627049389103e-05,-2.335777690438514,-44.971844181040886,3.116618055947866,11.109161813469079,-11.10419034470084,0.3323145896470076,0.006395867191230811,-0.00019227868369743316,8.606248322023413,L,0.5,0.0,0.0,0.5,8.740824440079958,15.02710068280198,10.5,-52.785714285714285,3.606248322023413
16660,6.1580340821807065,-45.13378389524515,3.111081586044361,11.090223329635082,-11.086686205719467,0.2800758416785224,0.002190315799848082,2.0254824183998308e-05,-2.4468335652905417,-44.9691116725809,3.1161002525588897,11.10911568911689,-11.103917938243068,0.3397908399984801,0.005998637938843257,-0.00018155393533999604,8.606443177725312,L,0.5,0.0,0.0,0.5,8.797994472156109,15.123484247321363,10.5,-52.785714285714285,3.6064431777253123
16670,6.047184847024644,-45.130407988897176,3.111566359976567,11.09022963990714,-11.08683134802551,0.2745252744533337,0.002173447676773819,8.145821108601567e-06,-2.5578875918103163,-44.96632894475891,3.1155597097981005,11.109066938124997,-11.10362055523459,0.34782007002729265,0.00540088876041863,-0.00016533032481906603,8.606636602664386,L,0.5,0.0,0.0,0.5,8.856143476968665,15.220092492186165,10.5,-52.785714285714285,3.606636602664386
16680,5.936334146278821,-45.12708273242689,3.1120580308603256,11.090227541710775,-11.086974485889291,0.2685957485889981,0.0018680090572065692,2.677011529360164e-06,-2.6689393842668467,-44.96348985061422,3.1149925492316433,11.109003221932877,-11.103268252538404,0.35691273035266846,0.005343082228889719,-0.0001664054915787522,8.606828403453251,L,0.5,0.0,0.0,0.5,8.915250040993238,15.316923960755663,10.5,-52.785714285714285,3.6068284034532514
16690,5.8254820053814855,-45.123810113472054,3.1125560454439536,11.09021970672082,-11.087111387716536,0.2625532702236399,0.0014215012268190092,2.43022801749581e-07,-2.779988517819893,-44.96058492264675,3.1144020689741416,11.10892738346567,-11.102880540246765,0.3664850885412829,0.005677823949573444,-0.00018059558827890316,8.607018379706632,L,0.5,0.0,0.0,0.5,8.975293534288179,15.413978869265712,10.5,-52.785714285714285,3.6070183797066324
16700,5.714628440880638,-45.120591388327,3.113059530794645,11.090208776280788,-11.087242087946496,0.2565026018644654,0.0009321586138051714,-1.2179509139758524e-06,-2.8910349460652305,-44.95761341711086,3.1137905669758115,11.108850654975013,-11.102490294777535,0.3758618481695188,0.005731225034615477,-0.0001865832804362197,8.607206524100741,L,0.5,0.0,0.0,0.5,9.03625420132033,15.511253338649649,10.5,-52.785714285714285,3.607206524100741
16710,5.603773219471384,-45.11743600574065,3.113561154336409,11.09019663115822,-11.087367299226388,0.2504948897652114,7.122738458147353e-05,7.68912708756098e-06,-3.0020783397709807,-44.95456588999026,3.113164152044627,11.108771555104838,-11.102085470317691,0.3853617433881456,0.0060754524703707305,-0.00020132756615411353,8.607392621132067,L,0.5,0.0,0.0,0.5,9.0981057624915,15.60874769765863,10.5,-52.785714285714285,3.6073926211320675
16720,5.492916266363347,-45.11434117589141,3.114055408432673,11.090197728900176,-11.087481862382226,0.2454213060184234,-0.0002000293332183424,4.154854384692819e-06,-3.113118993471323,-44.95144830999929,3.112523215141463,11.10870496198907,-11.101705418176783,0.3942876368145976,0.0056827769593099315,-0.00019101210754544543,8.607576719337223,L,0.5,0.0,0.0,0.5,9.160832544357648,15.706455109561013,10.5,-52.785714285714285,3.6075767193372226
